0.199145111440651 0.758336065870331 0.369001982948724 0.127591886395157 4
0.052296416261966 1.10176828258932 0.692417424963006 0.921165462988831 2
-0.0523508267245524 0.643097685875079 0.428562828698868 -0.0390709763611464 4
0.356458097267161 0.594113672826078 0.937954674260764 0.650088878913295 3
0.404854199693027 0.26152287862188 0.947235379120046 0.54340132038942 3
0.216518773142426 0.316678559162811 0.90820958432164 0.743931765316853 3
0.0521555444511545 0.983442127025466 0.681333499195698 0.0727195433655842 4
0.344170028428179 0.28110270690469 0.990372729522594 0.615629709091865 3
1.05365062078713 0.15476599675689 0.0296087259183066 0.284680727668448 1
0.269466988508214 0.592335191600316 0.900235493769395 0.606770918109577 3
0.209166101777935 0.86566247231716 0.537749667923955 0.872189047875396 2
0.29908015326987 0.317509403249204 1.0050070849648 0.732713497883048 3
-0.163015238576737 0.919856696905256 0.338114871254938 0.240795194161483 4
1.08796304131994 0.412176885929498 0.286197720824342 0.3985500675791 1
0.997035552036751 0.363055096889253 -0.031915907234365 0.142367803776954 1
0.0853327622867597 1.1210011598319 0.668566117117091 1.03758208820697 2
0.465715098232893 0.355073585921798 0.775301829035518 0.53533533040524 3
0.152420029848881 0.424352263874377 1.01899953593583 0.67589177762086 3
0.165192975887575 0.413111512075929 0.946655283316546 0.404462825011831 3
0.0470875151431615 0.680494471951844 0.84508985771121 0.735046255120146 2
0.504786412950268 0.541123716302354 0.946095005625497 0.706104903428395 3
0.236288090414951 0.445435158707873 0.878310853200887 0.702985627826619 3
0.511160418535319 0.430357862057631 0.874819505094159 0.792605141375551 3
0.415977855332277 0.433609740586727 0.924220584482338 0.615618641213095 3
0.129973671335819 0.809254324963259 0.740812363900435 0.808788071655876 2
0.335389537460144 0.186290700921324 0.92924981140886 0.654806552747526 3
0.0301725604997262 0.924458684661413 0.236555443668717 0.191649864952332 4
-0.201884265786449 1.00025833399473 0.644305471876835 0.881827131227312 2
0.0559163605701612 1.00623119534904 0.726835662958363 0.863674639602017 2
-0.0205111321265061 0.955044575891477 0.31833958908412 -0.0270031579121032 4
0.217006265162773 0.327484610274006 0.942267888572506 0.573513377069809 3
0.348183737513965 0.787085162878253 0.74649648624192 0.834193462649796 2
0.572562127806912 0.250441609894116 -0.0365098041760198 0.504445744928584 1
0.430117788928054 0.526437450819943 0.871248562995858 0.750608661641552 3
0.016426798732124 0.833820813188739 0.811446448960912 0.802302991852321 2
0.104007850649428 0.841536874106454 0.319548042307299 0.928641752117384 2
0.966723760875895 0.156151704128375 0.0626305886325888 0.573055397207998 1
-0.00374985674941983 0.879600309316405 0.493441438768455 0.956885276103722 2
1.15496294342919 0.347351656550235 -0.0498392632837142 0.0109513852076693 1
-0.0583790788714972 0.706128236552517 0.564262054515349 0.0986270969920626 4
-0.013603060639562 0.963211083706594 0.311524449171332 0.766554399474108 2
0.757358270718375 0.404508964595208 0.216103349035601 0.42891018972933 1
0.323374341661646 0.951763326629258 0.851492913705272 1.07084014050567 2
0.266711548543254 0.723868903628766 0.808270910150001 0.673126981265522 3
0.883091283579405 0.571180677932945 0.149198643640809 0.461156184056912 1
0.303062686909108 0.320236096966356 1.14452651523931 0.617885553662355 3
0.086644024612501 1.02894442944162 0.443491037297346 0.828588320545961 2
0.0694366370564612 1.10238417684604 0.522515875339947 0.82810594979349 2
0.524828048676797 0.392172000217684 0.759783167020449 0.398203056727127 3
0.0112568092845351 0.751865985359445 0.388293953344032 0.473284515847533 4
0.215002596754296 -0.0206356118442812 0.836866501797156 0.6875908702198 3
0.0618412296073712 0.935076853109013 0.325802208350924 -0.0476178425508796 4
-0.232834797988168 0.969381223985203 0.141497332722336 0.0617978554202753 4
0.429614712412576 0.35400991591154 0.731542934117564 0.705674226590924 3
0.509289578395008 0.319629561606616 0.835366482587905 0.709651080262598 3
-0.0280366612432024 1.08705772601826 0.713637147744799 0.970717890512006 2
0.391880139499218 0.180866190829558 0.957722244391185 0.554553822805287 3
-0.032030244075981 0.765528944319254 0.732434335930131 0.98911568982719 2
1.13738993552791 0.487631644801467 -0.0243426578308077 0.119137435581651 1
0.506304109009595 0.466675754725918 0.787420819155776 0.749975005533943 3
0.329857480407248 0.323665602565376 0.831665013179001 0.853940841500211 3
0.749830403176782 0.40974073484605 -0.0725249430879252 0.459782244930395 1
0.0115642055696073 1.06269089529526 0.503085567809302 0.930826140466362 2
0.400785477839991 0.400209103874354 0.9340887950924 0.730932699913171 3
-0.0806766828726245 0.910883842194568 0.67825967292562 0.884492089958557 2
0.532341848888458 0.304307232414252 0.68523387536078 0.568577924361244 3
0.0953859714099026 0.883900359973282 0.18292356143155 0.603828780076763 2
0.28155487218169 0.286019440599718 1.05590216424947 0.862384122054038 3
0.885686894623544 0.182257865216955 0.0410890790529515 0.1734403317474 1
0.200130349061999 0.531911953314045 0.644730753854904 0.286892199210458 4
0.978705812063038 0.476511057832047 -0.231533206141381 0.306746849801227 1
0.271587376824317 0.271302278670353 0.893518274678735 0.661081679854439 3
0.0784971443896546 0.850334530262895 0.656019305062739 0.910636859222038 2
0.228181532798371 0.660516701059097 0.436751669521494 -0.0368968727488039 4
0.50247999624637 0.381248740713652 0.883284203807384 0.510151161274896 3
0.169029820336021 0.457748424502848 0.950638166287076 0.474482713602079 3
0.737542953217635 0.398901088860068 0.306183873105973 0.440347911692841 1
0.983920861806936 0.15080104857707 0.135357517681501 0.364065010727187 1
0.477899604403668 0.121288742929793 0.787576892826893 0.709354690970593 3
0.840363370061817 0.670408273641967 -0.0231602986227972 0.451852522989007 1
0.024808849654745 0.689001395986387 0.0933487624651844 -0.052070299287085 4
0.341173378210305 0.432542171347975 0.907446814709863 0.63379642025445 3
0.334212192125617 0.279048567056981 0.806457330105829 0.519914876238944 3
0.318214277073663 0.508072684179932 0.73940576916075 0.601633996408042 3
0.334425069407046 0.665040370244697 0.962373477507073 0.733139711080001 3
0.150325000427991 0.712674460300098 0.513404330275909 0.300745985585438 4
0.688231058029902 0.325804427072471 0.0434121062679731 0.00649629365114324 1
0.590389416296909 0.386660686027806 0.744053487590672 0.614782280706159 3
0.459502264632155 0.504971267007317 1.01230362101866 0.955424125448292 3
-0.0237309015452456 0.762234669508324 0.482137451029983 0.825764812987418 2
0.425016630950359 0.423333547205845 0.677867043588869 0.5388950149416 3
0.214721220703938 0.714912583246785 0.560599900315351 0.00793728670499926 4
0.202201352308985 0.938257663078409 0.708748669242982 0.821129911134248 2
0.737377432424456 0.263182172400311 0.247056065315592 0.363057197093282 1
0.325156334569962 0.696501776671875 0.760569071958848 0.777829838057455 3
-0.0225708999200131 0.844155520935608 0.581574531674017 0.133702058964288 4
0.112386721590163 0.856893369654094 0.639542814758051 0.938284723717422 2
0.120407318222164 0.775694100148615 0.618473632017901 1.11331859893862 2
0.350701555908856 0.443100479442079 0.908627631948784 0.795035019803276 3
0.571197274689635 0.401498371486417 0.89097014130494 0.527765266005925 3
-0.164009423555926 0.740486876597453 0.198858421954214 0.210586941212516 4
0.747890679976466 0.272499932687025 0.249351651723517 0.276006264517741 1
0.333600641198454 0.33921462092728 0.767479791106059 0.682463424665899 3
0.33275395844993 0.435531904792668 0.831047704384816 0.40999959956875 3
-0.0203058919884788 1.15113306150665 0.306072995163631 -0.0394558536303745 4
0.341184697062063 0.921613604570194 0.684382608802341 0.903996188675325 2
0.445247275559992 0.347476846810264 0.922160268192417 0.421606785540734 3
0.329788056238157 1.01402441646732 0.49867727763542 1.14733299298578 2
0.243888214691791 0.278403924029673 1.00711194926432 0.646515493072677 3
-0.00548897339953217 0.888769579004536 0.828496963710891 0.861549889718401 2
0.0194626956673936 0.832154511009849 0.597545473477489 1.09038714840766 2
0.0632089366369699 0.855410363246547 0.799523231457526 0.874637654363996 2
0.174174515634301 0.820190872236853 0.69437137717167 0.708718192966757 2
0.968576600813757 0.0489255358298726 -0.355765847211135 0.425303568724032 1
0.458701225585444 0.392891467967859 0.834799587685984 0.673470946672296 3
0.00373588340836399 0.811548333750195 0.689939443538621 0.881005617270912 2
0.186698747201067 0.828028846442149 0.530846299631368 1.02721550674894 2
0.2969400584162 0.897010536444162 0.413507333641915 -0.0941795599949506 4
0.34401744488482 0.43504311999408 0.811308958900765 0.657524122675636 3
0.0147889129508484 0.794813174957541 0.463384040492104 1.0385862362048 2
0.364070804002234 0.386946912913816 0.691284437694152 0.699825784500911 3
0.429386654504015 0.365865777124204 0.941830970548459 0.669161990331335 3
0.450342964012554 0.373226131247103 0.850652523464177 0.701889109037985 3
0.324678394679784 0.539617344206821 0.790346450554603 0.520949660992847 3
0.632511332270262 0.413070254832095 0.369939020620107 0.62121478891765 1
0.375785047288796 0.190543219666957 0.784915407610538 0.681803673938377 3
0.160518958378763 0.912968548629576 0.190102367277476 0.0633742983294186 4
0.246307582254469 0.381335686403169 0.988074628108782 0.596052377050184 3
1.17342649200699 0.65892755625042 0.233372596322388 0.258486313178411 1
0.650671218490955 0.531063352942998 0.150265274860226 0.232157578706111 1
0.313977549833588 0.588997908286022 0.820103446223983 0.780398279666044 3
0.0372874259812376 0.694920219602239 0.174755530941022 0.268668460142914 4
0.914708158132622 0.214908383406111 0.0889798181282395 0.00254667725302654 1
0.172125866608519 0.84526818230954 0.259614395057538 -0.0222934922763092 4
0.862764955480275 0.284672537276412 -0.425462983511739 0.0378170876620018 1
1.21030930039252 0.524608655970004 -0.0776589615656559 0.485118624109179 1
0.797107625266047 0.216084334591762 0.191355910866333 0.238562074667789 1
0.417658183436451 0.588824873091798 0.875583171870235 0.560336498664854 3
0.0836755857351139 0.863714736689963 0.891372459532696 0.939113333797966 2
-0.0174955026681493 0.977783198979083 0.519956077622226 0.198665907075812 4
0.215218405919261 0.979543350644183 0.872941928061912 0.856206309678664 2
0.475332213285542 0.371216353397965 0.753300394800846 0.431397462033829 3
0.0841973840730361 1.10548216711454 0.69426040587055 0.62096333863975 2
-0.113794942376959 0.935887743395744 0.185882632557468 0.408199332312462 4
0.345957176256892 0.86327230973897 0.801578364515404 0.860789909889248 2
0.100789549270817 0.618880546575802 0.325019501012804 0.0819257182016486 4
0.333719886073511 0.475444553467721 0.921236511118318 0.607630067219483 3
0.120771513300539 0.951102343983056 0.43447359880448 0.727005858048936 2
0.495449209644609 0.257952847097663 0.824602855763759 0.58910515045121 3
0.279589847809126 0.856201970127945 0.423234244217431 0.0271136995164904 4
0.694619343802317 0.426511164841736 0.249986093892419 0.308987368200241 1
0.932546871802386 0.382670140881545 0.110796275464169 0.257505832730381 1
0.476579553198948 0.238934284938572 1.06440800187567 0.629812959077814 3
-0.0274338629344448 0.77261599690764 0.541863885101764 0.788202564498678 2
0.130410437419879 0.870701885185957 0.274338401212965 0.248488990940142 4
0.679830112286132 0.65566003778926 0.27513297554223 0.547853854452614 1
0.401803793218592 0.603185994131578 0.9535333980317 0.500066580671889 3
0.222027968621837 0.917018902648345 0.704287680581699 0.941279746569507 2
1.20741636216074 0.209432031695935 -0.0628315270892532 0.641104360898578 1
0.788770067350036 0.564180975832956 0.32437772655545 0.358456567659103 1
-0.00215319458839858 0.707038252480313 0.369814154947807 0.228455560650014 4
0.25902294508362 0.161363115912489 0.850335912516482 0.734950320478422 3
0.473239539430227 0.299767211659684 0.834156500346625 0.471234820969556 3
0.2548309483477 0.903663818745973 0.37749570898894 -0.0548900763316958 4
0.140036513864263 0.406634491143485 0.914409610706386 0.523136799510527 3
0.27831175408291 0.266732759454286 0.930923213158253 0.684037145300255 3
0.494272456772547 0.413590303180902 0.940093239183062 0.721508755006726 3
0.326855932359612 0.279707232211237 1.04448411014941 0.60066219983209 3
0.203558241587286 0.942352547899193 0.636060302045568 0.79954654618299 2
0.370799256011296 0.470186059250026 0.905224985326254 0.708452680536867 3
0.283022293736123 0.718111128925748 0.527282863303955 0.185614607923842 4
0.218191633943389 0.884746517377512 0.383578184594983 0.0720438769617957 4
0.486251796658853 0.443684817282947 0.876513686444448 0.667689664840674 3
0.303149775030563 0.725020575220053 0.617135839357802 0.745175927016406 2
0.512502357041843 0.467026071338268 0.966669335929742 0.574154959232077 3
0.329869109099248 0.436948524429936 1.03503004801761 0.572566701125443 3
0.758411470790303 0.21199598308495 -0.206857404231779 0.766216241229596 1
0.457973584802595 0.46488972209947 1.07997184000001 0.570140690267368 3
1.00744772810603 0.288596630833883 0.0355659376950306 0.287640959323462 1
0.104743435836794 1.05627375031847 0.48493807462501 0.832887712408053 2
0.210788751817253 0.999736838080095 0.328691187673192 -0.242085537331397 4
-0.0203645570441524 0.95544808892466 0.86688883183076 1.0360355131382 2
0.675910691869869 0.15123131044789 0.385721478318644 0.314042316235555 1
0.260181638028812 0.412753880230213 0.909977431041781 0.58847802239055 3
0.846381751868243 0.294987839187955 0.0257186240048414 0.590097940136519 1
-0.045416269324753 0.950081032297484 0.836032802476792 0.902640975398268 2
0.204251048644518 0.348716471732126 0.628572431494313 0.564198017758458 3
0.187290410508039 0.594181103223319 0.188314424919148 0.057633223607847 4
-0.00804408591650951 0.75286166717558 0.740878575498044 0.838466463532086 2
0.174759243482154 0.354369899423112 0.835220854464631 0.772101689613807 3
0.256092392053481 0.759189476746424 0.827946496439848 0.717201587195518 2
0.0608089911217603 0.894714530746105 0.262650547066854 0.20073231261003 4
-0.00917516471747021 0.993027881450553 0.753982014057605 0.941443059103221 2
0.772325293122947 0.0327267200400597 -0.0630226720733791 0.331218152135857 1
0.0966642726881872 0.5926195684062 0.548922787885052 0.903065213341194 2
0.389636099995666 0.516055089337495 1.00407696758733 0.506414628016605 3
0.151716460513802 0.340469520602465 0.811962487724525 0.72883451279948 3
0.247583550218351 0.228590778255119 0.645593298501297 0.718707413749151 3
0.146798984489072 0.945382013953143 0.333873838498151 0.161750452298776 4
0.363111313454618 0.577906329050597 0.840782364994727 0.770831628861 3
0.174366441641044 0.719308594211052 0.708232273265905 0.758325606103551 2
0.222531305738883 0.859133444238041 0.481018775933981 0.708654394742191 2
-0.0115221453075618 0.734482360894846 0.463058374647261 -0.0184140644248103 4
1.04283028801744 0.372656924061883 0.212979535442913 0.570419195598853 1
0.487365696724406 0.323286287809058 0.791886463202677 0.853050866765698 3
0.122918417002961 0.756094605792272 0.659398883214897 1.00389143957273 2
0.20960151124486 0.992472123308425 0.577821539716849 0.784561484340351 2
0.492455069898242 0.138760340552291 0.975840047571901 0.682423702611804 3
0.333813917907071 0.47760915877026 0.933746625596129 0.554934278892185 3
0.129747466665928 0.522662724664777 0.893530557124078 0.686526345934237 3
-0.218837736916169 0.882066094631715 0.683945362479106 0.789969498061322 2
0.419262278097174 0.176564758377559 0.775220124208734 0.888282281228154 3
1.01944941944629 0.234219922017377 0.161822737214014 0.588642614577799 1
0.161900381480696 0.8450267083648 0.325632569097635 0.0180628131405975 4
0.223556620379074 0.435098250285431 0.932244161609941 0.542984666773873 3
0.331365561563819 0.394192272056393 0.933108036254899 0.883770489563958 3
0.8369306246967 0.691989199069193 -0.0976016985121472 0.215411682619568 1
1.02796466411043 0.293039315988138 0.227166899570068 0.422298865520899 1
0.425391391559487 0.348203415558444 0.967013530803862 0.731485172163144 3
0.822786959149775 0.343812596481056 0.150895711428868 0.461304589470096 1
0.589913180009299 0.258220544885781 1.17384211881512 0.754175472946997 3
0.4519340832243 0.466979523785852 0.864483316879463 0.699448302801474 3
0.504647840090853 0.531413106849044 0.770795118453243 0.679953314115003 3
0.305686608670226 0.303526646409688 0.936313301610039 0.563114140609737 3
0.558569379592118 0.327193571398352 0.986585605107086 0.783381570807066 3
0.294612520109254 0.322773196215265 0.775130266270428 0.758992608217231 3
0.56180845452429 0.267486438701266 0.665954765342084 0.666274999611802 3
0.0735842181181016 0.696285810200335 0.564116400774019 0.976115290003159 2
0.28722291696739 0.948600847698674 0.617671172889843 0.753553668821162 2
0.115390994035685 0.986895859031967 0.367143094500397 0.0448420955939121 4
0.252590299054051 0.776835985759893 0.358659274230104 1.09176077043345 2
0.0915954340145874 0.806160075677824 0.266039483312945 0.152216901546346 4
-0.106987227691693 0.866192027435574 0.521694127721367 0.782698650707325 2
0.185361084949226 0.86306501140917 0.362331146617387 0.0454450039085684 4
0.187381732258436 0.331090888571621 0.824349284123557 0.795713622794998 3
0.815005494733446 0.472575711115637 0.157280476021843 0.256115542294321 1
0.266376928697488 0.746271838914739 0.636338239426978 0.928076818252621 2
0.313163306252116 0.479567364941368 0.909098045607404 0.53356280076335 3
0.319327864100253 0.415751054738402 0.792038302298504 0.638711261573756 3
0.206551336534917 0.109894088564782 0.9786576670902 0.438613519189042 3
1.0050510375631 0.322117638732095 -0.0377439564695789 0.868480684212308 1
0.47270477271266 0.321430390556881 0.880656826213838 0.76942503640697 3
0.79509521611857 0.449443179786843 0.297450702188918 0.682739635501698 1
0.818559886204814 0.30198982829944 0.428168265693588 0.353502091669146 1
-0.166536111014181 1.02030721398094 0.416853562038927 1.13004719750051 2
0.796141781206797 0.428048309895951 0.0338485508688811 0.434825478083193 1
1.04987474361579 0.270437112934816 0.148303298528543 0.487785556008264 1
0.363203069367484 0.382534528243184 0.790483940818974 0.396691478902588 3
0.905999078728384 0.512532448244963 0.261080883215147 0.389632143133062 1
0.207074177334248 0.933851768549172 0.771193706466039 0.741200652158474 2
0.519538908486873 0.309135171623377 0.878121152638885 0.547806072063146 3
0.86545659542778 0.198192929715694 0.0746563469458691 0.345974534749649 1
0.181076777594488 0.932703517876408 0.632160598528368 1.00940207155281 2
0.356393637656519 0.190524806525566 0.899796183220369 0.722709008185933 3
0.641832868577123 0.274355022007731 0.783598338360144 0.578272379521433 3
0.937403221372937 0.300040307021154 0.280263053832203 0.061798499444509 1
0.304011682398029 0.597950604996414 0.431099787796668 -0.101259544905645 4
0.362259210608988 0.197221003353715 0.68637869142981 0.632331347785674 3
0.336870346221741 1.03294043641872 0.0870826013872969 -0.00735546200882267 4
0.180992239975513 0.783411450008903 0.606897937336608 -0.206627894803033 4
0.231418914676699 0.829089010497241 0.183934316816215 0.250824056313811 4
0.363954520458727 0.232094121813662 0.898426169160883 0.505292130438813 3
0.939073572140652 0.0796023754937409 -0.215235271092656 0.111806550216527 1
0.315731675651739 0.690178690202682 0.561820154316212 0.884841317312396 2
0.379893047618241 0.304068983246119 0.666128905531763 0.606381149360399 3
0.466587919811315 0.325922507891532 0.811413230321396 0.4868501532696 3
0.409950686249974 0.537482339179646 0.902253781177161 0.782114889142326 3
0.0300380132319655 0.933901333673305 0.434921690306476 0.354660484688989 4
0.497744748915291 0.456976526873186 0.0532881570102312 0.538439790030463 1
0.719972725807497 0.485736294988774 0.265348202841758 0.409240155826348 1
0.385289009476494 0.474483005541005 0.875437328742495 0.689274833693346 3
0.765718354163178 0.519177925567896 0.0589816524343901 0.359251395505797 1
0.0775890846093213 0.733535303464278 0.677136926319877 0.945146713900069 2
1.01536633116053 0.676567418909068 0.281903413395712 0.378799913108621 1
0.426416002191898 0.33769464318949 0.867517872600788 0.584326724691578 3
-0.167165206739467 0.943803699447716 0.623062485119129 0.853529943370541 2
