0.385131021832674 0.558838777417456 0.174051190624504 0.0999384484870396 4
0.930041555483317 0.0792561331989252 0.291246635767256 0.883398754751673 3
0.617857565359166 0.134261938310522 0.370217829995469 0.578677866580784 2
0.864540423025916 -0.00425364659423699 0.421902009715344 0.828520097088994 3
0.307895588149398 0.71367560447735 0.413560293513404 0.162633453296302 1
0.890974050816349 0.0725324541876842 0.23929907390052 0.859248398428905 3
0.846419780769002 0.138909888323828 0.463992759132736 0.800385782085654 3
0.608862699784279 0.159866800746794 0.314795027923911 0.586701252876147 2
0.618050809146043 0.118876043728584 0.250276084871889 0.663325935170334 2
0.883721783648448 0.202861754150311 0.359167109063281 0.868640501827809 3
0.82779407632123 0.179168162911073 0.35417907753174 0.92908233659313 3
0.96918288362016 0.129704402959321 0.383846860394392 0.965234559923511 3
0.614766845482358 0.115718990242612 0.402926392629936 0.538848247977295 2
0.343561310716811 0.515127975845011 0.190808011393887 0.16255452000457 4
0.790638930310374 0.101534820203668 0.409884865440639 0.754449305215899 3
0.38063229860049 0.913261943571645 0.466324638430904 0.196657920111044 1
0.851281589888883 0.117362474247883 0.422470557225657 0.802361949243783 3
0.937630990127578 0.109811911012243 0.411114357775504 0.786699253765502 3
0.655269815448484 0.0903946676392622 0.475759287582941 0.747254080334566 2
0.936682766986494 0.156407093075741 0.357968831132419 0.989400444113229 3
0.922234947962452 0.165391321422369 0.396771493197561 0.899883945556235 3
0.534133922099988 0.12277379766693 0.395301493434325 0.654493884788877 2
0.602254299456946 0.120590937904037 0.354301087140177 0.618387393055415 2
0.567433583463492 0.136872404450523 0.410403802469924 0.71638028539139 2
0.90941772435081 0.0416953204714023 0.373941963530338 0.909146372118326 3
0.927792062395641 0.0961967891269404 0.323146844269502 0.858684690635705 3
0.751844877672155 0.140163150816379 0.295649964292784 0.539306178361186 2
0.362460272815334 0.579441792314975 0.111358354130262 0.0502628619968478 4
0.302355179922244 0.585668563952457 0.0872544505200682 0.166949275444933 4
0.432492810283878 0.617309252296113 0.0396658279825089 0.19772422364679 4
0.685414927056027 0.128462252435298 0.480557477781462 0.715177500533327 2
0.875268354349845 0.101329884525295 0.316987278027127 0.87630431334554 3
0.369115515518504 0.808187982938578 0.314442854144401 -0.00890497145214172 1
0.542132839314354 0.139065316145227 0.298365377428358 0.682610871217595 2
0.394504654954073 0.904248702105306 0.376652453011155 0.0418309735733502 1
0.895438294022964 0.196045650027192 0.367412621244896 0.787557827566925 3
0.854217636748084 0.157127168989683 0.225456211040666 0.842729587352044 3
0.603879787112705 0.195763576139449 0.291349202608383 0.66758349273657 2
0.670583104019706 0.160591928217518 0.37952078352892 0.663706034131349 2
0.483870594866205 0.91589658169125 0.311705406884532 0.16243261862568 1
0.648440096284845 0.154234456335931 0.395167463288876 0.570770425615923 2
0.38352328985231 0.66516430076409 0.133537513233644 0.161124345454821 4
0.84132441360887 0.149754049119059 0.368153969595836 0.893522081041964 3
0.854686691372923 0.157978657271249 0.427320145556803 1.01254744725917 3
0.290238120894724 0.645907270956023 0.193940424209655 0.1118008392907 4
0.592168586517664 0.154837474850453 0.322298792047369 0.731870237539207 2
0.813765797505502 0.115567709101887 0.298535697298104 0.837234183163475 3
0.926402166617724 0.131077681327984 0.35903710232404 0.839565565344438 3
0.627007345465037 0.101184874386921 0.467550910487462 0.690996652648224 2
0.992417822049834 0.104462830233431 0.342724086063569 0.864440553596853 3
0.905083870011286 0.0936555111006359 0.323668820044687 0.946175439550584 3
0.572601157485071 0.0390314540071411 0.316016670053781 0.425034295445319 2
0.827823006458604 0.0582832740472918 0.414060707945962 0.790678675189497 3
0.643735440078457 0.0250271973502155 0.383726821524206 0.577942471718408 2
0.399688452829165 0.913511385111939 0.348811181532563 0.112465018367015 1
0.535241152879744 0.104091058192459 0.262549985359514 0.523069780547122 2
0.693098442667483 0.156783229459103 0.279105533851838 0.517036201066418 2
0.891591596034184 0.152407901070814 0.350650776812899 0.79606015701224 3
0.955778481049093 0.180117562703748 0.453922533972724 0.952504169658579 3
0.77944887501801 0.281133566010149 0.375133245643827 0.858725551061452 3
0.332403588630214 0.48063637974185 0.287214001928996 0.090430361939171 4
0.893886761102863 0.176387883060019 0.350805827122908 0.962695140960583 3
0.836633374431479 0.0352627882993515 0.418743107974097 0.92689509200398 3
0.522491713373582 0.0902037437920641 0.322413539863708 0.631092308178891 2
0.834150366629427 0.185723670104842 0.409550393017861 0.972421299483593 3
0.830248153730244 0.132375146252302 0.41568375765431 0.913261974356152 3
0.910104202211224 0.157946659362883 0.371716599971142 0.84407613239774 3
0.92125983152056 0.0621421994186929 0.4809939219012 0.876031428709059 3
0.582223659138944 0.0556686513511667 0.380938374898207 0.602843206615458 2
0.951968685482465 0.089108073307233 0.346279273144064 0.95937503566673 3
0.40958807892599 0.679733834265517 0.346869710455852 0.0816076817194053 4
0.609829190386924 0.159966519376599 0.44427605502965 0.597191743904256 2
0.758675581741945 0.011769320158469 0.407877688860747 0.859158351720273 3
0.638943114322195 0.256806179241598 0.312371483526407 0.490332157397596 2
0.624131931572251 0.154265568146115 0.278155060436329 0.597702628337661 2
0.917158476227864 0.179448636847526 0.411575585403725 0.913329526433484 3
0.561263234909478 0.205632769174212 0.375107033660795 0.713768417594187 2
0.577404426442264 0.0816213816057927 0.389947415272616 0.578978595075121 2
0.60970696962262 0.198458229616243 0.395198257900196 0.63145094405658 2
0.629642066672661 -0.0434463777669097 0.37214123318145 0.631859482763678 2
0.638048860662032 0.0816250525161472 0.36152448919965 0.5490079892661 2
0.655618947912268 0.155373581853734 0.292304488325677 0.729763522460957 2
0.646919915204348 0.0619820114177737 0.339806550833246 0.64102421551431 2
0.640022641269903 0.186109520301874 0.315014139654476 0.618583646485314 2
0.85179188398916 0.128452320445127 0.441579227160582 0.858640429909802 3
0.792713336723307 0.195827959709866 0.365010185600325 0.988539017900039 3
0.787427719068255 0.0962837122230649 0.427931749327721 0.906071588465879 3
0.333875378588777 0.615132631787647 0.0735816691744831 0.146546160196585 4
0.36067108347227 0.632167793470933 0.209129677159553 0.0768999589384469 4
0.400608492273588 0.860830893116695 0.367384838871753 0.0213397526154423 1
0.591244897699498 0.0710557733155023 0.357720018790548 0.698324173081352 2
0.6170187413942 0.14683996878214 0.361373513563435 0.702918123858665 2
0.35182315190584 0.92626379565229 0.345250714555158 0.164932163984125 1
0.318024109802841 0.888069567235002 0.40542573127148 0.100508379815015 1
0.85286918007869 0.175986480569405 0.227049891327085 0.929305381832179 3
0.298083138257689 0.557442889384668 0.130877406171463 0.131849083670593 4
0.625137597876232 0.211932832969464 0.427533049225511 0.676926727622797 2
0.660333065944443 0.158544432591985 0.273302555702578 0.63377571072739 2
0.600921976571079 0.0409652743711843 0.309914964255783 0.654814510333177 2
0.938636663191495 0.0150566188381991 0.429789634285989 0.883173790651733 3
0.551914122498061 0.0402250349365747 0.403728220518258 0.654586306482049 2
0.843043787786771 0.195826341901339 0.255459164902826 0.860154092280361 3
0.480479876175726 0.890451522110302 0.285643392798204 0.197884146506086 1
0.937475203714336 0.136881472459956 0.358211594337257 0.923794079974961 3
0.88908144144373 0.187069788854784 0.481674731218205 0.769461870164763 3
0.969236386486705 0.129362439317616 0.395786923188605 0.825908330605724 3
0.836992006362892 0.182895849026711 0.327831217174577 0.853444853287401 3
0.647539137984099 0.0284594468834815 0.388062534901217 0.507514561093379 2
0.424712600933119 0.584414922189372 0.16103881733037 0.249638287082599 4
0.711446932217493 0.0633162928555872 0.404079583903822 0.672007709041678 2
0.914355608427152 0.0036001400517201 0.400250906395878 0.837029474225203 3
0.734385417417771 0.200709345431268 0.295839648900012 0.541466575827448 2
0.779237585028342 0.0807544138518409 0.317053776142407 0.751530628304223 2
0.839542977656557 0.0824150127671993 0.441722420232721 0.884133484450937 3
0.549848463756639 0.240638114432288 0.440229759091485 0.650851554073174 2
0.780866479861539 0.102491561198874 0.37436623819876 0.854603628732672 3
0.666194423429491 0.0990164646535714 0.361635667949766 0.704997853561711 2
0.347013305195564 0.613841967944727 0.118425525746719 0.289493833079437 4
0.874394381046472 0.10627237580738 0.328943437482251 0.944268013616645 3
0.815492752668805 0.132184349443143 0.342660969103813 0.904150764153796 3
0.605562250139861 0.184333745979072 0.428576995940147 0.649375257077669 2
0.861768491470488 0.0924487350614121 0.447948600551865 0.87294899350539 3
0.904710714451682 0.0740313533332007 0.370890044748811 0.872421815491725 3
0.985118429249719 0.0381762731260044 0.418845161058679 0.887973273951543 3
0.578600877989296 0.117902295919258 0.353603649448477 0.669882672573988 2
0.849855442630035 0.222424503635756 0.460411398513456 0.94956348646166 3
0.549524166146913 0.130604809902226 0.3907460860105 0.702063272229007 2
0.857375839645073 0.193456209198169 0.270292108500501 0.854999592748531 3
0.838279851824572 0.0807918911273165 0.297558497322017 0.835290089045907 3
0.875050273474741 0.0979184405749413 0.404269957611979 0.882466974569238 3
0.985541610225645 0.178524231244704 0.345202895532106 0.841684589685538 3
0.618870065475007 0.111357045128281 0.383642214561887 0.681024080233012 2
1.00996178064971 0.0884263965409795 0.342844134343004 0.848817610726384 3
0.83986919354691 0.184135780855892 0.489822172837476 0.756711547892313 3
0.389738772050518 0.589658462461235 0.015659444532061 0.159993172349226 4
0.88538958045607 0.102059310178936 0.326636383466821 0.954168906206007 3
0.824892836855659 0.136568239339629 0.49065343195758 0.880138109899099 3
0.862585589209291 0.176413843627745 0.366217345027624 0.832125711634316 3
0.934027986286687 0.172623426855381 0.299049588949521 0.890715349744047 3
0.966591237459214 0.171281419204603 0.401292412888145 0.93992995219763 3
0.60531025428012 0.115841318988678 0.382539729222871 0.597372098935729 2
0.597048814456657 0.161200846146035 0.406075649730171 0.650918139440833 2
0.577756603156328 0.0264938444090071 0.318422436518288 0.674161223685946 2
0.698007317136544 0.142236985719572 0.357399958714922 0.67874952763626 2
0.81836547522104 0.0377720477378487 0.340549343155223 0.867701495240706 3
0.789430669804983 0.215546888308483 0.300220345846226 0.863011631338391 3
0.532076922616663 0.145150316309494 0.352409959442401 0.595335879281373 2
0.817076128994851 -0.0267211013062542 0.323674879231587 0.903266359683014 3
0.695758786995966 0.0688783748509596 0.382777477314695 0.526647886647577 2
0.929317426928618 0.229094420772699 0.387009448594105 0.809476117919291 3
0.611255609305034 0.114405498780279 0.4341827164295 0.677417052999305 2
0.712769872598862 0.178149936352569 0.338585911439042 0.643793341361189 2
0.803899452256854 0.105976092787674 0.344588966229496 0.888168732892051 3
0.829575817980691 0.125068019959093 0.356692995147973 0.983491031959567 3
0.680011682150001 0.0756283228207708 0.349204592332714 0.640719539625953 2
0.701361306758878 0.152565774346054 0.353961803848918 0.642830640617187 2
0.615157789661405 0.101270864764825 0.338480651914645 0.596791844169207 2
0.585060092739881 0.0539046480156557 0.323871519757427 0.581693864748642 2
0.717466395373948 0.175576311464028 0.410291703632634 0.636621443666465 2
0.918718621445973 0.136169297242401 0.418612629019759 0.834113104774007 3
0.668636639603913 0.130998124760176 0.340792739555743 0.533293497050228 2
0.623541536715592 0.170192152078707 0.357538619795533 0.681826828369787 2
0.996902371806792 0.132253138289971 0.402925499119145 0.789817493306704 3
0.626341669065048 0.203064174929339 0.376186784644528 0.528684534345555 2
0.990492506073615 0.105899645203407 0.442846124652804 0.802147375808333 3
0.595850141174417 0.210155069375552 0.3572339627412 0.508073408994532 2
0.67629434057538 0.147328206594498 0.33595722353666 0.683077161250372 2
0.609144219089626 0.151192934499678 0.430526516753211 0.569747669107592 2
0.697646520680025 0.165880619125473 0.311255565437037 0.64740865683616 2
0.806515263727721 0.134905461156044 0.374121596478497 0.955786958645101 3
0.783296098345645 0.180511634211607 0.301464108132983 0.951105336432097 3
0.823319229683896 0.209516162695871 0.380775349431988 0.920766783397467 3
0.363215559659279 0.846587745158638 0.294953641145569 0.0499204738127228 1
0.649921783607437 0.0167405736372652 0.361927865390941 0.558044340976541 2
0.356501609811504 0.67992294877669 0.0294754735608077 0.171743369906644 4
0.309248011650159 0.754531787313971 0.145658626159138 -0.00351963712639033 4
0.550074847101158 0.113545337883978 0.294507389927557 0.512693425737084 2
0.686644207084784 0.214060647481612 0.410289961620175 0.565165605837084 2
0.428661096510157 0.562141174977346 0.177538786085514 0.0823949338097372 4
0.808093023881224 0.118722765329439 0.313444518942208 0.808870550208696 3
0.618195888700214 0.206434227529521 0.326134954503484 0.636033754955846 2
0.674366810221911 0.0666840595784332 0.354405204176474 0.574712906485369 2
0.639912863975693 0.0300182765434494 0.21782154378767 0.538668923461844 2
0.955269610190158 0.144934088454392 0.367739254218035 0.865988740791709 3
0.909558200620857 0.0415882538307174 0.35746040566178 0.812055852728371 3
0.429977195890724 0.660191548929215 0.0163464069108746 0.127586457806105 4
0.620350377777959 0.159473430119814 0.386448232400587 0.584223089509755 2
0.602326804548371 0.112941994624679 0.3210929543597 0.650755992570211 2
0.403130990116471 0.72552249440378 0.176726958723693 0.177269760918224 4
0.430992236069851 0.706977052758086 0.127693963257054 0.136836257463674 4
0.610707944751189 0.166978443355431 0.413925629434786 0.675464114292772 2
0.395218468505147 0.710441718054249 0.0903530768265091 0.0859812837523914 4
0.62334855007608 0.191057840375215 0.32167349369146 0.602484609661645 2
0.629247298117155 0.0772040535323943 0.431741232495618 0.648899526479398 2
0.918492590880432 0.17225253592383 0.392902261825694 0.841899360225158 3
0.560985803646606 0.165541416241447 0.412589008847926 0.64068829651432 2
0.399733310886157 0.626108186285864 0.20722191718358 0.127006005383812 4
0.639715746223106 0.0487228225040359 0.350568815326826 0.587729598205578 2
0.919571686900625 0.0781136943338909 0.467581434774893 0.954674071454188 3
0.908873607669908 0.214999664979555 0.264828981807965 0.812232202150551 3
1.00401531024153 0.0963850505784754 0.371041054268336 0.806301037964416 3
0.87346317314235 0.168209471911696 0.435904389217813 0.786241097911659 3
0.846003066939069 0.0214340568441711 0.442991570694142 0.815784889556321 3
0.385058442218665 0.751021261678081 0.334719045988644 0.117892895715794 1
0.929887521162063 0.0890900989085593 0.407178117939143 0.877801171755168 3
0.644768459650613 0.189339283215664 0.447810694038827 0.624006817323114 2
0.63932912834968 0.0516341883607444 0.428086046182071 0.629191976055365 2
0.590896454080597 0.0514455858634466 0.322729760793676 0.595943603971725 2
0.907726481487632 0.0813969585624564 0.488205475235461 0.858763220516657 3
0.565054951872662 0.203160099465411 0.551673770207993 0.612126712702438 2
0.685193566209812 0.0994774504112438 0.392470698771333 0.602521071563756 2
0.422354673618059 0.980828124298291 0.259935426109657 0.0748832165704123 1
0.428379459419997 0.772132029301963 0.354368004258156 0.13419662849453 1
0.699393331778868 0.113882672371881 0.377204718772183 0.627374279794048 2
0.874913586229021 0.0161108079564913 0.336254552571132 0.858794052797462 3
0.97653978941736 0.202633813919362 0.364696872543804 0.94507743912364 3
0.819573346549339 0.0735354736019118 0.422107234525446 0.8678884750128 3
0.634714228522912 0.0779221270022384 0.428127849977208 0.62362108818965 2
0.5895659189275 0.0882928278489677 0.355432039395177 0.641681587410225 2
0.354129362154871 0.631121471461088 0.093025105453728 0.211020181166602 4
0.812286508760943 0.208337115414511 0.435461709968763 0.946958123852652 3
0.361856836224218 0.925140582000281 0.375087677027951 0.0926908359917424 1
0.417231843362164 0.597342129796636 0.0454192950793819 0.182085992515687 4
0.496023166384725 0.670382901696007 0.211963859259588 0.122258279813335 4
0.837592226457779 0.122503900467847 0.347630415324025 0.829825827336755 3
0.790781695497979 0.1148378315766 0.315735362907309 0.875076234394336 3
0.738533261985693 0.289628800999972 0.365128018569174 0.55765495105471 2
0.838358661435665 0.144596406527336 0.404596096405522 0.86466788277872 3
0.637823940072326 0.186360904547026 0.400352219020886 0.610368133041601 2
0.579741794706995 0.211857822204737 0.396630268320727 0.640045765268187 2
