0.168863121612097 0.716277239277346 0.517917018498464 0.962500527971959 2
0.866584131349301 0.965045235358617 0.602759592852028 0.766794711976365 3
0.0162093948892896 0.397375332827702 0.13574113995752 0.99473887845419 4
0.0454493395225198 0.0815631232764304 0.529538484058313 0.881311615575537 4
0.27034331411774 -0.00347111006414422 0.44289627948239 0.883063950024364 4
0.445898529865885 0.170214265973926 0.196367871363155 0.878122413332136 1
0.357073598538337 0.998130644480866 0.73700512341574 0.834661559829632 2
0.0369899234403794 0.075677639157099 0.442725760159738 0.846989313092006 4
0.801902867323937 0.974133181862249 0.463469325752321 0.49587423487008 3
0.0170394465942491 0.949843123834488 0.488493408132313 0.903891141078061 2
0.100578931151709 0.200501084936644 0.294987324575137 0.883853828269517 4
0.144446177871488 -0.0274757021398501 0.384326091403423 0.93501788792216 4
0.0461159322109826 0.0705954265592254 0.222104878808203 1.18492994525814 4
0.20778026740859 0.146782561139527 0.256376724319508 0.855845222411861 4
0.94824434214021 0.775209513268411 0.582435384890594 0.725132704574706 3
0.198085141763435 0.865724640453443 0.559107378917941 1.031604398209 2
0.169074803529287 0.989529268935873 0.61438694946152 0.898868157735798 2
0.532168272858322 0.45534967853471 0.243300688435254 0.987567380077485 1
0.75226955821335 0.379512194223371 0.0609949967096226 0.793315892601521 1
0.119772837829011 0.876048258542386 0.690516305476768 0.835295304252744 2
0.76389901606766 0.932056529747253 0.625157741682272 0.604042221846901 3
0.495158020921954 0.405878539147158 0.181422501617763 0.89254042511632 1
0.806100693552886 0.328492613694641 0.282929149947026 0.684047313704602 1
0.76717258909877 0.450089069670489 0.189812884097341 0.805437836850702 1
0.143023165091752 1.02624619288393 0.498184245054512 0.666769221024263 2
0.198951775275914 0.785465792930138 0.529656931212105 0.828171916177413 2
0.130903393152775 0.119982852989921 0.52315665744826 0.772724402594622 4
0.0603877175930358 0.807977903998035 0.800531793825267 0.670668304313568 2
0.821953948782021 0.230640049299396 0.0449393113490773 1.12288502268056 1
-0.0579569780520283 1.00984557267987 0.593998172155652 0.750423889327022 2
-0.245996481272161 0.942385715899148 0.741070644709662 0.809790344062697 2
0.596063191385958 0.37447807741725 0.353619665083686 0.755709652074054 1
0.145263242256761 0.0813344256996109 0.367732969868227 0.749466147156638 4
-0.030724072050326 0.839452109570423 0.871703620552912 0.609548720993784 2
0.240954058627748 1.04857838803218 0.686197192343452 1.05979852441022 2
-0.0558449112564267 1.07992922671031 0.794235643908809 1.00058912987861 2
0.0560476216792 0.801026562776697 0.785052022837422 0.650777481073789 2
-0.105158117452383 0.116617406564624 0.66231094056222 0.906030227655308 4
0.210708359044441 0.709981110167133 0.513862373530934 0.890219444832124 2
0.220036019955167 0.964375892955652 0.571571303804502 0.670166104068138 2
0.0718576413984068 1.00706074904534 0.867215555689012 1.21676636678908 2
0.223903285579395 0.927369944799853 0.468265536984366 0.942727613568223 2
0.185425252251593 0.203345923873007 0.266375458121872 0.901854430588841 4
0.144631171607607 0.114127015499464 0.388459157216931 0.843716679427919 4
0.624423646934278 0.503681907729033 0.100645450368849 0.78073390573726 1
0.70886525414045 0.263501261101174 0.214276365069423 1.04983271076051 1
0.696222488278049 0.691834005210669 0.706754465122084 0.436246182245479 3
0.132817636046392 0.986225941807535 0.433341913237744 0.55262687917484 2
0.556085940524757 0.378299718699543 0.0867865405270018 0.845888499675071 1
0.259979095216765 0.205662434942579 0.552929434774881 0.801212893930163 4
0.668462718160073 0.400087074655954 0.0254975372403926 0.92914915372672 1
0.00989803054120268 0.746990569601314 0.748443679758331 0.888323343718993 2
0.0828553932814717 -0.0993873880780013 0.447487052866218 0.828283225767639 4
0.767054279837012 0.848436393813932 0.680447321366705 0.698953598821494 3
0.0338135538343239 -0.0157602347836256 0.417034136640365 0.933731304562893 4
0.244221478718138 0.683878511092368 0.819790021059525 0.820885400663283 2
0.609232143516759 0.369871668388684 0.161493153492887 0.880125436585066 1
0.400841070083977 1.07672437053311 0.670212583632584 0.824004658055272 2
0.114603986129763 0.951935950907632 0.295032653722458 0.855502373789258 2
-0.00636738050845481 0.797545605227197 0.595717970832166 0.853680723488244 2
0.550709195039471 0.745229310700244 0.129070573376753 0.829721218493549 1
0.767899795690416 0.349693736579502 -0.0559236183420358 0.845349165866845 1
0.883302422553292 0.925594484668613 0.709051240884006 0.616231200587251 3
0.858635162241202 1.02980199228259 0.704220408815651 0.634389164155139 3
0.717624768518973 0.444017623603966 0.0515670350151479 1.02705165924504 1
0.357575606141383 0.718921348039285 0.599828974802414 0.958024252341661 2
0.0521138698099829 0.161176191753266 0.502264689395571 0.947446690263967 4
0.84654302510387 0.929874513132869 0.604818601500079 0.520667072039226 3
0.55814269268695 0.222327988303852 -0.0555279651982234 0.939657020562714 1
0.582673912647147 0.338456045668589 -0.007606439949319 0.958957305228621 1
0.0500268191340351 0.128540995672335 0.47872133920842 0.878324660297062 4
0.422897373050202 0.321546422725336 0.474981790869701 0.886908907766118 4
0.634180033832964 0.277045215822737 0.155143179287994 0.826661000459491 1
0.630876672072752 0.288115853976709 -0.0341753056546762 0.98990159134901 1
0.64663327822822 0.417188217312978 0.164118548636869 0.760229509173232 1
0.123200640265881 0.848837407428097 0.702692785054608 0.723297232865566 2
0.673790123864805 0.40591556973988 0.195459246493734 0.656817963761576 1
-0.154123556372028 0.207739432613883 0.584118993388342 0.83016911300986 4
0.104898066809275 0.233586955888536 0.416995594297004 1.03207876127712 4
0.58746148303596 0.450818947370197 0.137023509281418 0.780314247741136 1
-0.0597930674896807 1.13278746735736 0.311016558801695 1.1643012777675 2
0.0659328699723261 0.176246306849732 0.5431128868031 0.801520343838174 4
0.727569890099332 0.435326029647684 -0.0522133717274061 1.01870067776051 1
0.172426117026822 1.10211428187843 0.434668984081702 1.1223911697132 2
0.905756464742874 1.25455614861981 0.743171303095987 0.805736793686016 3
-0.0201658600566246 0.031862772795999 0.393624570869591 1.0364567246818 4
0.154091954219493 0.639244143933119 0.660092040269093 0.799721545058027 2
0.105317448892538 0.777157414964121 0.644542576894399 0.985348052789432 2
1.10555265457395 0.950949965213194 0.53425902752406 0.466418967552564 3
-0.0838560182789431 0.860599542083816 0.413051462091618 0.98823332283535 2
-0.165669653239361 0.570493466464165 0.612700739639824 0.662236203827616 2
0.0760229544594857 0.970589626486603 0.723974527205488 0.926261495805224 2
0.793407579551202 0.896269060462472 0.505236929249676 0.595806114184056 3
0.166901147979512 0.759378066785754 0.606333945686818 1.0161668720453 2
0.218657966778113 -0.0592002280528588 0.220436345712508 1.01897525001924 4
0.448995719012903 0.148899630992063 0.164655713294035 0.773799336374864 1
0.448840140205043 0.380333425259298 0.147349146630868 0.893012395902284 1
0.745579445339165 0.372644190286085 -0.0735593492214706 1.04711144918274 1
0.070780829273988 0.142250468569407 0.492097433957785 0.822015684347486 4
0.167143303326214 0.833750824756646 0.608368451594992 0.738647636815123 2
0.1782924620949 0.107053479032903 0.538270124483213 1.01701363725753 4
0.11365410635904 0.322848382681163 0.30867753415586 0.8680446589693 4
0.182870358320608 0.969990859362917 0.800660380144905 1.16590262078075 2
0.170583469245697 0.297148046233279 0.515939764017263 0.745425898259423 4
0.555339550616424 0.376662644837853 0.044572428964919 0.796618957027426 1
0.240031475737436 0.856733993435343 0.68298440393784 0.467103467079139 2
0.293235961162842 0.789514298059719 0.663605932823446 0.948532462663648 2
-0.136403271690386 0.0836315379705914 0.471068631356063 0.939642670148099 4
0.0738896337299478 0.176768627004595 0.354041785516273 1.00872839178727 4
0.168760786565162 1.04244992101623 0.658365845630414 0.715687081323522 2
0.371146197176472 0.0155322515648087 0.263921246459934 0.74872693824753 4
0.0287843940214849 0.830251919045779 0.708816740198416 0.781205860680644 2
0.0631109968814934 0.0565231741145637 0.328283611303195 0.761634416927248 4
0.630748920197193 0.360713671898729 -0.0221078151896286 0.896303697735383 1
0.196236163228592 0.239393349737936 0.437558909426167 0.941571695502777 4
0.158328489874182 0.519515902082095 0.301113897878733 0.840151807178561 2
-0.0281905813162713 0.276561542493857 0.616381816554989 0.823840055008423 4
0.0527149100748958 0.626412358035616 0.560667855212626 0.790337404842134 2
0.0559047128100815 1.03881111552877 0.65556529621966 0.966879945154236 2
0.688661566334348 0.405484711004646 0.0679040014687997 0.920517833860769 1
0.0177134237882287 0.0952911212348238 0.541916746180819 0.965826476386097 4
0.170760170413775 -0.0224566996343288 0.419990428188161 0.924593806360607 4
0.40739413937798 0.366510928909403 -0.048350265799969 0.587373880093286 1
-0.133205962453789 -0.107925801532947 0.448602591743223 0.913215280507799 4
0.951372527184138 0.733104553448346 0.43582455995649 0.637965331688604 3
0.469126899492821 0.360733254805961 0.172944177061234 0.748642736904906 1
0.0640733896359224 0.848047601594882 0.769610408444 0.932717821884371 2
-0.110179858286056 0.926602653664997 0.74529204903683 0.943608883011562 2
0.706286026945766 0.427293117943517 0.0130056374187219 0.999852280420998 1
0.120932027127585 0.999864274957013 0.736819788701595 1.02525463322063 2
0.0164460718626867 0.988663319625518 0.733269404661046 0.651924186065513 2
0.452703863705454 0.840429614389277 0.541983894336814 0.650152828058954 2
0.229476251892727 0.960844886533503 0.599065075270652 1.09733772928181 2
0.0588652363265761 1.00648488918349 0.601709797196288 0.869863277832599 2
0.691868353245877 0.211663328833025 0.174638192290004 0.7618851576715 1
0.158838984627528 0.555008030157596 0.773822943229072 0.841033538838198 2
0.876606377037596 0.814414269652254 0.685643371752579 0.679393382667972 3
-0.0174685954405166 0.203818705101339 0.346322916646688 1.094780405038 4
-0.085299041702903 0.295362481969813 0.3002406903922 0.728073514280002 4
0.112725145501773 0.688421423408778 0.698327673319499 1.04815413294826 2
0.147189193076422 0.0857903772610611 0.574213287387012 0.844780005819872 4
0.188194302357283 0.0721894731956516 0.413856715076763 0.956023478288352 4
-0.274908269425669 0.734285946647276 0.604092843524271 0.641634216731848 2
0.581418795902975 0.305067526745671 0.244885662453981 0.750895955628534 1
0.115248115694193 0.0727671288818082 0.565954250870255 0.72887462088564 4
0.715662455197292 0.295977244632678 0.175010477712848 0.777399338482453 1
0.012154929550844 0.778378050146517 0.632167190773992 0.724883416052973 2
0.0838441410754063 0.210106426462911 0.448737383857546 0.808362707029059 4
0.97706372379634 1.00712762977167 0.567690068336859 0.583293202309753 3
0.021250744688754 0.953034939516102 0.653427180561194 0.924683573152892 2
0.120908380202404 0.0977839536779816 0.319592944457709 0.889419007380017 4
-0.0823663328801913 0.913062737850721 0.64456786205207 0.96547703968806 2
0.80875910305298 0.542449874686978 0.177946945171476 0.7537885072508 1
0.831694750918554 0.866793163297246 0.570706083220963 0.878952074323064 3
0.0610038718921039 0.35882993812316 0.54417271054016 0.812457153213161 4
0.568087964595855 0.615732186380896 0.136625880147333 0.849779658574876 1
0.834663986394423 0.575121745944847 0.689037177020436 0.800650862305765 3
0.554994825850045 0.851076973024467 0.550706413672395 0.901579793343866 2
0.443807975643902 0.293618902764843 0.0099862408637854 0.984920535238562 1
0.00680903009098781 0.866068988655695 0.622654449826406 0.960526452790453 2
0.686750275808682 0.345686452291566 0.0976082505922831 0.64900715601385 1
0.292705548645116 0.865985666180853 0.644594338302139 1.07923651153023 2
0.106174712341895 0.994642188908539 0.471555791347563 0.625021098922935 2
0.14247598239683 0.763716934063532 0.570919592525162 0.822996617115338 2
0.064381853235518 0.731738455883704 0.466441795445051 0.90503427704172 2
0.0233645970989291 1.07509847871309 0.77784571386169 0.729770315425709 2
-0.0693638048179349 0.351097503818081 0.456612907827811 0.681296258344198 4
0.11954045081465 0.105138442876753 0.541165869668033 1.029563214214 4
0.542187640568834 0.289285180986578 0.13881587232545 0.95223697210523 1
0.122276818828324 0.844666179384048 0.57639724595268 0.948014560677572 2
0.839006673569318 0.321184760690874 -0.0633664579181288 0.719521043081199 1
0.226350767185563 0.963287545742464 0.49704092176275 0.94902808606636 2
-0.0521056015872215 0.17079492084516 0.315801892420122 0.843089897072739 4
0.150197788408849 -0.07522371882325 0.227741335872536 0.914482708222185 4
0.86285043299295 0.810595063877968 0.413510812028951 0.5036056539399 3
0.240195723320746 0.0923255110307169 0.575590554377596 1.09258524780578 4
0.0941779870727474 0.993804134842073 0.84453495380926 0.650965378971939 2
0.077824096719698 0.907249702134342 0.824676858177579 1.05100760843102 2
0.208310225477171 1.0477605237954 0.564292107301435 0.686941920423722 2
0.227455420497043 1.0682804354976 0.718354897806508 0.967729530998865 2
0.115204931680614 0.270176432282949 0.167987512832775 0.78324223003814 4
0.231042342995709 0.0874909232154391 0.331414574080892 0.70124375385247 4
0.180027943849512 0.994429633345237 0.556448306214565 1.01724211087504 2
0.740752876847373 0.178988794455486 0.0628030673371551 0.665856778535093 1
0.130332868002976 0.923193703143897 0.806988030741747 0.70418429711899 2
0.157406695438855 0.109407079744666 0.444770300257436 1.09348390243596 4
0.0926589793149014 0.847165864772202 0.883313428152073 1.01139371795953 2
0.21745302205372 0.206794324480266 0.339289663020395 0.96898938716911 4
0.173026620359783 0.00302547694441244 0.370469288379298 0.627311464903433 4
-0.0571900742750238 0.983341708048259 0.779550234231592 0.878831108305109 2
0.0244066527497205 0.325255594417859 0.301489573875988 0.759871445275957 4
0.858898521421471 0.895513768450614 0.632887046005097 0.66179055143817 3
-0.0481582802544409 0.329872659738864 0.417673405383293 0.989394027070027 4
-0.107217395364366 0.144823746249497 0.499963003811851 0.95301534487543 4
0.0346769650430313 0.157639745304159 0.451945879912728 0.696114773953849 4
0.579061962440348 0.368547399875498 0.159471151827092 0.730760095604147 1
0.326816303117232 0.320229420072091 0.0974700127765122 0.673656619516294 1
0.224990666591574 0.511044408259448 0.427718804231777 1.03149974156239 2
0.541360402673743 0.499902443447319 -0.0809723731729719 0.967635129159985 1
0.271408243899458 0.164912576122346 0.627758576760159 0.916632873102832 4
0.027717920155407 0.863011993049971 0.797152042253755 1.05219170114323 2
0.173782498967897 0.968875461772 0.747662425981641 0.889300332944957 2
1.12657749560879 0.913035256096074 0.529956872628332 0.524102478538598 3
0.0969940778090867 0.999259450856648 0.552923760452971 0.93486662594682 2
0.586544547566635 0.278566471503953 0.282888176751111 0.868746226242317 1
-0.0184082863474292 0.728890816940642 0.483967982167012 0.92910139758901 2
0.317067636246046 0.598697551186285 0.687749246402663 0.989983021978044 2
1.36828799422826 0.999080787534369 0.508892805366427 0.684335004978601 3
0.450982915922676 0.627158780400068 0.209553014045012 0.881615447000348 1
0.144406578106759 0.116362063802499 0.491619009096773 0.79247790849907 4
0.120146642399438 0.295957886114803 0.674084454563142 0.713637606499117 4
-0.102901477945209 -0.0402312576485708 0.420716931719722 0.970730101031358 4
-0.006646848544408 0.512680302516035 0.580762564632379 1.00998297110261 2
0.0186013225689183 1.01897047338703 0.540594932560477 1.02441425325107 2
0.462392068976911 0.447554186961777 0.209446032374947 0.923968385515847 1
0.16214070353171 0.737889944400513 0.751912487003302 0.900851198121127 2
-0.0827793339473108 0.632811986110197 0.71188844003808 0.850032854930045 2
-0.0360057110447754 0.321465629959636 0.193623034054761 0.933828228869125 4
0.0581770814209543 0.876852447214007 0.383854807938643 0.838171579817786 2
0.226487984186531 0.732684951481319 0.756053638923795 0.824886257559313 2
-0.0714351013234667 0.2896817883673 0.385996425045604 0.755140960404799 4
1.01796155607819 1.05807416293999 0.438294225894461 0.72159116859569 3
0.111020186515041 1.01287996037578 0.354637896043208 0.668959964612754 2
0.19408838170109 0.252610467930805 0.244306980971086 0.740079215103751 4
0.703985562708 0.556751254571685 0.0151851367444076 0.809785921533694 1
0.0428948487479905 0.6426278062927 0.514868065914003 0.892666803633049 2
0.179233612053543 0.649814088969226 0.874505171214225 1.07535937990455 2
0.0992601598266517 0.811974599681483 0.572747204268501 1.00595324292185 2
0.107448252328864 1.03367177728988 0.6745710443059 0.832066883139415 2
0.672169530715573 0.305329546661676 0.171371928000937 1.00721059131498 1
0.214084929826622 0.704941760683153 0.298199628215234 0.903643060605793 2
0.11531680832914 0.845522529034116 0.683469661528538 0.772259089566862 2
0.200287222062141 1.09513988203118 0.807694516306454 0.931164228451127 2
0.619660622982426 0.749590900730184 0.393906465388107 0.800982372648831 3
0.808115834224081 0.232595583177152 0.203460200952763 0.911207660272824 1
0.718152541861622 0.345995496643087 0.10034442984773 0.970659411233639 1
0.311338694847827 0.994145360748694 0.503395026077347 0.872348638814208 2
0.602212768202108 0.485916148684886 0.147776853845531 0.878455695162054 1
0.0374062537920303 1.04209098636212 0.7153824508092 0.777671829597673 2
-0.113161863167533 1.18555275974327 0.235301620262614 0.799252991754146 2
0.461960153024111 0.32904248115034 -0.0209928836233042 0.717152652250094 1
0.119119556814178 1.26916736250736 0.610369717451551 0.897654211445258 2
0.0672666124259443 0.817182451574643 0.40744770278319 0.843001476488003 2
0.126258880744144 0.165905449342148 0.295252608998898 0.777699442642168 4
1.06254785752138 0.731627181383713 0.525872822743438 0.653892500331158 3
0.0445988340769949 -0.0613881802039762 0.455226229944826 0.990204638259155 4
0.220886349151018 0.967470524780005 0.27940558861958 0.824318288938414 2
-0.0650524089599564 0.865001529044519 0.514550009401448 1.03560430771631 2
0.28889835439971 0.142912090758254 0.461495510174688 0.916661852167615 4
0.60912671218557 0.298030446753987 -0.00523569300023261 1.05934774347597 1
0.18617059558075 0.194970285589013 0.241147756647343 0.857265138621042 4
0.0713160296258923 0.996242596050981 0.478079320593403 0.899443859509325 2
0.224839599222452 0.295817366932159 0.343997196104693 0.926163251235146 4
-0.0784377884753589 0.804664263942051 0.727429395361917 0.860376169784621 2
0.545563152519573 0.518072635755971 0.25392516537658 0.953516068705219 1
0.283866627159824 1.22009662464133 0.534266626532195 0.846722753231477 2
-0.0154848223513538 0.126095843038023 0.395277519794449 1.0112460545678 4
0.873921333496366 0.898507111874961 0.874777399122818 0.432873577298062 3
0.483081607017324 0.328967481782977 0.283126874867633 1.03860990544323 1
