0.812768069865636 0.606954095187368 0.391436763272485 0.528958865198395 1
0.887616785232855 0.440885706974762 0.366241495105884 0.460470678043378 1
0.372928776539868 1.0583386320372 1.12606022492421 0.980795282552536 2
0.938690443123653 -0.10196199447907 0.336230661226079 0.359383508395831 3
0.778814319234815 0.0313485233728533 0.0761968025276379 0.223550826419604 3
0.259596644132268 1.00264145244903 0.928691018004986 0.653318469027611 2
0.799309564103297 0.214701511251223 0.166937196975682 0.272348109229767 3
0.412700686531916 1.09484356113857 0.839446975379766 0.83735125575106 2
0.432972578719703 0.920246112068933 0.842615769976921 0.851232450879943 2
0.899643596623394 0.741917808643897 0.369809329235386 0.670296846384244 1
0.898711954202137 0.068804981679403 0.117283018111284 0.377032318447365 3
0.342815845404898 1.05687209472614 1.19239515481107 0.857738597510953 2
0.287739504721435 0.0120078823691309 -0.0450899879657413 0.151470399026749 4
0.313618234720082 0.231019324577742 0.319292627310696 0.12288939467535 4
0.898514402971352 0.576591188199961 0.477312751773301 0.65813284512149 1
0.287943622752638 0.692615228578608 0.62214310558184 1.05205153514637 2
0.875724287285787 0.16204960859203 0.0216199670857007 0.438706475709096 3
0.340449452599808 0.7854704947627 1.13269199896284 1.08996813622624 2
0.863697650175562 0.539435635018057 0.399117256962618 0.494353378271799 1
0.852236759924642 -0.00573405872492017 0.0990428101210966 0.477896963428518 3
0.813759203246056 0.0843857018550305 0.276766301668678 0.25972735909664 3
0.245366519714222 0.809836819740202 0.830757783878757 0.878642230750499 2
0.365694990069263 0.162374207796294 0.210860446336497 0.145992124302952 4
0.784064254626779 -0.022081941864666 0.278408438506521 0.429107592619057 3
0.183240152776396 -0.0159057804529392 0.0836364825186093 0.171263676742283 4
0.888039044296393 0.825614668149148 0.411734208804606 0.527837443044426 1
0.43043046357416 1.00530075208441 0.876149592039889 1.02888319508926 2
0.871454323009949 0.116737484577588 0.162915366282752 0.318052829345471 3
0.473912683092532 0.0567361519220118 0.000507970565684801 0.0439836003140121 4
0.976797189063809 0.197322796303858 -0.00061451044870553 0.356266787038736 3
0.25563933576837 0.952586557058088 1.01067629341643 0.745589839467031 2
0.412030475880528 0.815566747572514 0.943205978046097 0.913480627017285 2
0.91151961603886 0.499948162405156 0.398638280074074 0.528499993105874 1
0.903750590965983 0.0325284715591491 -0.0494775915937148 0.174536600724348 3
0.286348625684204 0.0614064050412499 0.0877971780088465 0.109661520127038 4
0.901008318406683 0.690774358919562 0.338728121650739 0.707257142478557 1
0.313410078215157 0.875623547589987 0.86904002118996 0.725262079307242 2
0.4612407440947 0.216280034052594 0.290494503481243 0.0417375804968884 4
0.395189958426805 0.971457008724346 0.906238592979786 0.90438566968539 2
0.495120860048036 0.563837419924776 0.785909477743547 1.09542736904387 2
0.754029069242851 0.223153325991454 0.0913087186311326 0.288068399154424 3
0.347771613352094 0.645249337916889 0.701335778537269 0.927570914802185 2
0.87437523946875 0.024268859154868 -0.123924015779628 0.484055407074747 3
0.798320955223948 0.724911911748585 0.359311128336249 0.68056793374014 1
0.317001750998125 0.167188223281651 0.123454716219819 0.192978705919838 4
0.765791382433507 0.0716467104261539 -0.0454296106585743 0.302123293150938 3
0.457801012175248 -0.0811998746760746 0.0216911098978944 -0.0480668518623789 4
0.439149883989913 0.232947354012512 0.132744882534274 0.135829783970212 4
0.281885758126034 0.137299188424372 0.117196374149038 0.102585376456099 4
0.756999412273828 0.00930556181613819 0.0970825210045305 0.374335069999793 3
0.861989093569762 0.8803508858426 0.294816806493763 0.650679369824371 1
0.876176533487735 0.227961751713443 0.248156352409477 0.395916198294842 3
0.133001163334751 0.907597374480657 0.945980807027546 0.950527992473874 2
0.239579374650877 0.131450761955971 0.0432698813720832 0.121041915570492 4
0.848608737096919 -0.026060166761344 0.250454907975084 0.28316038807674 3
0.383366498137537 0.127732154072192 -0.114545065342113 0.0214049647054957 4
0.430532700642628 0.212167248536496 0.12603057756743 0.18778226081615 4
0.310471404481977 0.832402766516067 1.13909306637366 0.748806942340753 2
0.597737119603183 0.522435902724805 0.580116397610566 0.834646819541876 2
0.453746451090482 0.154956078842007 -0.0352394645206403 -0.0259654114520645 4
0.828301428391983 0.639060180637914 0.334279013670229 0.556917536212324 1
0.941034825033943 0.124733724960579 -0.0785036197259566 0.403424277218043 3
0.347809045127622 0.0300134580700066 -0.0234633459904648 0.000144615811837556 4
0.556136966425289 0.0233147678129289 0.0476170538376025 0.14326277544959 4
0.248460814935718 0.0671724016172391 0.0823556317924453 -0.0156005467897008 4
0.737200230832591 0.0159103451798905 0.0832192736598341 0.286352099612658 3
0.823098778510796 0.505668900062987 0.17683502886553 0.781292801029506 1
0.829914044270879 0.683922079730072 0.341683262836359 0.5338501505136 1
0.495146498615778 0.876551775384355 0.7013658978668 0.980982641172585 2
0.443931323306298 0.675092514576322 0.820454375803655 0.914802522088546 2
0.761331358427665 0.694428973698168 0.447940552495512 0.634214553267232 1
0.291575647050687 1.16662615598933 0.876986200956211 1.12765298128623 2
0.84738307332464 0.171732503736245 0.29846051850347 0.393534201925411 3
0.856462262998444 0.606834597086028 0.130765021416562 0.56842277477416 1
0.421178347630274 0.146761311279897 -0.0949300862471973 -0.0606449576811714 4
0.938405696531132 0.104621830815384 0.00851606617220935 0.423263071166873 3
0.444377176550247 0.184450146207295 0.228018990332739 0.23559174029347 4
0.194308721406467 0.776217812326838 0.862611238031545 0.946092925094768 2
0.186855570096566 1.06728264998639 0.803233050744207 1.12173042306943 2
0.761733035395777 0.171089324044761 0.0336821285301873 0.306916760530426 3
0.267730394172087 0.0316972600257951 0.165495178130047 0.171403218777326 4
0.349259831003763 0.0144619670442649 0.110831504847202 0.127387309289738 4
0.351300205119933 0.666083760093853 0.686176893259453 1.04127296742997 2
0.310633246706759 0.144074554962789 0.0248874711365463 0.336461411958851 4
0.372604005386382 0.92091263369807 0.743184658132397 1.07101857579005 2
0.789137575947415 0.255260452754911 0.234923737329789 0.29109887256337 3
0.879120598824856 0.0727184892633334 0.123852848767552 0.466757998883965 3
0.379588462515709 0.0575169627437543 0.339312409944975 0.126685450596775 4
1.0621531214259 0.328005613280466 0.183754685389662 0.489589192284896 3
0.412060692321987 0.811338083895674 1.04074689829745 0.945108891053987 2
0.816420319376606 0.219292430077842 0.0384141373223742 0.342427094452426 3
0.442343217044531 0.0756310918058815 0.228024897135713 0.137974443444319 4
0.325077815442627 0.140106818545894 0.0620331829944724 0.0314458513940378 4
0.486010131216321 0.99934986059459 0.854738122922084 0.998039231875571 2
0.993660273260384 0.0279797347821932 0.0454947582381871 0.382810449670753 3
0.424781663286356 0.162169535675584 0.0327729200208663 0.130185166038769 4
0.0311386118108372 0.740259039857778 1.12708389396701 0.591637251789607 2
0.416956940499935 0.945091547554185 0.779009742109121 0.929558633553451 2
0.325706906071197 0.142244425275491 0.117766206013532 0.136693421874534 4
0.956344903357887 0.215424554463749 0.303630819306131 0.340879823798067 3
0.849492878335388 0.632098143068191 0.457750566141433 0.602264206102871 1
0.194456544748125 0.993140527482285 1.06659894043386 0.888731883894646 2
0.945928016338451 0.433173260707537 0.383798107275192 0.674447111467902 1
0.824232353475362 0.747874006641619 0.410681899031332 0.636643029323347 1
0.518647250444232 0.117089815189791 0.217224266051879 0.206657577668466 4
0.402110025418648 0.279203173810585 -0.056413604495312 0.124682677954548 4
0.742873404037393 0.565151593624887 0.357582959243956 0.720994151429086 1
0.492419325069283 0.162897493601273 0.0106749536887432 0.0785331289741795 4
0.404780343702927 0.108605536827401 0.139508763744343 0.0463499946826956 4
0.607212214301566 0.886110842354805 0.66602642066534 0.870938948035695 2
0.881727466433133 0.679739920990755 0.326105717255759 0.411501328518913 1
0.381863979561962 0.211404505720235 0.375636613182989 0.160643822207211 4
0.342751339674419 0.0862181503488527 0.101179797151937 0.213263928092525 4
0.363394348118341 0.140330912402632 0.127345203843123 0.161122578878511 4
0.895993009079631 0.616587504591122 0.522630374129692 0.671441823928598 1
0.593633199137854 0.806886920475775 0.956219212205308 0.899092966393976 2
0.555247590770175 0.944769073192459 0.941241014278251 0.909573970336283 2
0.795062909975768 0.137844847957398 0.182028728847141 0.488364001596958 3
0.435293595012224 0.969116054810014 0.946111505854448 0.866981239266592 2
0.441297473899758 0.246004295627009 0.101680058499131 0.0487157082389816 4
0.80672328903378 -0.0540631189537565 0.108476899359468 0.325799873583456 3
0.736460244841092 0.551004626286412 0.463839104828263 0.650618208845361 1
0.426775128165094 0.953538547164095 0.809722378284832 0.723248045222877 2
0.50997578995944 1.04615116378687 0.840620886613986 0.901806591301912 2
0.641606000962399 0.115233296758907 0.125267254497895 0.0576021756989125 4
0.910210443543069 0.0683448713427398 0.174345397479769 0.425549288282507 3
0.90626396785887 0.655807051060331 0.602916855429564 0.583647941579512 1
0.643987335603474 0.0583123961079489 0.0829123667234858 0.51662630602409 3
0.98461928954191 -0.00166338615738568 0.180064224259904 0.372387452778726 3
0.377635929262105 -0.0140278395148415 0.204803069848031 -0.00121934510305843 4
0.990992748526473 0.663998916077257 0.491848944001297 0.60533754409829 1
0.78288095264859 -0.0875435083565282 0.115909384364772 0.271231136906275 3
0.16889864798285 0.300614972867999 0.0821047474079613 -0.045627667471676 4
1.00993516754663 0.597441104034622 0.459228618521368 0.671840658004805 1
0.317127122975026 0.0324547803994111 0.136511947798925 0.0288769516329829 4
0.243731729333715 1.07933625548608 0.918051798557444 0.846568768905719 2
0.504292564991553 0.114165749780157 0.141954203955387 -0.0754906686723071 4
0.780294349055378 0.0560984576134619 -0.00147570337327765 0.425249132962412 3
0.448304275413365 0.329702724116849 0.151838732387315 0.21673742422826 4
0.296996558456389 0.125528986563036 0.0712748607555977 0.143247116404277 4
0.778498981299681 0.30464724429357 0.264098721578101 0.574071709841316 1
0.36032652292335 -0.00643766156955566 0.152856397858612 0.115793493378204 4
0.249038189929234 0.9797506329894 0.685378134167368 0.851985191412055 2
0.98987477544763 0.271472493284384 -0.0745166639984494 0.460741648185528 3
0.30631702997877 0.789462657833631 0.932048904690571 0.933236203545926 2
0.836596128680296 0.091448768218802 0.149658170497718 0.371179703889927 3
0.929497713825577 0.0673863367148102 0.212927675342474 0.304885395583735 3
0.391140247416571 0.840986622943962 0.809724969871877 0.953433679124242 2
0.951665000616121 0.512788111670184 0.209739263370955 0.541523470199948 1
0.97408365161557 0.102840343292754 0.106737092749332 0.520038998899723 3
0.488933497693043 0.00607687680837382 -0.0482610014322183 0.212079950084495 4
0.544360449563476 0.16404545353303 -0.0322016853121045 0.095409759004137 4
0.315331001185308 0.228903191313955 0.0929569388168449 0.155418308438391 4
0.3462199492667 0.791421492256952 0.779187300218332 0.843823653611734 2
0.739110778699159 0.681989801403725 0.265737998559564 0.59488673993162 1
0.738650081587824 0.10940642154137 0.168387910351274 0.276531794643752 3
0.841878034235513 0.102739877493337 0.0409526017804747 0.381854522390748 3
0.458658454935821 0.864071539291416 0.880786938295127 0.803317874217431 2
0.214572524603725 0.146544126277323 0.318186005035023 0.00242819515450195 4
0.790593234770606 0.626708117803121 0.4989686962965 0.601270613055858 1
0.946818940790886 0.539039770523004 0.378665552757735 0.577732363517973 1
0.178382268396787 0.846851501051679 0.974589225552919 0.950066856812993 2
0.549337072809249 0.937435536776153 1.13033934155942 0.800625644704981 2
0.825847769941458 0.563140936526946 0.286938683940617 0.627461873141794 1
0.749100887494504 -0.00713133281337525 0.174905147781618 0.296291360123303 3
0.464783269942067 0.130627354351002 0.2800043438031 0.170801086670037 4
0.71615839001461 0.620579134114021 0.332858776340248 0.529035363704677 1
0.809348856664276 0.443403789675052 0.417317020341338 0.585359553171861 1
0.302161273611313 -0.028896022771363 0.189503912005531 0.256676763639057 4
0.503379572659316 0.0448989008998776 -0.00199598120490405 0.0648773660892164 4
0.292349325999446 0.126681433751195 -0.0206311438748751 0.0239735180354396 4
0.350728986231676 1.05874884221265 0.873380701648159 0.74320087026878 2
0.320867900533943 0.420196008729217 0.139233213031645 0.250078424158194 4
0.546244360602487 0.730370950883218 0.712161350875151 0.652261564626303 2
0.846560971358388 0.0926517407862622 0.144059951244461 0.428757651610442 3
0.264091901578511 0.0308920076249189 0.177034439450798 0.221782637938714 4
0.855796067460238 -0.0171221619758776 0.189834843184902 0.444110847144268 3
0.587940648113933 0.858178465752196 0.804060681202018 1.00920225732762 2
0.154392890568492 0.922834480289886 0.744385198210596 0.906719470839539 2
0.86820169881029 0.118419132996193 0.0760868259708248 0.369060818741452 3
0.931205400893317 0.0865463381210536 0.0772538083865731 0.340689349653332 3
