0.284876121625521 0.476508151101954 0.737014053306708 0.126780809560551 2
0.141519682440765 0.518652118800605 0.751247769961306 0.084031823701656 2
0.558789394342721 0.813009537927507 1.0387545391836 0.0186469609370309 3
0.250321166502 0.691955788791045 0.645553702873477 0.0760476960300818 2
0.248251015963813 0.620542044178865 0.465748054376992 0.191221199604565 2
0.000324784769896377 0.326450374231325 0.0316577044457617 0.0835850879247109 4
0.166121198336614 0.626790935608509 0.357827121595307 0.251238424531152 2
0.495535196564483 0.861698839220349 1.03576712553658 0.0617293666089153 3
0.0229304911551469 0.708274498800357 0.653911536256363 0.196796644152152 2
1.17817156534115 0.327010212149901 0.647932311708798 0.140652674070938 1
0.902483109673213 0.330534533397361 0.568345153259875 -0.0129031312102716 1
0.76105344447392 0.826754397122098 1.05817202816676 0.0952717000037742 3
-0.0949711124046299 0.616940575836337 0.533250575477442 0.0240937090611265 2
0.656919843211351 0.894008550633193 0.710340162884195 0.137357678986479 3
0.230514246541463 0.375207254336346 0.227379017398448 -0.00356651433625987 4
-0.0763542530585478 0.39056007780178 0.107671379261466 0.256240246013102 4
0.314052296764692 0.436684879007113 0.120693580074639 0.256200904056105 4
0.730104904096524 0.50549553400596 0.529586963670965 0.149606445641901 1
0.8710851733631 0.471806256896422 0.454013061968213 0.169649078597557 1
0.137087269887616 0.506083752136879 -0.0649287938669572 0.0740730016139069 4
0.493547028564468 0.802671451935645 0.673138705127671 0.155274588636836 3
0.200947663912341 0.786943162242691 0.596825532467477 0.196904511224574 2
0.113566440987019 0.63157703639324 0.695694954738383 0.295990189718893 2
0.61475620275276 0.839572243756989 0.77039346149744 -0.0049076054123586 3
0.561800718667433 0.791883396428134 0.975118325901033 0.0315733948641673 3
0.794695454412273 0.422442602218957 0.820821592037523 0.100928718981491 1
0.112470700429893 0.632163662699794 0.570481236133517 0.136782216021691 2
0.142479826243684 0.195793253971449 -0.0694380959178065 0.14527667248643 4
0.776460539252233 1.00714679200568 0.934790288061794 0.18723895461787 3
0.00684180148618203 0.671628098265284 0.401134101778385 0.172221733640003 2
0.818876583569409 0.328905385790461 0.79997063299747 0.288192645899455 1
0.0721692617601853 0.464924803451132 0.632712125747553 0.183338302468381 2
0.413625482773222 0.876919445696936 0.85829184314397 0.221450893690999 3
0.697863537057457 0.816086328461986 0.589165707040965 0.240560201497286 3
0.0767385913634138 0.696563705703574 0.510801229135853 0.206745934474957 2
0.146027055190868 0.40340122592282 0.585506290112889 0.306290050224126 2
-0.0276350880507915 0.433757682107462 0.619278114207897 0.164123217055672 2
0.598125576718325 1.03104897274495 0.950075050384842 0.0436121625377622 3
0.593226548590853 0.806508049901101 0.870153693260125 0.241586624440951 3
0.843538342526009 0.962496655450497 0.983676831262818 0.0611909047272706 3
0.765193661665145 0.890020873447111 0.84023360132093 0.08224183795908 3
0.269112006321783 0.712458330979072 0.665776913797362 0.134369515660281 2
0.235368778414085 0.491546612741443 0.318912006034048 0.173708285444683 4
0.0964616193541302 0.338580231219138 0.16925284104245 0.189224952344209 4
-0.14258386262536 0.487091612767413 0.467845152287987 0.170977068846012 2
0.215338333443438 0.266009344518343 0.120806201964493 0.146521878978191 4
-0.168512186976225 0.264567408183649 0.216776083039028 -0.0297698316490749 4
0.0400574993486831 0.816399717499398 0.572262611656112 0.0189788512950377 2
0.0126953755408808 0.493742684818414 0.645773894929861 0.271780828240243 2
0.0469383901914812 0.159007453485862 0.102734175358815 0.10503188537993 4
0.107738238666137 0.600578768156264 0.405866350523131 0.25583153644208 2
0.316849664217967 0.478198750836009 0.453542015014643 0.0955047307069306 2
0.679535433896969 0.940723157384288 0.752606173918906 -0.050064777172002 3
1.01715405088282 0.258893366594749 0.560591189416576 0.200566637925141 1
0.638376566694238 0.911123161691953 0.839249969908331 0.174694014392429 3
0.142891214022918 0.355141721646266 0.0872302634956149 0.0601106859658923 4
0.19123916435941 0.556531686147144 0.78657951128258 0.140781936034641 2
0.608634026952976 0.897496461621249 0.911881586549934 0.0420146216477596 3
0.965975738826305 0.355040579287111 0.668452855190538 0.246867431636936 1
0.613741350667297 0.75859263911269 0.712370929556189 -0.0105187903006859 3
0.086124003659775 0.411318912351859 0.0693927957190551 0.277862791676296 4
0.640249378976867 0.958381210674356 1.02194134913643 0.0701772713504522 3
0.247174896126166 0.610689749290952 0.680159043939537 -0.0722342284908051 2
0.105195757165418 0.35705811852041 0.009488509423158 0.184705874079145 4
0.709854852374746 0.876353179825508 0.680546060006283 0.0402674166255682 3
0.0440591578822636 0.649336827809721 0.57838353579025 0.0806967689443314 2
-0.0754222773250256 0.649555128345155 0.662300802702391 0.0552904144546585 2
0.230931649271747 0.376696767967715 0.0585138753759963 0.0828935206644035 4
0.0733002284972592 0.826185880622457 0.715792725081503 0.216564554527724 2
0.188295799940179 0.521864047367427 0.0427509294121696 0.0873391666301636 4
0.831665098639021 0.962854866650344 0.829675389040323 0.0826784535524846 3
-0.0265279728718194 0.703263675360993 0.780019214028437 0.081132399419135 2
0.80657499022938 0.846988096206453 0.791490577855369 -0.00109605642302421 3
0.133223390664506 0.577842282610923 0.43160260824549 0.3610598896565 2
0.708583386866831 0.368978349380891 0.540689006514768 0.263968125832704 1
0.0590871735386076 0.543158251122772 0.586046787778811 0.0974544303648315 2
0.428109909227618 0.898672625158423 0.849874269535107 0.151303754035118 3
0.111088302901123 0.616795263514068 0.505978447262427 -0.113520099511415 2
0.0606414054913261 0.411094528767612 0.145619368007903 0.187615641935938 4
0.144078857958535 0.43627412149557 0.341108173058075 0.0772251288380681 4
0.022311558802905 0.139284946683645 0.109554711209332 0.104392875265396 4
0.0336786550668185 0.471040340540478 -0.00685917238659958 0.132866924053601 4
0.0677039360731982 0.517713233042185 0.804879629540428 0.0726150695339459 2
0.179498192809092 0.260499664231918 0.0849084827786166 0.12963103784923 4
0.131393010460204 0.612189843945559 0.568434046095316 0.134099471843029 2
0.508230582551542 1.00097065798201 0.840113000966279 0.14410930614397 3
0.191098139628038 0.350111771171525 0.14018782397521 0.145247916115096 4
1.01897724986384 0.416534943011087 0.753382308279499 -0.044200640995175 1
-0.0593624968958473 0.614099781788382 0.727026859562731 0.208586518682102 2
0.0140433326658702 0.31953273710016 0.249077159624157 0.210266165705906 4
0.256507002988918 0.653576744737823 0.697043318955723 0.111082997547858 2
0.0766897188648118 0.25032274854455 0.284105100893204 0.107058437171335 4
0.377784189304126 0.571178588784119 0.432537861859077 0.108976300426731 2
0.280682041175979 0.432976412052624 0.694521425335626 0.138266758307542 2
0.194839109456761 0.536007132260427 0.203531406596026 0.112763593743349 4
0.132461486236762 0.603696977385357 0.563579167869835 -0.0214426790066846 2
0.510494294966535 1.02178940559892 0.911623364114797 0.330085278113185 3
0.136545778387166 0.65525421890997 0.584140792115427 0.184926735062078 2
-0.00466559209171916 0.282342855178254 0.219233748580952 0.245415606048629 4
0.551366605218972 0.996772900528601 0.867452044316687 0.198716616429549 3
0.540223630341215 0.810670247102332 0.963974923028872 0.155982615018685 3
0.013584107875343 0.588806118972256 0.68932538661666 -0.050962852060898 2
0.151942121834839 0.512012971971266 0.192216896765914 0.0329951127688196 4
0.475084636243972 0.831113007070526 0.619501950327975 0.310670338810986 3
0.295300803992572 0.526356588714393 0.535143038511355 0.152491412371901 2
0.618006722634324 0.690356275389103 0.785324757310942 -0.000103625590786555 3
0.196993919750153 0.541226194265256 0.496908010927381 0.161949748526255 2
0.0816327384405045 0.738417687740037 0.758524261382925 0.0514177496624398 2
0.189203104373479 0.31607677535683 0.186986667796621 0.0610672064776243 4
0.297535311212884 0.401883170734931 0.0221719135971187 0.0948813497101787 4
0.0889879482395053 0.338004442868869 0.20624502551795 0.137065166370207 4
0.0549671001072912 0.711912097633847 0.397695065987662 0.0458417349832963 2
0.78493429530122 0.994186474308044 0.906221919236254 0.123976477816857 3
0.0939387377683144 0.306466224211265 0.103022722520894 0.00583011358094028 4
0.758173214123964 0.855020910784915 0.781547268340613 0.0517814920175538 3
0.144847855682887 0.607188814216422 0.856188844449391 0.12219976923512 2
0.082421953351133 0.39223752564102 0.102581662936276 0.00482883955887631 4
0.576964242909509 0.852689739555869 1.04732208742077 0.0556083056309636 3
0.00108088272966503 0.374304305149813 0.16474808422256 0.197154891306996 4
0.644402917982636 0.904932031860838 0.658785640409501 0.0295425596370983 3
-0.0586395227298856 0.519905347287771 0.776399749082724 0.111300013839953 2
0.700044679073304 0.942179079090357 0.887481609277358 0.0068853249434844 3
0.202984747883509 0.592681304064072 0.550001316025637 0.150197452117345 2
0.0450686917174768 0.7293462562798 0.781074173726811 0.0931668991381525 2
0.0495453212295588 0.732410104014114 0.665016219908162 0.175958013178167 2
0.095178897505031 0.300759075371305 0.265589869461099 0.0105527864351225 4
0.130877006892444 0.572914835994875 0.119151188697763 0.24033188151979 4
0.125753250945196 0.639073568116314 0.687301341895214 -0.155634515814835 2
0.300045211474547 0.676691513731598 0.603075675660897 0.148119138905542 2
0.280805761576093 0.573841430709558 0.58833778693383 0.158505050713309 2
0.433158633832035 0.50527151468704 0.649982357697954 0.164257736913079 2
0.921733037322588 0.437680709214498 0.554785520222169 0.201565075984198 1
0.569829468640055 0.905685656306583 0.713718657881908 0.0106297646667208 3
0.568773989201024 0.79044922480887 0.975860145509491 -0.112354960721068 3
0.103576281614598 0.53703158232165 0.6834952263948 0.10340136604883 2
0.29172508377491 0.487834142818793 0.538158367618779 0.252952384823323 2
0.160955772267185 0.211623093432205 0.141627353269624 0.276672984344355 4
0.616659160051205 0.866016821801997 0.954491671207921 0.0368734688193098 3
0.560359956701437 0.83593393339154 1.04375635624036 0.232660851276697 3
0.0905115130373841 0.601477890271585 0.63252724628108 0.212016521605019 2
0.0936068485396299 0.515847174348491 0.14080735989705 0.318372378976811 4
0.188646859946249 0.620104378401184 0.727619753975533 0.0182537645397643 2
0.156051042141213 0.502752703572368 0.665161529111314 0.0766262942808439 2
0.0478539878804221 0.792230131044008 0.501362075724897 0.297357927397308 2
0.0475500376340812 0.678469289836108 0.584063727258003 0.165948493830188 2
0.452527363583071 0.939100746320366 1.01311342490177 0.164317935202179 3
0.624362227607318 0.736807335700601 0.768318192771053 0.0755057304433854 3
0.213918795310237 0.379284444059735 0.125668795918714 0.0714964009537999 4
0.0543807014153918 0.766461015774846 0.755239896954341 -0.0402785614840771 2
1.04007423895983 0.276349720957405 0.506489480082381 0.180751689713743 1
0.712903472870563 0.585283156990071 0.561810680886603 0.24815721116171 1
0.934400773179617 0.37630233002121 0.552919612186192 -0.0699861026163783 1
0.195825869775139 0.514580869689981 0.0557900736995495 0.128041104688261 4
0.170906027930399 0.697531193530111 0.546728086725886 0.104058646765153 2
0.873140408281889 0.750716851030878 0.732198799943248 0.125978147868565 3
0.137175968069948 0.803734544652304 0.528758489953084 -0.032732861085487 2
0.674064173045129 1.01201984235517 0.80228260616231 0.227195665494525 3
0.155283079990378 0.833876770644003 0.480375716861388 0.217872091662174 2
0.174693987643933 0.444636808650581 0.249960416247942 -0.0167214844368171 4
0.788796870413773 0.81093366970217 0.993901361931823 0.209273567378759 3
0.893011310735513 0.187745285481982 0.63194582307213 0.0561339408066431 1
0.0200968572550719 0.750725780035875 0.544033357512235 0.268024265705695 2
0.0209296372539087 0.579679663226831 0.680305835475723 0.25503816358807 2
0.801158464306532 0.30133112565847 0.557823142925006 -0.0113916545851371 1
0.0929515012841268 0.464607599658531 0.612468148054759 0.175309297803394 2
-0.0169522060336893 0.396579941261022 0.287280373589814 0.0415581354033164 4
0.10519132986409 0.517099256182009 0.26402236081606 0.122923240527296 4
0.115441701380637 0.414744583606987 0.0503967578466416 0.0643919325410169 4
0.193689841055925 0.638659408269738 0.707458795836157 0.143093365696608 2
0.17247526220098 0.492277965716673 0.546830670463097 0.181543959077745 2
0.153776514196576 0.682139752206912 0.689175324548857 0.0351950705021925 2
0.632438591221287 1.12563564989956 1.01187444535018 0.175061197904306 3
0.14770949352988 0.587484052786991 0.814050069894934 0.0706918665842517 2
0.223749160884035 0.455120976464182 0.893929715378425 0.163211576945689 2
0.11318078074698 0.703913595375006 0.62318051128336 0.163393656248569 2
0.1814223060967 0.815355303500797 0.543370070405072 0.191150816449663 2
0.650071170506723 0.852424791830536 0.971220699417422 0.207977867531053 3
0.238713998581655 0.458183048355307 0.492240657545839 0.182462383175665 2
0.0523589003603012 0.705917303078737 0.726805394002954 0.0474856138337331 2
0.789214389389424 0.401986578519683 0.657351341226852 0.248711560168095 1
0.080733246311239 0.240397641113523 -0.0146202524012149 -0.0924698470380705 4
0.778293925233092 0.83181593499483 0.915738185813831 0.0432322255687887 3
0.848167802389371 0.456263981776606 0.553141224145876 0.0648729175794086 1
0.116031975943398 0.397810175844343 0.111549256152033 0.313098224181592 4
0.938872852038471 0.276098073190559 0.563473168671342 0.121511962552878 1
0.567263555587273 0.974363578963061 0.802192692034906 0.270306986704862 3
0.0745216387417077 0.655864633167667 0.645640431550053 0.0537220922349561 2
0.206464860011611 0.444513854594072 0.343960314717664 0.271663976737333 4
0.716374410438169 0.724389859245756 0.92999072151861 0.301075567466002 3
0.0672606048294669 0.302894605844574 -0.00199094399363281 0.145045055790792 4
0.0936773504097337 0.367634462434277 0.24820339756466 0.0657508910419928 4
0.142533647417233 0.412995532464833 0.00187367811588821 0.107526337201213 4
0.12791333603075 0.628083947484466 0.77263084985148 0.1532537173396 2
0.516783960955869 0.806149191577695 0.71027843278559 0.0991614296552876 3
0.18449750863576 0.535136410911127 0.107401282294325 0.168807886729752 4
0.866796655373565 0.291058540104063 0.748426865960268 0.0198420162777631 1
0.263137607102913 0.365139161448519 0.0619734462023626 0.212681648172157 4
0.796839771669821 0.936353753829778 0.897415027644504 0.140321627019392 3
0.187211781121629 0.563541985687625 0.553354350266295 0.0355971265565724 2
0.0030896055812189 0.822158747642979 0.538133362092505 0.192871290077316 2
0.159865568672231 0.36491735490164 0.166126495143822 0.157323935067452 4
-0.0206824599745659 0.739073673244194 0.625218750016743 0.108845880698985 2
0.185115948162426 0.536231408751633 0.283696658905216 -0.0331446585113304 4
0.0400087168176714 0.436858995321483 0.677791353753881 0.20521140461665 2
0.02718537104399 0.394850816082192 0.00305109469112952 0.150854437695774 4
0.161782256353314 0.584956025252773 0.804639266885096 0.158255345795521 2
0.0796197115660886 0.763108370089643 0.604862398464332 0.157216529871776 2
0.135804978057823 0.318690294658762 0.0728661378939615 0.102748772308504 4
0.807295367502151 0.44682818823455 0.713007601725651 0.105898720842766 1
0.707030400638806 1.03383811381488 0.584515696885076 0.0565203146528619 3
0.198939027353725 0.35857199187721 0.0973474291837574 0.117438366522104 4
0.561247286697475 0.787631230110069 0.73672032086754 0.039660237108946 3
0.149159687179937 0.562400934642052 0.130006022014473 0.0893916509015528 4
0.142729874136968 0.599037014272897 0.631297138845682 0.0818793552308413 2
0.206487514372907 0.492781321453417 0.746924849969692 0.119321931808293 2
0.257007621858248 0.523445789741184 0.034538634564519 0.123426334126161 4
0.193151674872334 0.357948950988268 0.0706338140815033 0.049245824828169 4
0.189486182268842 0.232702061989751 0.20389232433436 0.140043489269958 4
0.229988013861388 0.56365135061879 0.603145922955521 0.108900449817453 2
0.127016761241078 0.426018666467462 0.233484106002533 0.00516092343962248 4
0.432469058490315 0.974418490605466 0.975366533120107 0.154295701788563 3
0.930600930613989 0.485293446085235 0.390613045207253 -0.0508587663574742 1
0.952220142701063 0.473800248947066 0.369181023981045 0.128925306466939 1
0.184685564389362 0.14247457499464 0.103370844029778 -0.006718079838053 4
0.108033333116535 0.623040662629995 0.576170553972429 0.115880267600467 2
0.730221378762347 0.249118223193363 0.486151128687186 0.257578456724695 1
-0.032514444610428 0.590009699033591 0.367604385614539 0.244607281228815 4
0.209811705810306 0.511373421634672 -0.0492761287597816 0.0939999888919116 4
0.257528141766993 0.420424123241104 0.21593220260966 0.0627441825914278 4
0.135208233633245 0.335437057245127 0.138506941549054 0.0792228347866767 4
0.779128094973038 0.479841669722676 0.583452905539799 0.0413325160959818 1
-0.0304816016165606 0.596021176634214 0.0233332751785188 0.0371170199151431 4
0.0899127162535641 0.223438205935164 0.206165402742378 0.146467864008478 4
0.255438177858225 0.663035468521886 0.689536114213415 0.234909388044738 2
0.204919836390367 0.368329147320917 0.0115565369904168 0.266207534491843 4
-0.0594098303856124 0.705753391411133 0.588743625399314 0.0982532824856596 2
0.676667551791441 0.842216618567894 0.782070725276682 0.129629952103804 3
0.100916471428784 0.360479368078914 0.161128191642085 0.0547056403833706 4
0.122698027659376 0.531092980343807 0.356935869845007 0.249969950208368 2
0.607369701017931 0.718305081577907 1.11367587525235 -0.12036945779665 3
0.184234341490183 0.529518466335243 0.557225019425361 0.214263272686282 2
0.0133470298799271 0.480003511274299 0.651280840522723 0.239778856484817 2
