0.244867947959563 0.931912293928928 0.985633117619336 0.97788364415101 9
0.603112041299961 0.410726306039215 0.203041481652502 0.383384274719518 6
0.597587583553274 0.621622264685369 0.601485806931607 0.609176514721309 2
0.291379592514672 0.823139204919911 0.779265272151076 0.644711816976985 3
0.34852484195414 0.318669047963632 0.244959942923359 0.973598042247219 7
0.845551371573993 0.435555977337522 0.226008496046878 0.430305622467738 6
0.798137249924905 0.326666486920031 0.268546279627995 0.326521360965206 6
0.403679050405559 0.274920352771289 0.270970474114219 1.01567102402037 7
0.334487575347094 0.933974340477224 0.896399822412172 0.9447726689426 9
0.237279861701326 0.953655911122854 0.866825542692945 0.99102536377507 9
0.253171629129926 0.927677150099703 0.997473082723111 0.854113846737806 9
0.636562564231829 0.691813716478736 0.465082840628975 0.364481687771534 1
0.29039461906046 0.888960300852921 0.982033327619653 1.0025025001931 9
0.235381710135035 0.901615404538742 0.920220834515469 0.766090837232427 5
0.208245308044999 0.297331541019336 0.361807273381454 0.953824471328069 7
0.252989941281646 0.285548479713805 0.26879265361952 0.934724851224986 7
0.205638267326007 0.443365601303859 0.313525465607137 0.959829189060454 7
0.562738558915722 0.608891925078627 0.409606801783311 0.621589679882178 2
0.574264036686985 0.702030459999104 0.535297435170369 0.4758875065795 1
0.0985255348705054 -0.0273448562160221 0.212631080999951 1.07841199300223 7
0.227677790078351 0.448169513291807 0.350750218864915 0.90294470007287 7
0.75041114275043 0.423696511491917 0.377456027947612 0.370221060556706 6
0.210194496029809 0.262769740146297 0.264966070712323 0.9062846056998 7
0.23358880426886 0.936223077301925 0.977934358176281 0.98545826334927 9
0.52038787631708 0.711001522054768 0.507308931197167 0.374537537789411 1
0.619062818949486 0.722675524152547 0.506335100534463 0.373930923355205 1
0.554871767990369 0.67558190218397 0.533296949630137 0.459465186641638 1
0.592950168223361 0.297417129296299 0.351160563825337 0.286860679784198 6
0.657980824896603 0.735615334690972 0.466025376976753 0.430131653824417 1
0.179667793486397 0.789817278241435 0.904003264475638 0.698806246282939 5
0.612838586825935 0.663493779754345 0.515296467087286 0.623983687129007 2
0.403352094059528 0.857135958182237 0.682172502671027 0.782027114242412 3
0.184480838002693 0.152530012872349 0.442311197241738 0.819896082798537 7
0.237646021409855 0.366985648343875 0.151808752929343 1.00026906085066 7
0.352268707653898 0.0758283735291362 0.382543155476278 0.984966695551382 7
0.59726883622127 0.535017247572193 0.419541551820988 0.572518768817239 2
0.64801969712108 0.726906638947535 0.458625528383512 0.352502042298923 1
0.751621408738709 0.489335558238607 0.387399520926176 0.515559150680752 6
0.229481036865965 0.694118768674635 0.90935701835953 0.651845788725386 5
0.554739067986336 0.757883247198945 0.536470577643558 0.43534963615136 1
0.391249669534688 0.977111839130287 0.644215069028923 0.656872221704893 3
0.222517746296229 0.970806524590957 0.878299261644689 0.896906909112287 9
0.136590445943776 0.174189613952136 0.215375440492604 0.652773705359807 7
0.594659822289999 0.712340613747635 0.558276409917937 0.359794530728434 1
0.469530597101363 0.176448235868436 0.106591029756007 0.89828251266122 7
0.0635291116976106 0.762582966970117 0.931438938429136 0.767501845450001 5
0.40445718957488 1.0119013066552 1.07178973773786 0.953085406639422 9
0.196256391770763 0.7875161915364 0.973049212105249 0.674958357178371 5
0.567707505605881 0.740966921331067 0.545970581116182 0.383213599046283 1
0.228754516981871 0.840909654598142 0.96437175977643 0.647786118389946 5
-0.0422408089496061 0.475387814193208 0.619644142007525 0.481612252660393 4
0.291257828411433 0.97796041954638 1.00904708444654 0.981169429849959 9
0.565569034686573 0.76784295162749 0.5133734041091 0.431185386751788 1
0.0536974261756018 0.309447300291007 0.29679439441768 0.999238638777399 7
0.606185881061963 0.469605660681776 0.46987909322092 0.349477741582719 6
0.61129484183686 0.562108583587716 0.416083957223054 0.603289301567659 2
0.595343041623976 0.646193825796346 0.466451245963353 0.583745119211653 2
0.227615435945096 1.00821132122318 0.942062879324791 0.943060408808687 9
0.587333828126862 0.526436282672816 0.535559644791288 0.632513739790089 2
0.0493238061215154 0.806056164403243 0.933927813117567 0.751383911708685 5
0.639756269352642 0.750778256925229 0.440793011994066 0.436351990441938 1
0.519388386929796 0.716861527458953 0.503202252095596 0.386983714659961 1
0.154474406621309 0.35869409210349 0.386296195794535 0.0567651488266299 8
0.792567902898802 0.435263277117749 0.349886271436405 0.312744509547641 6
0.277574101257378 0.99059832773985 0.92002061518019 0.906839590313171 9
0.282537512791685 0.891745327635632 0.971543953786268 0.899537042332145 9
0.107121361438365 0.826018576540943 0.995328165399219 0.731247189544462 5
0.835072990691265 0.283377747146615 0.23407709706557 0.259290885328873 6
0.262635462519997 0.827122840001466 0.97182982119357 0.844240077846417 5
0.642224113302745 0.65999186983112 0.412138924007929 0.373930963049384 1
0.487522949009179 0.982291759869783 0.517943717442221 0.548839569729944 3
0.608145144822711 0.575595528047368 0.531847700887973 0.671916441629648 2
0.124712200477341 0.857767710837313 0.933517969772422 0.767344672015502 5
0.804525491934041 0.330344450050554 0.351578831135863 0.386766496782792 6
0.311533419643989 0.865996003473226 0.992134508428637 0.956845727138927 9
0.105616241295822 0.858807233005845 0.949607748059669 0.712758579960422 5
0.283893199087025 0.983247052045013 1.01703207103123 0.989013318077293 9
0.167297217630833 0.881195369013746 0.906724811734285 0.603367755405326 5
0.218507884059216 0.301104578018359 0.301852889585642 0.867255181260489 7
0.722532851178812 0.373572501724809 0.222556495613168 0.431990454792312 6
0.310448795897196 0.957367154503385 0.936020584735506 0.995902898895584 9
0.282685595820904 0.9444232834862 0.932571536756869 0.957088801583079 9
0.17556602856617 0.770418351868153 1.08330907891216 0.757689809597294 5
0.405585831230592 1.08516712673036 0.90514282014871 0.949747793641333 9
0.162132779762344 0.905525162139665 0.911166611068976 0.779639157501928 5
0.761692915621008 0.351923413274971 0.277414473730612 0.343749219016223 6
0.567496302480909 0.714141795345215 0.538399527393978 0.350530613156984 1
0.268981824164809 0.204614105243048 0.161418274064795 0.949763515565569 7
0.793973727703275 0.317242885090877 0.103247051425835 0.2712053680502 6
0.199284374152302 0.793733164186169 0.942293925211702 0.739754106709439 5
0.0371882333554384 0.0996853039108376 0.100947180590366 -0.00527102881970091 8
-0.194266681516057 0.193839095508834 0.392319634822643 -0.0420263607739717 8
0.272202897591218 0.974311722003097 0.999625070458523 0.945002321786019 9
0.351940197189651 0.195468142479263 0.427670577262052 0.81449479496488 7
0.182758866739998 0.0642721040358445 0.353030306866883 0.960367894842528 7
0.167302085310318 0.306986092533561 0.379810179712256 0.98472230003677 7
0.193606143068882 1.0039134191189 0.95723832173811 0.887963826150499 9
0.164945730447995 0.839321972050403 0.869469991357595 0.710602778821415 5
0.617460646074748 0.63609291713842 0.474075833548025 0.662265446087525 2
0.524918958854213 0.686926870641637 0.479245358694454 0.375237853058332 1
0.823096658162706 0.368917300569994 0.29699788306709 0.413521026081495 6
0.318276978179056 0.891548883733467 0.918971611572702 1.05534537884649 9
0.251770652509155 0.9704384148569 0.97486063077538 0.892742974411202 9
0.638268528098713 0.718134178289534 0.543448507749141 0.35502630707512 1
0.242055270973948 0.753553853922678 0.849643624831025 0.756776750480251 5
0.716787685437423 0.545460095933105 0.517111690914867 0.553311126169088 2
0.0957449162406046 0.905751608963547 0.95957708131706 0.765782110418123 5
0.635980826359161 0.616874754899206 0.516249562391082 0.627070541327749 2
0.611975478551378 0.700499488463658 0.457267682619548 0.609654018565958 2
0.862396299295332 0.436998515609318 0.266156097123011 0.421654220252328 6
0.204780399707767 0.802518921194619 0.99364504313631 0.747990151863126 5
0.630978650114371 0.300829185329854 0.331162621840192 0.329924862947434 6
0.163474408421208 0.916714194242959 0.933367244218405 0.732980249923805 5
0.0855100229035557 0.849935877143496 0.872235668559145 0.724678852633484 5
0.295985073176014 0.901401152651358 0.875482554256696 0.979230656365628 9
-0.0204368215761489 0.457668247772297 0.759583079958976 0.584321005962217 4
0.183474088061608 0.423355549454067 0.548235504166674 1.26621484704539 7
0.168983112035617 0.840098283352145 0.982347839861824 0.673256845193312 5
0.602114210725018 0.615783865958135 0.495555080664642 0.660129234138031 2
0.616879464808225 0.794274663842618 0.517729033240357 0.361338656910617 1
0.58102595755777 0.604828921573346 0.545115383510653 0.649398538123298 2
0.312600581961084 0.868107667291291 0.927656857186128 0.951929414317944 9
0.600047047856024 0.692029814797558 0.481878208796443 0.614670188730788 2
0.207180032728767 0.432206400539896 0.181470207686306 0.961150985456424 7
0.00691401390545201 0.485302585133171 0.724364509240156 0.668230907002333 4
0.105638993172494 0.780091358541598 0.952460278431856 0.711357846405145 5
0.397439322918907 0.921258068568276 0.581431447508948 0.905319737467924 3
0.0472059810974185 0.53886805379253 0.72882685231942 0.513030435664889 4
0.481722039542471 0.791839527464674 0.456571023341358 0.422840688368533 1
0.670496337674781 0.573512035947566 0.541086281314469 0.561923949822628 2
0.607232359608843 0.549820298109582 0.492554625824539 0.600819535512909 2
0.207120585823139 0.0289422323247045 0.149375558281734 -0.294075179108289 8
0.667244495479697 0.441276017241491 0.301152157964483 0.415669399259179 6
0.156985674200248 0.351685735710151 0.167933716250765 0.993107106805811 7
0.192086889703814 0.816685901304923 0.980592876190839 0.692343466667926 5
0.0133253105646428 0.528972202902057 0.659118031048106 0.431010627743115 4
0.205266542330113 0.858820251175787 1.02422327754074 0.757462519881708 5
0.655114443770125 0.665347533285589 0.557468568025409 0.327612338978431 1
0.23677971995308 0.872235362706541 0.987587462972181 0.92446831208342 9
0.485909901953278 1.05677194060864 0.597894339286587 0.776480627334437 3
0.051460875719192 0.869473488126057 0.945141262051639 0.764089318135847 5
0.508168086702393 0.0222452420834139 0.418290672387442 0.799653308891911 7
0.625140748048835 0.645371472108849 0.546499184478797 0.392496118123441 1
0.619046427878899 0.610053728996579 0.495752862461384 0.576667563324771 2
0.21414394606327 0.825194398225071 0.968425658023386 0.773983536290116 5
0.0912481915860785 0.845301194668318 0.892278484934589 0.739591492452389 5
0.175383494960822 0.384147274425957 0.383773940976815 1.10424343181628 7
0.296376561420882 0.95116705933309 0.93142154892358 0.892413254609451 9
0.0546009252702336 0.420156703082078 0.692072121213722 0.540871155043453 4
0.702917971377696 0.684608950348133 0.423289753794685 0.441269254012861 1
0.0637109517758547 0.477891145611432 0.691775698521271 0.612688213700571 4
0.638676343362756 0.740789040592442 0.501326779968877 0.42094469940142 1
0.595550627227119 0.793384392970668 0.490108821100077 0.374937975277982 1
0.733665640892084 0.440378285272447 0.299571340391042 0.36121719230535 6
0.126377640237523 0.32827618134694 0.237041823802941 1.08720538410074 7
0.290429530594681 0.979007731336552 0.838193894480426 0.967846197971539 9
0.713004372331842 0.727119355077369 0.565485280409506 0.423946622119034 1
0.218242642466776 0.875501660904094 0.976580034982759 0.871613417990416 9
0.29755689985086 0.563706016543162 0.748301684663142 0.361306547672169 4
0.349989657871901 0.962379798334358 0.730963197096089 0.747197748529863 3
0.154978678742589 0.847867313064566 0.908425021829712 0.796991273485217 5
0.319550909135556 0.970113235632623 0.982616517001819 0.913336016964972 9
0.305987590070098 0.956800133414442 0.931796244265902 0.860734008814532 9
0.273409568795722 1.00735542001137 0.993766984359214 0.93595901584521 9
0.267716346202186 1.00970825288206 0.908112501568547 1.04492124610894 9
0.270658655004115 0.925173726364374 0.903050777492313 0.957898483077372 9
0.556275581080296 0.7482292622852 0.489635557813483 0.428446860125463 1
-0.0221697225561739 0.517702001460654 0.83138253216849 0.587079803537189 4
0.653401211812368 0.719480881441839 0.502016138830384 0.449901427074803 1
0.333237093572833 0.85164053087972 0.930302508613904 0.980274999769492 9
0.774495731971609 0.298311772882707 0.234640561326884 0.219784568313882 6
0.169254265346314 0.350237705775805 0.248543268321606 1.16291919203119 7
0.725720179411124 0.354308293852338 0.265405497753601 0.358183920793397 6
0.628534210717531 0.547798731501071 0.439603653990233 0.5964099864622 2
0.575162186964681 0.597602487648643 0.52189155959429 0.343005444466731 1
0.716720488979526 0.344730920327736 0.231804697534118 0.379336516468042 6
0.705695615425395 0.213951165107513 0.309376820363522 0.295175829461108 6
0.184173497934492 0.782564959929416 0.966782051712602 0.759640286982569 5
0.479929956281378 0.215050102694168 0.185266840271685 1.01696641511807 7
0.211452705222027 0.194039841922385 0.349066529461679 0.899502853632507 7
0.630887414868779 0.668166693164787 0.473674550722255 0.650775361644466 2
0.211436448076839 0.983545628039875 0.899828320099454 0.955818754742012 9
0.125210934557362 0.46680137685359 0.665900769885179 0.644827477386571 4
0.616578043282511 0.689742358092954 0.410980788347086 0.405131065077928 1
-0.0492995817017883 0.0151409250602441 0.247450904899068 0.169663553723168 8
0.246516738863251 0.880558284981452 0.9482715777972 0.723946228169812 5
0.565638148600829 0.746717737059572 0.467821331506186 0.398536406090841 1
0.13194512875999 0.831592431081342 0.952723631516695 0.612495491023607 5
0.594364081785345 0.602671022296469 0.533367507476424 0.543017679393877 2
0.577752564767279 0.622462329838643 0.477938500347746 0.600873974401357 2
0.190309730690315 0.892103733040109 0.875749044909146 0.970326597520604 9
0.114842370870185 0.562538973372987 0.702143664829708 0.436438620556765 4
0.326194041827236 0.944627343136084 0.966207348200513 0.949077878667905 9
0.157386440903724 0.846513331466706 0.911812695012653 0.685141107382494 5
0.250901358031431 0.907292392987231 1.01071611486712 0.959242162635112 9
0.636648856923636 0.706132726541668 0.548900866625981 0.371875503419421 1
0.645648814551981 0.751707154107933 0.530011219369905 0.409911031510345 1
0.202951559209664 0.962985966204116 1.03567546633167 0.907179501839308 9
0.346700298336269 0.875727948130451 0.980821108143086 0.911605470618345 9
0.175010950585588 0.885242104329331 0.966227969599329 0.703065845936959 5
