0.648222112611556 0.954602455970738 0.747041161040642 0.425745155208979 4
0.445446331485057 0.914631726092077 0.518602760180983 0.520813554427683 9
0.142296559976114 -0.0346984980634326 0.742407034852864 -0.0163686858921337 8
0.28418447271007 0.955877032504468 0.547703433812586 0.535248558348641 9
0.63554119314441 0.122986789981764 0.538984996731625 0.667212908311978 5
0.598192097668882 0.972579782766097 0.674205976060018 0.482050467430973 4
0.306314495384322 0.290697621269121 0.731224011447047 0.415364730976571 2
0.0307435794534201 0.0916983853363672 0.613975541712927 -0.0156430431341748 8
0.628955406612804 0.953366132689442 0.795606503469793 0.503119046736359 4
0.139843705855357 0.043389302418186 0.52277678194035 0.158848886103817 8
0.0393233448742674 0.19790537759166 0.503252611841404 0.0336324385034716 8
0.0126034159273668 0.0487604930801095 0.636521539872279 0.150427607610046 8
0.589709973440563 0.196339505438004 0.441531864806899 0.712122404790983 5
0.579182775475521 0.180146861610248 0.45986746722187 0.707389197629495 5
0.805943692054288 0.397551697631032 0.631247263898369 0.85176182454195 7
0.818308578323844 0.378289444998811 0.506718056224688 0.971495645238666 7
-0.0162670899732009 0.0436244814521617 0.927665370661449 0.720433670571377 6
0.0411496619642779 -0.0713759573704749 1.04564529469556 1.06812610870251 6
0.382417296639525 0.411152539495737 0.842458201428257 0.50828523571923 2
0.72110648426429 0.854978774509505 0.735661103120797 0.532130658470212 4
0.845388297401469 0.325860585905807 0.552956925058039 1.05149756618197 7
0.418623004177093 0.265764146140635 0.874965711594699 0.405016920762452 2
0.55912827232394 1.02379863677886 0.667322918377243 0.463257296836164 4
0.923266768690814 0.297653057078281 0.450091062477748 0.974028004882809 7
0.133827964086664 -0.0274125043660719 0.482885141195061 0.911655436307679 3
-0.234016944500665 0.241795837947841 0.732898306917262 0.207513278064994 8
0.169987798314314 0.0598279203065275 0.702172105155335 0.265765205285648 8
0.113199587977087 0.135585239871378 0.993026935652582 0.859924180378546 6
0.738157057800984 0.492995570102447 0.587395226260174 0.966686845355983 7
0.177990030063898 0.204127346126535 0.407643173920567 1.02681783803562 3
0.00916919736901677 0.0324801718928598 0.865329730529288 -0.177445789588612 8
0.163476215856284 -0.0404510672849183 0.382528251840968 1.15357363827572 3
0.624383950515768 0.235499245439485 0.59383828745038 0.769757617789085 5
-0.0912606453243933 -0.0725307332558388 0.928063988558001 0.63765165942264 6
0.0260305885327976 0.0417359025643529 0.931048350066791 0.942192059997014 6
0.0335349000999321 0.0268014595274452 1.0709973872049 0.806288628942038 6
0.093985326688481 0.101949521157854 0.953489214206927 0.90349031735342 6
0.546868332118213 1.00773739885127 0.814788643916998 0.48265210990117 4
0.564556397938915 0.92591043217545 0.706353975711537 0.469163143510895 4
0.857650350879939 0.420415598821447 0.394838613825602 0.977533831596063 7
0.560602522750811 0.938677677343658 0.767407656246825 0.562520390865432 4
-0.175864992040217 -0.227751264083935 0.409918069335826 -0.0520679356534985 8
0.403794056311954 0.529768505311062 0.909896120093388 0.519540362833321 2
-0.0916926404882853 0.0751418480993496 0.755584053323027 0.0778029888497845 8
0.165311986619739 0.0023564857319702 0.81620532239021 0.850651173303927 6
0.459327622906015 0.959217631219237 0.838253911980547 0.581104803550888 4
-0.0644230355603421 -0.00719067069669228 0.506969916786306 -0.185240686784889 8
0.857458395056071 0.378177395029379 0.410749826894825 0.89832381019687 7
0.389069963658256 0.970499101388697 0.436672707414035 0.515663819874707 9
0.139258328331642 -0.0764600441065975 0.790886248025385 0.678185091719477 6
0.165417591470021 0.92229006454028 0.3989912770628 0.488428813402537 1
0.291390924732593 0.0740085814443094 0.935718432959922 0.823632835159393 6
0.267271465663583 -0.0778758656286413 0.449704763943195 1.09219819240908 3
0.666913303822294 0.975985836773472 0.69375759302016 0.414818824938603 4
0.779669201261295 0.353772238406676 0.492093126043669 0.92060586729759 7
0.333397763892179 0.976009827959847 0.448609625545452 0.48740001691587 9
0.64043746977885 0.16907498531402 0.535843261309652 0.596754326851519 5
0.630803480036152 0.972094195848336 0.730717220117573 0.566567876364946 4
-0.086639556767448 0.182400460266109 0.996786895267625 0.759780587447497 6
0.851372475626591 0.397591217694822 0.504666713352474 0.900002064908061 7
-0.130042035458957 -0.0998996585258809 0.556336355609544 0.0462641808256973 8
0.0260821618451617 -0.0367422129412334 0.508234341041705 0.168305055353698 8
0.552266257037893 0.95587277778917 0.793035538639455 0.456971865347627 4
0.365411430316205 0.928793609056164 0.53920104127194 0.50059044662318 9
0.207098429943507 0.150819022382969 0.971682438083618 0.907141641320388 6
0.59709569209113 0.88841413779786 0.65830841395529 0.591221549030652 4
0.153058051527305 0.175696648012877 0.984208281691338 0.813628386200943 6
0.514790456452635 0.913734999357163 0.738728883388386 0.562618140527455 4
0.156701521624402 -0.0123121353036604 0.556378621755912 0.0848250187653728 8
0.430522159106535 1.06134799058878 0.453219619770991 0.522454276159663 9
0.338217999398231 0.863870703651723 0.550611815223242 0.443473734837037 9
0.715843240080169 0.300674934821648 0.616127578522031 0.774617633205281 7
0.387036439473856 0.850065519682901 0.46669137538027 0.512627404974661 9
0.22524954925814 0.105686774277116 0.956106308599487 0.935121023184952 6
0.151063778657515 0.0807044402356945 1.11222493295454 0.722518965437167 6
0.206588596344141 0.106981550329211 0.819979043142403 0.83664271865952 6
0.525379187990406 0.190635813537689 0.860952290657942 0.516616972554044 2
0.0827871966220834 0.0466268576861848 0.579276149358465 0.00392804246932055 8
0.0880000687144911 0.0803109974161975 0.974210476305222 0.731333455565825 6
0.755016903771545 1.01074820673243 0.725538930509 0.417164612175802 4
-0.0947388863268792 -0.0328874364093197 0.524660946687628 0.103166189660452 8
0.158609256408332 0.0607447237923988 0.366948685978625 0.242797477818091 8
0.134473429105399 0.0967222776444474 0.673973331063491 0.111055186790133 8
0.419919153621276 0.940907842629498 0.532197568125688 0.514761598588522 9
-0.0226697295077009 0.012158413422822 0.237097765153214 0.895618840009205 3
0.308171163809009 0.32687034820083 0.819611950698523 0.425672302960558 2
0.20761861297435 0.0144568907544929 1.10914773504038 0.799431718356438 6
0.686647880611926 0.133359658876575 0.497719871493605 0.662857639838387 5
0.63608949772381 0.19117402481447 0.479084599494171 0.713234417513807 5
0.22474308687301 0.0107731617984013 0.59867390114945 0.0911601731365143 8
0.475540250756825 0.995839105888472 0.449884814884149 0.415498121512466 9
0.823261891903984 0.400742064484777 0.526619891602468 0.957304992367044 7
0.198826248491949 0.0932185760866995 0.479279159625275 0.872834860122846 3
0.646373207030539 0.229046704450164 0.559400597701501 0.729680182031202 5
-0.0668948134474846 -0.136891630827633 0.944121095714281 0.821303940938404 6
0.0757463049770104 0.126042561738352 0.47414262520375 0.0170222362538235 8
0.421371250603287 0.960393554901294 0.453795794128897 0.536500295576221 9
0.00119661944254695 0.134365904676078 1.04421273219562 0.801772892062317 6
0.323633272769273 0.9501643308304 0.507027884264432 0.490114203120219 9
0.0535153916674469 0.127616233603985 0.934796610538592 0.977437672770024 6
0.841574065852398 0.353819043184651 0.475461063185016 0.856612818098298 7
0.82838367730967 0.350161618746528 0.529713990586568 1.0565538413439 7
-0.155495134326764 0.0133916946894715 0.527098126656666 0.0486446642763246 8
-0.110220964957801 0.13213332477528 0.991715246032594 0.628254384820347 6
0.559654701299745 0.393291485294601 0.807112156311953 0.650997800047623 2
-0.106254140908551 -0.0665438718837067 0.618580615361367 0.201247659028819 8
-0.063323644054413 0.140799358680158 0.842968692578031 0.743575547518707 6
0.156233729005465 0.97051195837991 0.40717350891202 0.504840568527448 1
0.0518315133177644 0.0852380669788353 0.734842611422395 0.0568551641384992 8
0.312938427504698 0.915432323069736 0.49941063623806 0.520071791384239 9
0.164192151687232 -0.0368454227196678 0.927028742813034 0.97402045486426 6
0.693359105777184 0.369330677756269 0.565901054677029 0.954170497620084 7
0.19988893371659 0.175836372339683 0.452252318058401 0.879124422547459 3
0.216911982336949 0.19140021291614 0.618439528354259 0.0715893094585541 8
0.174572940058564 0.0514358294562929 0.32377760175593 0.84112524271822 3
0.1921776207822 -0.0833435569510015 0.62456838181939 0.0321323826868277 8
0.0595171501406637 0.117420442506763 0.403614165063696 0.862813002417337 3
0.620152337117487 0.90065816157143 0.748238927488441 0.507909052143838 4
0.341764005129535 0.880559130165362 0.478492305168522 0.470886614089848 9
0.22991103168111 0.0778978473393374 0.525415241049346 -0.0121429146756005 8
0.641027254579472 0.866480745524879 0.738767794138086 0.483804021458672 4
0.320573321430593 0.123978200349433 0.316105025147616 0.869976835873735 3
0.49212120332401 0.208039753666188 0.559296565336164 0.720499188227606 5
0.332410284765121 0.922561753116107 0.456258552005679 0.517000130865669 9
0.675833703188315 0.258792323145205 0.481100800113302 0.613872386402602 5
0.365013321379446 0.474331398702268 0.811628820143518 0.439486675072876 2
0.0589157792125569 -0.156558598011735 0.955851463542837 0.925692379191361 6
-0.140637453937531 0.0518272275960192 0.885889279525468 0.824559209563344 6
0.621160701362852 0.0748928486959112 0.474767392591621 0.662791948841987 5
0.38128260974592 0.255097652449027 0.625093009914404 0.377618118769285 2
-0.029345654555716 0.062982550005804 0.932478254066445 0.789117577098675 6
0.593589039229305 0.974954454008152 0.693928881455591 0.484249299117491 4
0.0561106968762452 0.0941071773836384 1.02343868119928 0.705552547518947 6
0.605150583377171 0.11477530774205 0.491923002477901 0.795458432440076 5
0.642266773813012 0.234648701734767 0.47852365559331 0.704985718385635 5
0.663632144247988 0.875985998087805 0.610309534393413 0.535753959451526 4
0.385204321042595 0.977981872402013 0.528600969857049 0.480367864826625 9
0.0862735129827256 0.935756039054633 0.372388674240437 0.528524729057659 1
0.0523208557566676 0.148686712146742 0.578763660528839 0.264250704575735 8
0.847097406112126 0.295410585457863 0.500680488645702 0.906796155241098 7
0.598751779782004 0.933400958237962 0.666375449879257 0.452092866254051 4
0.380333312515286 0.91186870741649 0.441076207488278 0.480561615271945 9
0.640846460730349 0.0783081473938155 0.514550597136402 0.874548777681363 5
0.0879526819950595 0.107514833685733 0.547679843928324 0.956940343534652 3
0.167332885158333 0.947938427241534 0.375572131264725 0.527046796992238 1
0.220943032063849 0.254255331712124 0.624446769110462 0.173139581410713 8
0.800892773674263 0.385206550058397 0.416299188980338 0.87312528655086 7
0.489889937104915 0.431795774875534 0.90534008096172 0.553335047646009 2
0.0485975010400779 -0.128309221767425 1.05070754948436 0.811010629504078 6
0.039843913401804 -0.0694106604629953 0.924156927334826 0.654340668253861 6
0.647686248176812 0.913096506824302 0.745551520378618 0.452878885014787 4
0.0753773808014216 0.01377436138323 0.83168862009266 0.240426240251067 8
0.106631134167971 0.036641287300239 0.371019848139264 1.05675314947705 3
-0.152852298975658 0.126264899809504 0.83482524575938 0.789020417959874 6
0.341893295470563 0.0858165524805425 0.446244361818516 0.753272079518055 5
0.07573677700879 -0.209838484935567 0.571732083958055 0.102650620107325 8
0.617452980538 1.03905248004874 0.796043447637273 0.571250606615519 4
0.5861165956201 0.900194643175482 0.764452947400485 0.560299134972047 4
0.365292855997228 0.926704404644479 0.50995946035824 0.409211585803866 9
0.626986427367431 0.188325779895651 0.501079383325526 0.639045578552295 5
0.0726045355356685 0.116579394016619 0.56312809372624 0.178072959588569 8
0.493510309596745 0.245677523510784 0.827678937331974 0.409465926980323 2
0.338291651885581 0.935709774500924 0.494726982609095 0.558754660316116 9
0.100584453983889 0.0840074394178472 1.00519792873572 0.930274437132885 6
0.0851482674443491 0.0648428142440854 1.19938437293994 0.824448857568616 6
0.136100711709224 0.132020284802998 0.617069357966309 -0.0494175113898411 8
0.456757032006302 0.874105487611917 0.482468944300915 0.544176418900887 9
0.368305722045205 0.440638155901985 0.770374532306135 0.598132003843356 2
0.586537151767398 0.935583184253954 0.768246168467501 0.497538394653181 4
0.191893630475148 0.954486686250434 0.45024483251362 0.482559408803854 1
0.208591188486591 0.915093476915377 0.410339997484568 0.47433304723845 1
-0.0440595644571332 0.0700028205238046 0.268546744421546 0.800479157005008 3
-0.0268220692575106 -0.0781517836244084 0.812249286550843 0.0858749189946649 8
0.539494870949522 0.205567839801234 0.495812031692476 0.62332885511164 5
0.597851130161595 0.306039177899654 0.548242313356142 0.711156169249665 5
0.641396513837021 0.108484168619611 0.513670296105208 0.739892991949583 5
0.15849549422439 0.117529002579726 0.912321918870101 0.691724835963043 6
0.690767771361321 0.156201001820454 0.585637163691853 0.74393275278568 5
0.251488889993137 0.0956467426552663 0.632558714776026 0.227326896159941 8
0.0831212127615658 0.13584805599089 0.867897272504203 0.761699754699525 6
0.0424560025351132 0.096274466903373 0.89575259121936 0.707279323651827 6
0.347751964879704 0.217576465305318 0.869818597687156 0.0872435682639136 8
0.437546734802736 0.913941809528029 0.509296896971092 0.440872877680609 9
0.449831140818667 0.957061094835817 0.450415492622171 0.566480721384761 9
0.935524458787302 0.40901876813824 0.566031105305355 0.852169037758873 7
0.195773593643943 -0.0287493733130344 0.18961723251883 0.960043112869806 3
0.116797097056514 0.179559016750718 0.911813317182899 0.744427415493771 6
0.0835650151809953 0.019645830235258 0.482079216855781 0.894993709222556 3
0.651264675474229 0.909283568120073 0.699044276747626 0.448573370061363 4
0.123420275284382 0.941306944469149 0.375228729205494 0.51246475043843 1
0.661431656979764 0.944773228574543 0.754170541616323 0.581872986025335 4
0.178247140582438 0.108543869321368 1.07220917148517 0.682371701871983 6
-0.0358452442354554 0.0565784863023574 0.90814804512992 0.934997611378579 6
-0.00364300497445594 0.0409772734709235 0.399308520956287 0.879728820081952 3
0.129197322752144 0.186752996044653 0.838590015613928 0.711753474638173 6
0.27163307642464 0.0520476575239355 0.910334865375949 0.871808323273317 6
0.0863537722698684 0.127169319771159 0.437575024819727 1.1114857355421 3
0.631482257538836 0.934149191087636 0.795220186239293 0.443013088643409 4
0.111360540975524 -0.0943144133637593 0.739515044636274 0.129313197101967 8
0.0190482297953581 -0.0309376952650946 0.483680041018472 0.217644412421088 8
0.685533918608958 0.163096695503338 0.520249698881496 0.799294838837919 5
0.0864654677226189 0.049992607192506 0.907233008130859 0.826399207714672 6
-0.0310842879377525 0.085767813398043 0.408128200808499 0.250767540629917 8
0.867643059229081 0.356005191314609 0.529848527422925 0.891306863321512 7
0.404367592964801 0.867747896187065 0.508657539366717 0.456275300275524 9
0.409324250021993 0.265037068600449 0.927776770700449 0.493972499976278 2
0.452038096544537 0.926330208173793 0.516244366849631 0.500049402274885 9
0.0309156439741588 -0.098746655699003 0.890917749287923 0.176232010110501 8
0.0777723964380893 -0.154761658587014 0.371182535373696 0.840082035523325 3
0.0502396669799911 0.0392539713676739 0.635102077022746 0.083873580154639 8
0.141488945314458 0.0478476974483233 0.604071528110058 0.0412713642473357 8
0.187295832595116 -0.0152738479642287 0.585339951983403 -0.0940975192433404 8
0.0935617735684903 0.0871083595357837 0.471681076119472 1.13863478932601 3
0.589542351993101 0.956778193332569 0.750447194268073 0.431263761142442 4
-0.017454818127613 0.148634972111869 0.730767312848302 0.072963785546955 8
0.0548483498059565 0.0333961961399045 0.589298171092129 -0.185394684502351 8
0.122077269184494 -0.0293010868361716 0.852804519601362 0.792991030733216 6
0.120642619160893 0.0270956686817188 0.591762386140866 0.0113046427798066 8
0.169731615959951 0.102084860083201 0.37774163028624 0.00889782359079422 8
-0.0965744280599176 0.214664870652414 0.900725061564309 0.926416036564058 6
0.289671395148122 -0.0896310138397578 0.485604408153273 0.922586630808297 3
0.591757826000391 0.151168759936059 0.451588167375733 0.7119597732457 5
0.0688197450527465 0.0395174117062599 0.866876578025095 0.841103433106387 6
0.649416702916968 1.01756945961321 0.598999733495878 0.483680689974308 4
0.688371443051171 0.129770997901247 0.35012533573269 0.673632167688725 5
