0.283033444369635 0.317718755664125 1.1827328381079 -0.00216334550012502 1
0.636348806719301 0.916751350704977 0.323560111412628 0.405363141333574 2
0.830357950337919 0.772721497050928 0.0524770802724592 0.685704497356188 6
0.579995277183946 0.643340807605644 0.0118807802307372 0.688119911831846 9
0.70472089780773 0.483259591977485 0.0439258553321249 0.856055391336702 8
0.644711751650578 0.633984426096625 0.115308453441109 0.718075916131164 9
0.175381941281496 0.869080050966152 0.451106458998243 0.772456445327038 4
0.143611395769333 0.749143368340812 0.470030833582985 0.555676319976116 4
0.0312488104943293 0.867754459674723 0.452293654547115 0.663418321245552 4
0.393807121463476 0.160830967351655 0.179627112821294 0.784761428786151 3
0.717934844581961 0.499227459887625 0.0377056267273412 0.859386155200227 8
0.818994806108117 0.713826467145893 -0.0180842520904755 0.660574165802233 6
0.640444306996906 0.59512417871994 -0.0100042109169209 0.673088203519898 9
0.641250664632337 0.480504880526874 0.87080535212332 0.879371329707683 7
0.705427397411458 0.51539305221412 0.0612051415769365 0.846058928227359 8
0.502022432067252 0.14657021758289 0.757880422138648 0.0505556457602231 1
0.343457380686523 0.191439274450905 0.0899988649264174 0.728561957642739 3
0.436136409991917 0.0130335867757996 0.96019663007849 0.12008605465593 1
0.162377327340965 0.929630206880665 0.545221015237233 0.526909080642358 4
0.309948407549115 0.0360341727540865 0.962156215198034 -0.0195738259590759 1
0.301976026702202 0.698467714610499 0.453981427419104 0.133414804286235 5
0.624749559509465 0.585342793790338 0.040889787242272 0.768714196391054 9
0.574601022251227 0.610824623469361 0.045310751613442 0.738125211323157 9
0.143055450594753 0.85446519017005 0.323085345073867 0.596958398010406 4
0.1068152903861 0.627380355073877 0.461223000167144 0.593564099479009 4
0.243901122799807 0.844357136445492 0.455567574835935 0.555026794499301 4
0.142521961910101 0.908276460187609 0.635989022780812 0.566735368529408 4
0.101858002097038 0.747872113017948 0.500687479535096 0.553840073076395 4
0.235246243566541 0.875112117408477 0.602628393916983 0.524617257327648 4
0.0811160801291935 0.856729472719858 0.401558500990525 0.145124182769981 5
0.33235506838252 -0.0343197211533544 0.374373958989896 0.812093269940764 3
0.560057418975916 1.09343725720265 0.401983082265236 0.410305211900135 2
0.893646155452236 0.760877129611026 0.00425191472447251 0.566402021573149 6
0.172063146668325 0.950334215045313 0.396087832988597 0.687905858776614 4
0.284794255869368 0.151102694483958 0.861672100963253 0.0707353361803821 1
0.319828327489943 0.0152500470950674 0.14911297249761 0.94504033401001 3
0.112154999898977 0.723363295617016 0.575707760771511 0.522484505491918 4
0.0179174337030956 0.368230189897574 0.988321695863469 -0.0784639141953054 1
0.15990464364192 0.751759204801757 0.381651513435782 0.661869888761202 4
0.396927243283392 -0.00627939634071445 0.242454476177729 0.78227441393386 3
0.195370856917792 0.71634337733755 0.411145043384641 0.615486753210071 4
0.504988539500761 0.866117421884236 0.227710505715108 0.359212050112495 2
0.154702443989997 0.876981227763707 0.435265602745217 0.638785789995585 4
0.190712301437306 0.193555323831303 1.09590348459955 -0.199611325158891 1
0.704812109864891 0.997313784617783 0.322935194721304 0.390912349091617 2
0.160078249464494 0.112552121895652 0.801740369054281 4.91281714369574e-05 1
0.359394182903583 0.124698151148005 0.142482238682978 0.783047134925948 3
0.62993232274746 0.631211316124315 0.00541015733399129 0.700390902302313 9
0.374632721640845 0.181018829226305 0.215776157888374 0.938088255347858 3
0.0795057474289863 -0.0603297995181789 0.923419764952231 -0.199800269405888 1
0.445217945177086 0.210521002063458 -0.0177504089792706 0.825136988614929 3
0.47324103229769 0.965068781881255 0.407857692691245 0.454493093585494 2
0.366656100796462 0.0919610104178586 0.26406312892921 0.919024364249467 3
0.731142812855693 0.988809506512466 0.398492713325112 0.383158407132072 2
0.68781648398975 0.502088745160701 0.079978559033078 0.88516733136654 8
0.843848841127672 0.73949318900178 0.0110489742648508 0.614464519969054 6
0.732272163100683 0.844884343725684 0.437496924031387 0.382635554624411 2
0.450655725610757 0.137467894007186 0.184199589721882 0.810542949886921 3
0.659211313275301 0.900824421310477 0.209022281377006 0.351451163977097 2
0.698429377418777 0.508223802075464 0.0421038471135255 0.891007212419402 8
0.628758307801977 0.620250874999364 0.0229704438439508 0.752529958758848 9
0.466474238926064 0.218723168526443 0.220765419176736 0.746929977153386 3
0.61994637791746 0.611721612327464 0.0929571911141804 0.736380347305633 9
0.595550954456489 0.643749623401321 0.0541542546218956 0.7637225846028 9
0.113106503864808 0.820787172523404 0.511528054788157 0.668892427983425 4
0.712521396838224 0.552489276481775 0.0346210784333195 0.861974031015802 8
0.564002077579492 0.70766293067355 0.301256212942358 0.387743775834652 5
0.219601580325246 0.775746758657939 0.395022561543875 0.674857492623987 4
0.59099508657446 0.605150366180233 0.0368433195448946 0.691735390080602 9
0.52149561084652 0.572531917327625 0.00306957886312179 0.682259545595883 9
0.646367253859611 0.96120173988318 0.0765291574468101 0.329531459521071 2
0.237018231777884 0.892675715807429 0.581423012961392 0.640350803398036 4
0.568517448406627 0.621273985748352 0.05830340413893 0.759088685975051 9
0.563522060840527 0.603482257129862 0.0634049315279362 0.764646870174866 9
0.740556874182938 0.739614810921733 1.00079264398006 0.893609387887371 7
0.685167034094979 0.587002664789057 0.137355844107778 0.700605761299782 9
0.562015479846566 0.641195780671192 0.105842238796831 0.732391333261112 9
0.717649004009142 0.502225383778488 0.049436284897735 0.800413792647865 8
0.690418439642421 0.988109076184066 0.25040073650893 0.364984393706377 2
0.495042060472446 0.266224392045373 0.204516131556469 0.893713897526078 3
0.235911477485989 0.79819780032024 0.394432695507666 0.585512766913375 4
0.707189012905194 0.432410230074219 0.0230838517392354 0.837120191991305 8
0.606812451750547 0.66454355679866 0.0383554786733789 0.665866304665424 9
0.618483662113978 0.974127304228692 0.291505307503088 0.371123409699515 2
-0.00994505864413348 0.156272589378849 1.05787203816597 0.0500571941360654 1
0.0765324131092537 0.124263416999847 0.964117248267857 0.0958275759978341 1
0.652139564287972 0.5251809299523 0.0425181911674542 0.83957332160529 8
0.855467481940384 0.653782318304774 0.00626593678406885 0.635794336755492 6
0.188869485088007 0.029865902663776 0.861356676009072 0.24835482702501 1
0.0478389941709297 0.770114529796425 0.415674850476806 0.587028312727706 4
0.297390265936855 0.188523289494451 0.116379820879322 0.915873905436311 3
0.69289622264968 0.518621367786973 0.068033099224801 0.832351080808131 8
0.53546637893007 0.394505268578634 0.882634809566767 0.94087572413933 7
0.626747550240576 0.881101790242587 0.211500195986007 0.227617856145974 2
0.61007618480295 0.586649538034511 0.0685819081784047 0.72428997923503 9
0.102474785353741 0.152306029270357 0.926346868140592 0.0804331684836148 1
0.689811773735791 0.786348409615986 0.893754121002779 1.00087322721959 7
0.2018332447511 0.709671414632811 0.392758732533678 0.128358049414548 5
0.706104912147575 0.840128874528979 0.289814778351635 0.278699359685956 2
0.173713054799725 0.134640195225965 0.891506053656392 0.00244786054461076 1
0.14923007444713 0.865696143261542 0.532688276034949 0.613499882477542 4
0.612264382380796 0.645392078829056 0.105596953849259 0.770601298243353 9
0.64589825332184 0.466943844382428 0.0738772082327428 0.816685365239379 8
0.697309782754285 0.467636094302489 0.0438429755372493 0.834597084640274 8
0.583366715079642 0.615811218033684 0.0876217705930675 0.718059223357139 9
0.630694389148143 1.01251708050417 0.26467868849432 0.533910755415291 2
0.433948983028536 0.133039273428492 0.101439425974997 0.848630053261412 3
0.322798776405493 0.158571655651921 0.0588415501588166 0.931319089816809 3
0.406814722273234 0.210625649276314 0.174555252022028 1.01299364544677 3
0.699260600023991 0.586097508730246 0.0643841190311545 0.758568136636629 9
0.789340556379799 0.784517142275978 0.0824327340440629 0.648444987954479 6
0.209218605337079 0.365176195387323 1.16331544993254 0.245870105529177 1
0.69870734183632 0.440364168849316 0.0185108349851681 0.839630397574095 8
0.601968374285997 0.623334740975488 0.0489948660265465 0.727681025579588 9
0.755761500799731 1.0096958643442 0.384067568824371 0.276492729435575 2
0.101868498597422 0.276019535740251 1.03129874209868 -0.0403199370648624 1
0.4546771168741 0.176325059989264 0.113104457066092 0.786821091604982 3
0.0229612450319542 0.159495919541325 1.13915771773018 0.137204166277245 1
0.270311496747762 0.0910986113833563 1.21577562610751 -0.0686061698200892 1
0.804498167033108 0.706082078817094 0.0586888898873194 0.634103013392874 6
0.582935754535573 0.916830317106568 0.195902111095046 0.468181392249605 2
0.73674452220576 0.489997935881118 0.0478477155130451 0.823451129355835 8
0.206044126202243 0.878536386772359 0.497292415146395 0.595043513670206 4
0.134084430377243 0.852168878757557 0.488865841529487 0.477789776571223 4
0.748092706226107 0.458609792855898 0.0641286264820853 0.841792515918996 8
0.745617636101236 0.461472857700852 0.0222585299792259 0.82127764827523 8
0.409467361812363 0.216884623783377 -0.0288925009964177 0.814010255054004 3
0.775001408714793 0.453638799285299 -0.0240578691167488 0.826145405135809 8
0.597482734001433 0.593893301620348 0.0479817885247452 0.744204647520518 9
0.429239109547624 0.58704432172073 0.969291121829742 0.767271613340708 7
0.432417702532622 0.191032310329625 0.192951296219242 0.956183315535439 3
0.0934469238723329 0.717454665106832 0.51409036903872 0.590071379638805 4
-0.102036443335797 -0.00625315710321667 1.05051112825245 0.189556661881642 1
0.593322624406306 0.587424058060288 0.0876241939246287 0.707972458719474 9
0.748004841750696 0.752582325466606 0.112478097958984 0.565878529388949 6
0.627463257677871 0.613714587652967 0.0448287448079853 0.699978333269706 9
0.629328431535883 0.596997217815557 0.111467937646081 0.777537074734479 9
0.701743265889116 0.519583144485628 0.0233301502890389 0.866726875325259 8
0.72467806235499 0.491181858787031 0.0544403289212847 0.884809346882593 8
0.489130282264084 0.891635730835535 0.262157590759004 0.459206905857513 2
0.267433740711371 0.0248159689147087 0.874618566027865 0.213639926220856 1
0.657428201591309 0.543819689430678 0.0941482339123023 0.645013729451389 9
0.0974988336360885 0.345266646411092 0.932284095984424 -0.0244252829131086 1
0.710835432611495 0.550723232614886 0.0235661349261914 0.880365134519061 8
0.404595940274664 0.184902457845744 0.207913393639592 0.81793726034787 3
0.708328746424484 0.513008609651267 0.0663670463031018 0.86069417065811 8
0.782790448468772 0.516430145737074 0.0699252104430371 0.840057571406733 8
0.166223380327331 0.1011398641898 1.16157153352819 -0.0150669133818793 1
0.556963046255334 0.566184658189615 0.0630631112666765 0.65263538379965 9
0.707360510107617 0.950110991649754 0.204816923520762 0.613832701586374 2
0.674449143739092 0.677160073447354 0.0646923396776144 0.708389089549695 9
0.415255774790937 0.299557953517986 0.181321058074169 0.907092410394414 3
0.577525858535867 0.580752745602668 0.0390633135524939 0.709664339917042 9
0.359382915673951 0.212891862877183 0.104604563499343 0.822397194348177 3
0.181698731871359 0.324502481015355 0.853312112284749 -0.147773009211108 1
0.208651472526473 0.141218086575775 0.950328648508715 -0.0737105384325386 1
0.238286057370566 0.823714506061206 0.37629056204406 0.698327017773825 4
0.200025438181241 0.798985039764034 0.484846753646164 0.690512026526321 4
0.0774293649514876 0.801552162296927 0.443065087944395 0.600106586991823 4
0.292003313537719 0.797210524936601 0.308543923505326 0.0104826166269497 5
0.202676635142277 0.872886264762364 0.622295617205573 0.469694543469371 4
0.776342808728776 0.474154728296143 0.0889600966893518 0.835658758144482 8
0.264114548464636 0.740478346777082 0.478909563421485 0.181578166624807 5
0.0885549558480822 0.0102089536688957 1.13356982328746 -0.119858875473561 1
0.721127180187859 0.48707762842312 0.0605501552601311 0.860875086686425 8
0.623554653681168 0.622341600123967 0.120441122783134 0.708663328999555 9
0.886294530501833 0.723730858586902 0.0329729915044632 0.658160070899751 6
0.61294195968732 0.800085076744655 0.287697178387922 0.378848623902861 2
0.184627774513087 0.878949550976178 0.454545270900498 0.542781981524825 4
0.0848949134204671 0.912694836482985 0.460935105173727 0.503682108275348 4
0.885128043516876 0.691277593917349 0.0469892224804645 0.589934544040227 6
0.301229263257188 0.29145085071216 0.0674338036725011 0.84208327646219 3
0.0164514264577981 0.178246952205853 0.96838604077515 0.222140869803396 1
0.6163399495501 0.59021767743939 0.0478416473528902 0.749872438482605 9
0.5668839173463 1.15007569730712 0.376635825786005 0.464406341810323 2
0.781012546843205 0.825956041488035 0.0352580093282764 0.336996725006708 2
0.643153930226996 0.589186545926431 0.0728989025605941 0.702262530547111 9
0.34102714294136 0.144342433958616 0.174632498876 0.804540900904261 3
0.710650066401856 0.994620738379947 0.298561915897153 0.34206173339284 2
0.367830478778177 0.395262598376858 1.13861696336799 0.0137176488862205 1
0.0620857383473259 0.114171794050451 1.02612642284627 -0.129933954033863 1
0.858520150841126 0.727973558376509 0.0415305928276995 0.670387707841961 6
0.725528957005231 0.48434988583491 0.0426360801240712 0.838935377876887 8
0.695894112441344 0.492950011251276 0.0762010470025948 0.864866989075783 8
0.71278133148322 0.493034829597278 0.032507752124875 0.863252461002688 8
0.174070300382469 0.896192472513566 0.565790546358591 0.472374422034443 4
-0.0474595517514495 0.132988578550331 1.07511954612889 0.0269696383120409 1
0.144460684047003 0.0190081439692348 1.18394477163329 -0.0843582083418619 1
0.343158762024329 0.10908561979281 0.052753154310702 0.794043102586553 3
0.188111053661939 0.736674609320525 0.536514830742153 0.601370683191432 4
0.246279566481285 0.866227319600275 0.441041653553557 0.588182128873334 4
0.392478557744803 0.846343883749867 0.374383878921492 0.132451058489269 5
-0.0379927115922801 0.194157134386816 0.915248875420751 -0.0387341615348082 1
0.667827572696887 0.500364276835367 0.0204324450379206 0.843839314385753 8
0.384669086320022 0.232078982434285 0.120975375190236 0.764635181953845 3
0.873481626485173 0.755644443014864 0.112272709677575 0.594573652233058 6
0.311623634227741 0.0473739721819878 1.05484606682523 -0.0354648013244018 1
0.416266599228439 0.229359226206699 0.301276631199527 0.698626699787863 3
0.226543213293082 0.916748148710523 0.378125049257196 0.59798813584886 4
0.48728784976432 0.0886126348808363 0.20621732309332 0.94502420690948 3
0.71251598668517 0.99414520777794 0.194821192201331 0.333860188406185 2
0.249519498261267 0.141792206595527 0.842248209489997 -0.0230775575176781 1
0.200500637568778 0.747672409158864 0.537635854494792 0.717479358766081 4
0.196235169240568 0.0470551324382095 0.89814653293421 0.0381325497745701 1
0.33233995141603 0.190984946755091 0.17213449870682 0.898269657243202 3
0.70293428642477 1.01876462808231 0.143261585170684 0.450148134168342 2
0.67631577845544 0.509683648555441 0.0414488665959227 0.849599425397791 8
0.0803409549964169 0.148561632115115 1.26116398802553 0.0893320359066562 1
0.0245070964364098 0.193981197138227 1.06956881769048 -0.200945620769596 1
0.308492522820726 0.756109338333318 0.387196973453813 0.0189331246633574 5
0.639793755225394 0.552883431756758 0.0579784669457027 0.742612034454255 9
0.657023317252292 0.939723324082023 0.226825052629776 0.352146096862007 2
0.327503155194404 0.113645545011549 0.742899486434825 -0.102466719298957 1
0.273655132900368 0.241015958338197 0.917800598204809 -0.0986220460178429 1
0.725873513432204 0.506980545231071 0.0147382059316726 0.82995431388073 8
0.065750525936728 0.386048590651464 0.968538629361041 0.187859559714908 1
0.543718412300037 0.465745333432504 0.793277997174131 0.929952363347841 7
0.665827383330175 0.593691445335743 0.0552252366332802 0.706713076886443 9
0.0896764544281935 0.151287802169617 0.881938467222085 -0.0892497104818273 1
0.104248168222455 0.149470256560002 1.08753577868824 -0.161772410834797 1
0.132663622565757 0.841271945330707 0.598586112036693 0.810176594303685 4
0.351676222114851 0.0503708349139654 0.237747885526564 0.665690001168594 3
0.27529276368111 0.111509620294897 0.183906462009806 0.676957665536065 3
0.753463747915942 0.720747554064275 0.0373135189138387 0.526621889259595 6
0.692692138373005 1.07496001694885 0.222049646826266 0.323627750271441 2
0.12215914357126 0.283124171430815 0.879213277517927 0.171561324833661 1
0.198103656173475 0.746469382568697 0.328158119633908 0.273409989021101 5
0.232250635080405 0.935253734697851 0.442628093337532 0.507568444616174 4
0.178134813505661 0.827873917474906 0.596059067694444 0.530080237466389 4
0.157202038048025 0.810732949888357 0.454235865846938 0.564859615883198 4
0.683289047151465 0.482355709056591 0.0623132141542884 0.834390804439765 8
0.604401547915763 0.620551538125197 -0.00491176578897391 0.713888719633994 9
0.111426098680335 0.311593477604908 1.07275619423334 0.232074301070699 1
0.513981877092532 0.865822296589377 0.234950596248465 0.380247015603867 2
0.612333737862473 0.606252380849118 0.0581320522584843 0.735457373831169 9
0.771627605701196 0.516626091214313 0.0264942113628664 0.833782749831603 8
0.71635059661428 0.47269454921579 0.0765420351095782 0.860286054034392 8
0.0593204353881657 0.116501696321069 0.893163994319498 0.256665934099618 1
0.330705707912788 0.177147322855014 0.846442445679882 0.12372826705341 1
0.409317508416857 0.231845649406234 0.0708065204064625 0.799974401913358 3
0.39021103382851 0.209774648607125 0.164259321045643 0.74136894914902 3
0.619727298473972 0.588820599923352 0.0786156638678994 0.697695711531901 9
0.338319774498419 0.208296543514643 0.817645571392446 -0.0994964470935934 1
0.330698094711453 -0.0245528685161453 0.874494223951448 -0.0527811944210863 1
0.0937373349134514 -0.0071437442326632 0.782077668959829 0.0983038606508752 1
0.13166962359881 0.100486503594635 0.934999404082108 -0.0460263800322886 1
0.24852273623159 0.877880549427007 0.529639060525678 0.751809128294383 4
0.28714321997846 0.94743514887643 0.594750531761055 0.565394406376084 4
0.710971501131377 0.95778051479134 0.320560004604771 0.307826522320559 2
0.640075429763706 0.866037074778256 0.249033996560655 0.282743163100854 2
