1.05698998797659 0.855158437432063 0.528312368264357 0.544437582787455 1
0.949378230814314 0.0104615222167847 0.873964090276349 0.64817649664955 9
0.248615175857066 0.7344443027838 0.342632514675904 0.127620826096546 5
0.950690830113135 0.819533918903122 0.645135661456376 0.920492658276412 7
0.947471427216845 0.964385794801763 0.596646622067892 0.523511812930993 1
0.583493259272088 0.333207014537853 0.303589866297105 0.585320774012387 4
0.938581115837382 0.150213780686399 0.852941024429166 0.287939326118542 3
0.844436751550065 0.33702392073906 0.819125253626329 0.452532293000218 8
0.941408529061746 0.275355848959595 0.940504507889121 0.263639370106461 3
1.06848579032058 0.00871765528007644 1.02863889710902 0.743907788373643 9
0.987917765455259 0.909361328388218 0.664068099350186 0.572260683187524 1
0.922751218227332 0.105671021789194 1.11764873464407 0.22298393832591 3
0.864821572860712 0.145411150385763 0.883865603471645 0.261412776213735 3
0.407822324973594 0.262644908471792 0.41558937244872 0.72833027862708 4
1.11619548900392 0.809460780695323 0.677916322605481 0.512461080724623 1
0.936045813755505 0.923109317617245 0.493045913993212 0.627874404361383 1
0.903372747273411 0.918143510845747 0.614819010064751 0.613123500128565 1
0.957315618769339 0.931033966553394 0.676896533412834 0.706199209485978 1
0.918845941860068 0.0627141073695594 0.941581655652154 0.467576732596658 3
0.687078135325516 0.33136471429298 0.371908178785033 0.563217815213488 4
0.647082403029102 0.543600380814944 0.740379686027866 0.496082821285543 2
0.954370849345595 0.765797886834688 0.657912691187335 0.877619348229996 7
0.894346000320863 0.137117728153803 1.02397163642281 0.401440969332052 3
1.03988324334539 0.876984558171297 0.610837323081598 0.921216508006002 7
0.783047456883939 0.14759168786029 0.932028366580494 0.259591049142367 3
0.85587042869323 0.357506054024418 0.724270476529231 0.498903972894626 8
0.727386815385744 0.471735110828642 0.597360124793376 0.574846959256432 2
0.841721738872916 0.17438786359717 1.02766609256694 0.329307187981368 3
0.229021048422273 0.81353411830832 0.239833721838098 0.00331337492784124 5
0.732756240777965 0.228225217468027 0.354793284173139 0.664752244345649 4
0.546824530034396 0.104243074052379 0.347177212370359 0.723428724072371 4
0.873078605652477 0.89264548708656 0.56524226992026 0.936614467848116 7
1.0162002322864 0.930391257246399 0.534368466758103 0.617853738599299 1
0.894472644098955 0.114688509639462 0.802237225714842 0.717573273666446 9
0.50982653795168 0.437061655599905 0.490008471048847 0.273687622379677 6
0.609554212206307 0.454844979375486 0.646874729974653 0.452380064268849 2
0.484049458443058 0.246563348417547 0.434519600160368 0.534524926915829 4
0.726988826644095 0.175515734474599 0.909140869395239 0.524545978647219 3
0.523101047745642 0.67223166048155 0.364401473883147 0.271091876449974 6
1.0169755683389 0.9243034439408 0.691073019914878 0.661765041858792 1
0.615863238721519 0.546098051782523 0.683531131198823 0.519018151349168 2
0.93183805053286 1.03733924155071 0.553900926015928 0.616767573774732 1
0.933312049326289 0.981613890893035 0.54751748664762 0.644259790666313 1
0.679745879055848 0.541621044836318 0.444097621745383 0.0841780759752229 6
0.700274531781831 0.676385435749374 0.511505652618596 0.323288633628975 6
0.272729826322941 0.683737537292006 0.129134711698514 0.166004521973238 5
0.844967943729692 0.0789557362874583 1.01009157210258 0.245821696937503 3
0.531932630512313 0.605922595144692 0.337110864277873 0.243235436088221 6
0.631851680177989 0.318426724430191 0.367027492830119 0.576093760543194 4
0.950744598042521 0.889625904314919 0.530360724329154 0.965809251077827 7
0.249131975036052 0.80809150454912 0.33407600144206 0.0997858100055093 5
0.275226242452596 0.731671780832366 0.19248543195092 0.0139692744264867 5
0.665010092358493 0.480670697938683 0.67349614903701 0.594092745942044 2
0.288919490487927 0.880744513666071 0.266597224966811 0.0819188000000108 5
0.702142831235222 0.271331089220559 0.938877360935111 0.181249552762019 3
0.919227056480755 0.11879703377894 0.777824111525345 0.297219931332461 3
0.956413600972649 0.887394593661024 0.511061563080214 0.950003411624939 7
0.873380246712659 0.206470137390393 1.03526129288805 0.258415758785567 3
0.603272485252246 0.576855859237827 0.489895083431805 0.273020532036216 6
0.555839951831425 0.541302300552143 0.387240604031452 0.330228223463879 6
0.575852037093344 0.699801005085782 0.402342515239494 0.381379919321732 6
0.653014088169623 0.535743565268443 0.472581604224478 0.201150579888367 6
0.812809943364698 0.244984047255082 0.957011024870894 0.272018478811454 3
0.992381491205075 0.314962816599188 0.918056361266678 0.233207454851464 3
0.186987368090476 0.803042738737958 0.50279872715033 0.184359383223058 5
1.0065692146443 0.865726778859116 0.478086541511536 0.989303781417888 7
0.997311955899062 0.972856893037188 0.613914553512407 0.665728191130986 1
0.825016288243496 0.37196333775223 0.673350207509601 0.439207779575115 8
0.614115647346156 0.27064100776904 0.38080477398121 0.665734236730538 4
0.82861611314841 0.398838743260584 0.594367126890085 0.544366884957853 8
0.939563554972228 0.81689903904826 0.668896293667897 0.915753178825636 7
0.728307399800647 0.356121454663742 0.701305759869561 0.445036639559574 8
0.180023297384483 0.765480420205045 0.257792410992481 0.0320113822175667 5
0.92648883007218 0.135832848794393 1.0039867950275 0.222198325241373 3
0.873558505853654 1.02232244675683 0.592375689814006 0.628819012650366 1
1.00747541042457 1.09749918868925 0.648718811790921 0.70889986317619 1
0.505319403692891 0.261309900525702 0.370147337456558 0.638198478932801 4
0.8434852266636 0.737413224099716 0.539616160417795 0.833575157910159 7
0.311153807819478 0.838581586316986 0.218347028738823 0.0452564467206181 5
0.307801029682477 0.712496607458917 0.306719744904239 -0.0770397443286163 5
0.901865169703994 0.183037298262835 0.93183317650453 0.194243792677597 3
0.56485547443132 0.657674918169368 0.398852668220388 0.235852204482203 6
0.67693528319656 0.183550570524664 0.396873342735457 0.632132907392581 4
0.437428858631419 0.615577413257439 0.45090558582818 0.227772365793964 6
0.542109149772725 0.464650228045645 0.74011629646603 0.413682254285259 2
0.881692990814932 0.834264548447761 0.552481821161295 0.838669703158266 7
0.547418383835926 0.522893916632008 0.428815183040644 0.324381292709478 6
0.885609572644552 0.0649252194253501 0.991642959148247 0.329760400733867 3
0.472387635088759 0.187447557425123 0.448309521437479 0.644095674941853 4
0.698982455430769 0.534430536851836 0.522727450129328 0.315344723378708 6
0.828295559071012 0.0827219128528407 1.04122009698994 0.318688703922115 3
0.947181762324123 0.859243080962168 0.540472405304034 1.0236780645625 7
0.842199594983678 0.370112975710097 0.751584565350978 0.519534740062201 8
0.8517404759552 0.975276117862473 0.541071947843028 0.57122396206771 1
0.825725184977789 0.335031036596552 0.665934083944016 0.510279793031814 8
0.62835510062393 0.616384257168592 0.299091313865195 0.322017722105228 6
0.900879980848432 0.870014827930354 0.518881637755957 0.921927755903161 7
0.639305860885682 0.581202843631906 0.800971426954299 0.483511907314273 2
0.949102256432709 0.87301565526571 0.616516955829078 0.540478341066549 1
0.702070141717946 0.251842145401036 0.539115879197525 0.659049191821335 4
0.501520667168409 0.671591435216085 0.283872778112863 0.069270703186844 5
0.841903583667604 0.121072759474664 0.960597600222929 0.244986418452975 3
0.811571143251792 0.134371234331116 0.87469730957392 0.282096893944044 3
0.992089673028037 0.835568934569986 0.510917900597188 0.919582047963577 7
0.671176702655468 0.521131554049345 0.381203539959678 0.336937868247137 6
0.635831623739081 0.426040109672845 0.465524100342589 0.602223154938059 4
1.00902125924542 0.80457045501061 0.548595498989657 0.907635027261987 7
0.864216403218297 0.166016787912494 0.854527836124008 0.197784032838935 3
0.606094068709283 0.187708302903809 0.490860682823893 0.623224223920698 4
0.631642893599137 0.490233252416604 0.754606890859701 0.549116854032903 2
0.629394396399226 0.669830315667957 0.550368867608972 0.18075449105831 6
0.832931774602458 0.316749664947232 0.751389114097109 0.496041651654421 8
0.942349622505998 0.972867902247902 0.658441996865969 0.572452687875003 1
0.639258042096712 0.34779526158401 0.463795395478024 0.609880352152785 4
0.215285061960909 0.702119299870101 0.344805235571387 -0.0574925671225846 5
0.834206107976681 0.425159640321324 0.723317921933398 0.544230851464411 8
0.572034906435557 0.419992350418375 0.438738523598979 0.607227260623567 4
0.981910643232599 0.817810084339224 0.672680678166229 0.867254531350035 7
0.610161796792014 0.529080155965161 0.643372778922601 0.4723729550904 2
0.824151175741145 0.873724596747558 0.55233727358333 0.865073979654849 7
0.677158261694694 0.616613110064174 0.300917793462716 0.385917111153831 6
0.608700622028607 0.423423765922192 0.368167154925476 0.686674529015797 4
0.818680651116857 0.267040601451978 0.928479177838505 0.0891381828793095 3
0.966334599022169 0.778019527797242 0.571607909187344 0.980236454613527 7
0.904224697426451 0.156485212447362 0.938153155906213 0.204506186338825 3
1.06206042231591 1.00997477748884 0.661070648071788 0.67816559716207 1
1.07766473326306 0.0204805291798141 0.979984524361519 0.755359922881043 9
0.628557100441415 0.582336516595096 0.340077836959284 0.329449161732966 6
0.549487442251296 0.517520656516431 0.693223386026944 0.468887582240871 2
0.745828199324864 0.169003212894627 0.943054634056367 0.178363863060927 3
0.921125554036844 0.876386513159602 0.573391386511268 0.508056176723875 1
0.857796265906863 0.03979775517241 0.741126316288066 0.833942255908821 9
0.814024134392327 0.196023169702901 0.905549171337806 0.299196974499159 3
0.852663447460065 0.405422386317955 0.707688462648511 0.516315107799823 8
1.02483624676573 0.847005949521262 0.565726080803433 0.667080588058426 1
0.787574951460698 0.445402878551835 0.849872391073937 0.431949787399443 8
0.947545013236593 0.820036533232896 0.568544521536529 0.934009973428823 7
0.700542902023078 0.583701676780028 0.44030719693076 0.289538629009622 6
0.617425364604804 0.217389040094635 0.363900554553631 0.615684924364765 4
0.725249954218173 0.243543911357774 0.498778190278413 0.597729064828283 4
0.993846339253768 0.984811671613962 0.592221130565564 0.665997201837339 1
0.852197524070113 0.886634514543751 0.525952046402027 0.987734997343697 7
0.869655622906219 0.278073750881786 0.962569845831523 0.314847126456248 3
0.55658600019157 0.329185887054931 0.332280613881957 0.545653319632668 4
1.0434013365179 0.825547521859241 0.659062006635243 0.569106160982313 1
0.880139065507987 0.768907934091678 0.66279008908397 1.09261248624871 7
0.612643016015158 0.558284570757825 0.721329193100105 0.505559010748403 2
0.724804608064783 0.670839183616414 0.398114187454646 0.189892096845225 6
0.588588234293963 0.631823532657011 0.40765863537879 0.281708644563989 6
0.607354877500602 0.224730655415604 0.506459594665619 0.641584219630991 4
0.315603637261276 0.611690000333984 0.237344188705465 -0.028071479359897 5
0.737019099311441 0.453695097121865 0.705498555661875 0.462096933584306 2
0.586399763288891 0.356274152225696 0.404206702179199 0.616932469937504 4
0.413983753342866 0.757273906181703 0.207107082268544 0.226362356468771 5
0.895762404282456 0.805623891362571 0.60207108892688 0.734909162990469 7
0.970490169949156 1.03839974084094 0.565587663580488 0.649241528455078 1
0.928775544662871 0.849602353626696 0.577356493333041 0.859036383286799 7
0.777279584624062 0.33595715806435 0.758870855810246 0.507942633611624 8
0.941197910263806 0.870713407781606 0.735560642797735 0.866402480157945 7
1.03179589280878 1.03720874669338 0.544741309180719 0.627654510591005 1
0.653328770272276 0.482198082385292 0.744358605089149 0.555808424668992 2
0.816446043321756 0.211042114535686 0.870087871158759 0.325384619799835 3
0.803413814445076 0.39773201683382 0.729652668376439 0.431653316569049 8
0.9717125481628 0.831755086892487 0.575708634095453 0.907417805303618 7
0.980704988258778 1.0750770057671 0.565580642929106 0.668941608423075 1
0.91840935268906 0.919312586805034 0.583586181088387 0.885155706634573 7
0.870759391787968 0.969690915430249 0.624217192542466 0.52284657418601 1
1.01698016918871 0.728193175720997 0.590510277274844 0.892061168979908 7
0.965342403403274 0.992101767543262 0.672178753503773 0.616102844186909 1
0.636660069097833 0.283084103642341 0.559617471837712 0.71575740325671 4
0.945341454850636 0.250219970108061 0.825411477021778 0.33949765557533 3
0.97026088151229 0.982408194270771 0.695707776058238 0.61356990786662 1
0.673171737058501 0.262179346826091 0.46573234800794 0.694632897237324 4
0.554228839203804 0.348321448554289 0.308967387849982 0.685659922936045 4
0.880101466533558 0.00787813157787318 0.947651366847583 0.214869650233693 3
0.558769595809642 0.291300720173091 0.360327206507671 0.731388037960324 4
0.484450725634718 0.110288836005627 0.472409562456179 0.688391039887028 4
0.625139497560229 0.640245682100586 0.492166201841428 0.267961053975739 6
0.83900749137695 0.804599010800362 0.581032633090556 0.979421709523466 7
0.885987600599588 1.04262228052584 0.714719401554068 0.475683560427816 1
0.580654297368866 0.52931547393942 0.360514295620616 0.293509835072777 6
0.5569149251808 0.22382322887684 0.24496953694013 0.58263559626906 4
0.860843857507235 0.213944560182012 0.929654633955439 0.219165842480852 3
0.628588005926132 0.482239249836138 0.379942773404546 0.362957339900658 6
0.584905379697578 0.332226924368304 0.514039001151953 0.697105040768445 4
0.55515276245488 0.558664918184292 0.429943346549714 0.222390706667201 6
0.812145701621632 0.941107025271875 0.778077697915568 0.945102350036328 7
0.406272399732303 0.439955709146254 0.376016596881849 0.579832113827014 4
