0.214885919001251 0.175441841591166 0.092088933569819 0.199812993775446 6
-0.15290790377504 0.857696553773504 0.288617107702425 0.380914737039315 3
0.727696812063232 0.798002975868343 0.162164837243284 0.0994195142985517 7
0.437742051822761 0.107165838082802 0.368218205785219 0.353762832771018 8
0.346218708130814 0.258273884478786 0.122868212401576 0.153167731041922 6
0.151195341895821 0.739137055585565 0.260570706888021 0.406471635361568 3
0.0914955628334268 0.302687688098034 0.429417752232526 0.400487502993902 2
0.85533300703515 -0.03151844637196 0.748220240425295 0.200471047937396 4
0.177526915678928 0.376346324688197 0.335310841903814 0.365464791861653 2
0.306598379556022 0.182024655882031 0.00909834917666665 0.166546447164983 6
0.283579586186013 0.210101797293176 0.117272323439027 0.113299228857853 6
0.245936265685489 0.230786303083923 0.0808634225499238 0.151990993261972 6
0.238317006169938 0.161719446036614 0.114190513717691 0.192985485246832 6
0.752127555547339 0.863505542526205 0.223428167896757 0.0315669498282503 7
0.694970296178188 0.855964249096761 0.19063760657993 0.0987009580609499 7
0.770277758243733 0.82499977524868 0.0816982483326058 0.0576271343177092 7
0.740849990588422 0.834377629627275 0.087430068637782 -0.0282485572889923 7
0.231981168940991 0.195497280919973 0.104422745763071 0.258021311769338 6
1.00213244386815 -0.286958518599169 0.777651391144754 0.241009850116367 4
1.03189394813185 0.0235668014436736 0.853339204846384 0.302147341431114 4
0.883563975673614 -0.117221281677752 0.89762269146401 0.194981481641413 4
-0.115302954423913 0.837778415637334 0.18072962677378 0.406402899076785 3
0.21793521788077 0.248910643219061 0.139842980692127 0.221220372747668 6
0.847596779436846 0.80299642434377 0.277205354341487 0.68467775223199 1
0.12586620519901 0.122015641738224 -0.0184688317135597 0.682885672721711 5
1.05259436361718 0.0705780491930485 0.868414122494152 0.302606349300169 4
0.822261611438003 0.738652657957867 0.303394642691635 0.733276977753022 1
0.781159402775463 0.805206536158515 0.151521908995111 0.45312428311385 1
0.560749532955042 0.107396055618564 0.496750978419847 0.36537542192736 8
0.0986790475838451 0.887375218617791 0.325609270317384 0.528829572198355 3
0.739317210335909 0.825860878337181 0.069401566534479 0.122155333103383 7
0.192462955789338 0.769581731510702 0.305383203379786 0.377982956675788 3
0.68871518248559 0.84191667818472 0.171628081228136 0.0308226485684445 7
0.195257110088394 0.264039823678694 0.359817316207969 0.349299399281606 2
0.227116098758245 0.392458846168195 0.425608478523924 0.337652326728288 2
0.268853697782445 0.153280612227787 0.00223258484612116 0.0456282386922822 6
0.458834563742798 0.139058582666136 0.534548218567667 0.401727518113655 8
0.962016825804675 0.128887564294458 0.792045075910126 0.434327496208156 4
0.0903888269400868 0.885398578489665 0.342677801362435 0.316074825056327 3
-0.042846898940042 0.874001614141829 0.353444178445648 0.505855738725963 3
0.654242773325517 0.776843369077646 0.185032984700275 0.056620263145688 7
1.08420770761403 0.139330315527973 0.733828514832573 0.402014532984908 4
0.848643061614795 0.123165255086676 0.947231147491765 0.2472414694223 4
0.640763985070102 0.184238755074701 0.443712976036117 0.356129984362079 8
0.696852420402522 0.96414944606859 0.190101076401869 0.14492335955991 7
0.583120540711546 0.934066850224525 0.0555033383702835 0.197177449505985 9
0.771600073014421 0.0256124946605272 0.907593112495167 0.4506140866873 4
0.758693040701273 0.813873117369249 0.17925038355929 0.0459742800751935 7
0.415843312055298 0.986680373781734 0.0980151585324018 0.191911295024279 9
0.717714569182619 -0.0604546217026371 0.90535458247225 0.356757168460449 4
0.769534489714799 0.829187059749579 0.176679284753489 0.0194549801662216 7
0.355666148344275 0.269490886938116 0.0505223304905312 0.263690719295765 6
-0.0634752167248752 0.905098306814779 0.311511415752806 0.383930800751128 3
0.940247647475513 -0.0628617771901478 0.819940974334058 0.312042372295964 4
0.243928471009614 0.315626647180177 0.482749250639455 0.408390752974763 2
0.555484617484243 0.164896333194171 0.420683365903662 0.438640571848591 8
0.992288869010342 0.692575658703482 0.289036018927141 0.71553162608495 1
0.0670165996185023 0.82825946452394 0.22955984217073 0.250332384749679 3
0.212718322369659 0.306180238330014 0.0435554982557859 0.158864602569924 6
0.378088721998274 0.16595318340375 0.00833605572682907 0.191819264095407 6
0.241853474614942 0.190308354691605 0.0401446471879793 0.175880700008852 6
0.341116402624129 0.164446817896581 0.133715276264384 0.203294821747329 6
0.285691800360474 0.127165401188776 0.0233484966029183 0.168976682814417 6
0.531406060551462 0.210420978619672 0.444574489527863 0.397199974032337 8
0.441918969362742 0.930251051334644 0.0724262319738764 0.149661090738752 9
0.47976753632288 0.157783279379777 0.308203394229381 0.327727467793665 8
0.192943219658557 0.125299228332123 -0.0196116269817769 0.198877470171895 6
0.66080135269547 0.794444243966999 0.224488503332438 0.120121341581006 7
0.0823521417490618 0.322220687644801 0.0558663694884581 0.731024461494049 5
0.599046051952568 0.923046288751432 0.0705385402142515 0.169934801328145 9
0.473674064342087 0.0992929326635223 0.376643416774937 0.372691815536491 8
0.12801023465853 0.342503376254243 0.433106906215296 0.305850276962762 2
0.546802753484406 0.0746235298267049 0.467843050465238 0.421795100449875 8
0.72137632521881 0.827050004004166 0.152408726975552 0.0476937182456901 7
1.15118083683816 -0.0635541496291731 0.685112636546357 0.176843806572042 4
0.178950277531643 0.328941292107191 0.123916067913785 0.269105716827045 6
0.0860596905542896 0.329655748264083 0.115070026280179 0.640759347921443 5
0.499859312665497 0.199334181926966 0.290920213472319 0.345694488214731 8
0.541807441614853 0.0929898800752158 0.478733497331935 0.394993636546273 8
0.0246330570947707 0.798639833983503 0.383789202905907 0.390272759546113 3
0.8973229770088 0.00848635230698579 0.78026463681782 0.43547589196902 4
0.0837195829069097 0.270434351821038 0.0426366132311528 0.607415166024129 5
0.433310867719385 0.0679500848894354 0.3884161618327 0.371182226577867 8
0.539048596960152 0.939656735593258 0.0289336064840542 0.0554731606591321 9
0.505408370983934 0.128045386220975 0.324957563406332 0.336819439526341 8
0.455770707328578 0.0548230959150079 0.397351841246367 0.332391228326515 8
0.460818224278701 0.988181284451609 -0.101100684983634 0.0961277722068611 9
-0.0660016099462091 0.938517535043689 0.326079026304661 0.502553529288882 3
0.112644190188648 0.306662674864154 0.406051762504379 0.398201949715122 2
0.00680037253077002 0.287847435294468 0.139547529502934 0.7261560859798 5
0.985288905281399 0.0514224829649451 0.75542661296374 0.510053561656728 4
0.15965822490313 0.356837248534284 0.463079806787377 0.366782917276393 2
0.110314491582915 0.923074855830828 0.35549846498542 0.543059307418416 3
0.691187639955947 0.843628976227725 0.180355631638872 0.0863535741593345 7
0.125238525015028 0.982363119782931 0.405419942464304 0.157915166958716 3
0.541255539005165 0.165449960551618 0.460679980322389 0.436923270953702 8
0.0975645784768325 0.338092161705362 -0.0172603752515944 0.670485350866167 5
0.638200587107991 0.795510408336861 0.116006087467872 0.739060374157392 1
0.539646894828761 0.164481755890743 0.399526245417793 0.283763458178491 8
0.0201829101732481 1.00786908345892 0.197593128209899 0.438288066501195 3
0.517567963554448 0.93793213047404 0.124909482502932 0.298440178676085 9
0.0150550569457851 0.879357488055122 0.165594076202876 0.45159664305008 3
0.137165688646599 0.883777214617636 0.380562572219249 0.418272822421434 3
0.777907670087308 0.845373147155596 0.150647264452662 0.0484910880184482 7
0.569421107790862 0.893990663631465 0.0842671051586878 0.183030721859248 9
0.75210965545937 0.874147191112589 0.120729174456283 0.0275826277012034 7
0.105152775070892 0.258882617496563 0.429106497742738 0.369356481107404 2
0.115772817261829 0.34851212506655 -0.0188354135195685 0.715197063586056 5
0.227580151926011 0.1624336695915 0.00592271277513681 0.329145685557095 6
0.555895584206206 0.876136346588306 0.0998334726379946 0.148732525306469 9
-0.0989721489646699 0.769614551986153 0.16614543951322 0.486313737077556 3
0.714459358564424 0.838431090196243 0.205936886424683 0.0844470837418983 7
1.00822457265657 0.0917976188335761 0.950031053067296 0.347355139124604 4
0.684856931270097 0.142113617065424 0.710490536978603 0.346129092415092 4
0.208348682531757 0.336565084606797 0.412665546716396 0.468663449763158 2
0.546277980368941 0.142348132130172 0.425867426505871 0.390878179921751 8
0.162391690595487 0.239719263696062 0.369871245790254 0.420955882681036 2
-0.14418809041864 0.901233973133141 0.278056417885812 0.525576713778722 3
0.876243819303383 -0.0625329847781005 0.545609556864022 0.240639465257691 4
0.43207972964217 0.823472183284513 0.0817735036982059 0.172064920387818 9
0.577594766943728 0.205439781504728 0.375830685650744 0.247254556555459 8
0.609615327071698 0.773761260636825 0.193410551944546 0.11071659966702 7
-0.0191760962652958 0.799400316392955 0.284278760952049 0.390858939660825 3
0.470125531344591 0.146266427361608 0.321022054217087 0.332837303267413 8
-0.0525712164450749 0.999286425094377 0.262843869307275 0.367413040883984 3
0.440943936289103 0.906087224648585 0.0355359010863846 0.102774754357682 9
0.431831002982412 0.0944835577349585 0.33481002769855 0.432697805191691 8
0.0577884464778355 0.842271644798745 0.26625885995979 0.243740355635688 3
0.872738492464172 0.174780901779018 0.861202770423726 0.157225212776067 4
0.5260522974314 0.207904234417986 0.427215225892391 0.374555516819644 8
0.81097283407217 0.765354557708591 -0.165249024875089 0.914164051740663 1
0.799332788711347 0.7906790971662 0.149361795221249 0.0891957956140087 7
0.282059067210303 0.216156499048811 0.0790888725720698 0.183165338153788 6
0.513782872242938 1.00712382912163 0.12873080530088 0.106793824154731 9
0.167362762486812 0.26491291166423 0.390586026750762 0.373318547768651 2
0.00271054523844744 0.90729947219612 0.387299960142212 0.251681880432771 3
0.689009374660043 0.812398013240423 0.161697049233058 0.00217649413089438 7
0.0932410834527121 0.310403342934524 0.343531650554781 0.470152839291832 2
1.00018764259571 0.0202910589362229 0.787169042273964 0.312236044422023 4
0.473904091482682 0.189134026174563 0.340802018642235 0.279294318555011 8
0.426237621597665 0.948328055598202 0.0797828695407965 0.134394929818374 9
-0.0702531352817828 0.177278829784413 -0.0919931954639729 0.762632711408671 5
0.155689938187857 0.0878918010209972 -0.0575400988159474 0.126609347795601 6
0.358003778191193 0.185323374977831 0.0314816280670693 0.197543684260929 6
0.512675408030408 0.173665176150921 0.397916756639117 0.306243654591273 8
0.151407314481235 0.189318213748846 0.372290371677752 0.427270529345334 2
1.0155644370427 0.057234488762036 0.811444706619339 0.187576960799394 4
0.452240284768515 0.210527671777403 0.314894283009672 0.505853543077013 8
0.546456816703112 0.969781212477132 0.0475548816010101 0.177483505410061 9
0.456212102571022 0.256129128737686 0.240424727690759 0.441978985497473 8
0.0347440603614625 0.275374826775355 -0.00827130698259367 0.857683901289562 5
0.104415550938974 0.36296973045752 0.43760993756029 0.436158022084267 2
0.200242925317758 0.830240446480041 0.249121108234631 0.333954260029065 3
0.865927800034036 0.0622664998112342 0.92143701591505 0.337366911977069 4
0.422344945277215 0.911274474137152 0.0464520846077463 0.303372491602948 9
0.188191240870778 0.418670622066331 0.405405656363439 0.352891087279619 2
0.0712966044812893 0.723002167548904 0.201606435741701 0.483847026070275 3
0.338552023401176 0.140685848387469 0.113095636267751 0.279802250216927 6
0.217326781934113 0.149477159967531 0.0681433788594783 -0.024156587703771 6
0.387733741537753 0.191998582652185 0.00985650657244643 0.159567380704786 6
0.760548896786308 0.810383336342722 0.116190647614382 0.113840119663984 7
0.770046743721298 0.842853293057123 0.199109739770067 0.0729902356921278 7
0.28352979797846 0.163768707886677 0.0703825612941813 0.238250702453397 6
0.946082573764933 0.0755211698150947 0.923458727267476 0.226151135288337 4
-0.0567226336255489 0.893144287614984 0.228581093126365 0.361555818370718 3
0.784304063511551 0.841730863716216 0.103617719264809 0.0351932966961813 7
-0.137417043900736 0.293859022156776 -0.036546600917854 0.752811054767821 5
0.596478358143441 0.164177547549198 0.349236183860134 0.3474247477485 8
0.0259276116570083 0.946764320414574 0.367303829535024 0.457008086696357 3
0.259118849058392 0.131444266232958 0.0321718357909303 0.230848455549015 6
0.717563436306435 0.881778365440925 0.177022084599202 0.00835126179510808 7
0.280651066082301 0.220130032797863 0.103542517631116 0.122523054329266 6
0.737137442534917 0.739172490407516 0.23584483040497 0.00879638921974366 7
0.872629689157392 0.135126981212238 0.736732584206544 0.0315369296949347 4
0.422489949810102 0.194883292959522 0.483802870984706 0.423804212875836 8
0.781673971075977 0.834754650503419 0.132832341199977 0.0626309062170379 7
0.165956457330836 0.2779337778298 0.335353983544968 0.372988123312349 2
0.120390511260683 0.255223210587467 0.328399486008713 0.395226984995607 2
0.544722757551657 0.983476474083675 0.109081340126534 0.144661166488949 9
0.711931680475616 0.703393432277251 0.207560043294896 0.0550547748782041 7
0.296975754448484 0.236212260034432 0.14313340107737 0.435704902200412 6
0.268164056935182 0.0456345742713162 -0.00325695425180821 0.291036223836702 6
0.552230803489191 0.0939002094983892 0.419494676254896 0.407298061486964 8
0.20982365642183 0.244575286949507 0.426353607194175 0.429701851384494 2
0.258958687897286 0.207614540174907 0.0390423016037852 0.148098289192742 6
0.133682927521716 0.730496037568969 0.404707356977562 0.310556189390345 3
0.0984854560277437 0.280597809056522 0.509302640590563 0.333800918957032 2
0.11734350559379 0.179139603006089 -0.0672858195995516 0.692209869364887 5
0.201311587410813 0.122866165401811 0.0777829095787612 0.209217901942908 6
0.279625749006763 0.222103798878238 0.393950697595059 0.429123120208281 2
0.902393418341654 0.432539938594417 0.0509217779407014 0.872250605978662 1
0.979166269525029 -0.103278538023365 0.893871464444038 0.335191926373403 4
0.428264984217803 0.137308655073186 0.423518013267171 0.366151369426911 8
0.16695608578404 0.312377260664156 0.449432214341485 0.392447538931503 2
0.918465104730211 0.672286888338529 0.149436015179056 0.58890841149925 1
0.41585520048539 1.07311057778834 0.070344567766334 0.228664421935033 9
0.77033021671829 0.768819105137405 0.160990767107717 0.0879524781420863 7
0.725584444219879 0.82565226382066 0.281557010491413 0.0660441516537561 7
0.196719596287281 0.282423555574461 0.16532018459421 0.739649266059588 5
0.361214840811374 0.174029648373859 0.050975231958768 0.190114328784252 6
0.967380973364993 0.104742476144431 0.80827140509724 0.263791980171425 4
0.153064317460305 0.183233438742747 0.135998166106819 0.153459061902713 6
0.545213769117397 0.22104439088831 0.390220178894875 0.318730981658603 8
0.189136497807573 0.17697613022378 -0.027927811254153 0.117809588090789 6
0.147824959392876 0.387928663892475 0.00447678626690914 0.780724146770625 5
0.0303237006531204 0.885444669655545 0.0727093929217875 0.374864025933105 3
0.618339060229812 0.226605287114395 0.349362731057371 0.413864919699709 8
0.349921003885321 0.233891864772268 0.381331681332267 0.39611670687664 8
0.209989750487907 0.143870682448069 -0.0754662592925666 0.146579916637859 6
0.725920411463051 0.802831428092014 0.189861578694269 0.0082189319930423 7
0.261751891481996 0.204052434801434 0.345717766765256 0.326120954294738 2
0.258169878787246 0.253966280727534 0.466009938237782 0.413080807111001 2
0.0869372999902635 0.833417377369218 0.202175317868621 0.345529188902982 3
0.110492127290023 0.416852021204259 0.300150521185831 0.319798879110842 2
0.395845578544524 1.04310175152494 0.293954084831383 0.259730565024349 3
0.998082673935027 0.679992060959557 0.219125816045526 0.813607030954402 1
0.133734879267038 0.736877957044082 0.15052181006237 0.426838164296546 3
0.674990102280228 0.855221455928053 0.278545282487895 0.165210903572978 7
