0.122607310307078 0.717645012935952 0.33264559551992 0.71260754992256 8
1.00005260179886 0.40372058099173 0.456376022486554 0.199214438369273 3
0.89480974366959 0.619505475091855 0.465194156493285 -0.0385692239010798 3
0.744147382604405 0.418752280440146 0.676329756617246 0.930777702551324 1
0.951818359339097 0.462481274972358 0.402594960048906 0.0353727752866823 3
0.182265448409489 0.38819450801365 0.890098618370487 0.30485413149445 5
0.5745402039858 0.449081301630681 0.635032246979716 1.04578148452228 1
0.753708319613728 0.19214963300671 0.48293600012515 0.983776643964101 1
0.203615263166626 0.849496506330779 0.0970903393169139 0.633235177707373 7
0.081982007617827 0.724783405415184 0.346548123970131 0.637891760955086 8
0.664243748307418 0.543489130763458 0.654589451816465 0.58961347817269 4
0.773990967764976 -0.0180805455827067 0.404773461438336 0.631199705566325 6
0.829612091671638 0.339024487730728 0.850206538028754 1.01259036376062 1
0.0031979982907232 0.661285914260559 0.350556311274707 0.639111887936285 8
1.00565399339386 0.406117878784226 0.379620356076136 0.0308436921642427 3
0.776003227774669 0.682478223926649 0.640507518777733 0.467422318377926 4
0.0297557181725491 0.720253821869596 0.260227133673813 0.680670275416406 8
0.704134687953361 0.424300803826881 0.305721754265286 0.105610101032884 3
0.36915391194345 0.718058796227173 0.295047269509955 0.200714050815165 2
0.303141995634675 0.369470343283237 0.955009703652911 0.0580989671642758 5
1.02056711067916 0.556199659976928 0.504826040175563 0.146858170505358 3
0.766895123475055 0.541575566321398 0.669995436506851 0.403448467883479 4
0.450898557883877 0.557719367536362 0.801814023953631 0.093757532372845 5
0.245092271510754 0.336812822312857 0.680425701773701 0.283655375018769 5
0.528057618832043 0.282279954599519 0.680109830227127 0.127098106797664 5
0.0194561219084649 0.74701147805299 0.390962141577119 0.780313594241395 8
0.0522962822885715 0.757296750361632 0.331016000627853 0.667302342995395 8
0.129103256015025 0.843009868283716 -0.00380342626929844 0.756107424203736 7
0.936173856848718 0.437289141428247 0.393600029861938 0.12814161688367 3
0.142458593034115 0.631277507492325 0.370228423774241 0.716845538673852 8
0.719333079309756 0.606666330720944 0.469762195810526 -0.0242882889292844 3
0.879272541697134 -0.0305843214443744 0.402269378137885 0.32068067724097 6
0.071006073429095 0.696657674905518 0.392723815216434 0.673564718644883 8
0.916460716907149 0.506371995901683 0.769497868572022 0.503993070236662 4
0.898380052592977 0.0989791228026881 0.413978355053245 0.384910277557578 6
0.357649354074067 0.407442255928866 0.869415362714179 0.149907976144519 5
0.243123547576762 0.362215836792015 0.673391303257478 0.173497855208762 5
0.847069666738897 0.118134579788902 0.454298328648629 0.397956154076681 6
0.965082573992997 0.367158517384653 0.32388949356028 0.19373137983009 3
0.821643987832843 0.370192072436577 0.5161916165653 0.0424686340676538 3
0.210112218087522 0.810690666460843 0.0695693390759816 0.683421820439911 7
0.936884773089702 0.332730503613744 0.405171492343187 0.003213677976951 3
1.04318425680793 0.364332970828142 0.423449253973748 -0.00650305275501663 3
-0.0193595776994093 0.686143708055931 0.408039698603446 0.714169344951055 8
0.982854913543903 0.437106363756702 0.561369674966143 0.00938338661066289 3
0.747513736214125 0.224816544094921 0.654691943873326 0.930035136808851 1
0.777300268514766 0.20932820075341 0.62802295513493 1.07223989544239 1
0.396110375065041 0.39474299413944 0.681015168028245 0.183688262395788 5
0.0377303043938598 0.716493756511075 0.320888793783122 0.743057187163999 8
0.731805948458145 0.0477604197589946 0.259367403531863 0.331895908643219 6
0.307507018885447 0.467025239259389 0.712772983752272 0.238809202397538 5
0.792922267035801 0.0458163966288159 0.355948086504911 0.493422687143144 6
0.73518681508628 0.281700057151807 0.5753763685243 0.821210714863058 1
1.08307402386576 0.528233659808179 0.44722522029399 0.00769174685816278 3
0.180998587249392 0.863515337863263 0.10401616630923 0.573589927184487 7
0.818716842125491 0.544990333522269 0.772844452854582 0.512705538868684 4
0.716198733283973 0.0513333849856415 0.598861250454015 0.642380824932336 6
0.786384831487534 0.435348717044946 0.519132847337312 0.27138404495511 3
0.0507793941490349 0.675769221201792 0.297422462236387 0.699049162088633 8
0.035409089308179 0.697974892199195 0.37555562020351 0.760876514843189 8
0.0810184537542799 0.629943947134441 0.316354277327166 0.713519520504381 8
0.692902490802811 0.291466197711953 0.557590759307474 0.945743195423897 1
0.223110119730555 0.501292219251655 0.84753299067859 0.319280121763181 5
0.9639605707621 -0.0355906301209085 0.414979780176003 0.447682784836115 6
0.539505338832631 0.254385301629936 0.560136816458561 1.05357862726867 1
1.06472764944254 0.393664782369944 0.388420364296772 0.174011160337894 3
0.685629350756797 0.199541568451034 0.831962316298172 0.859679747297276 1
0.764869912147572 0.32813121905476 0.575307290728504 1.00022316243853 1
1.00391362675632 0.57478868094234 0.572035553228952 0.466228154802562 4
0.567715098593375 0.831485052884356 0.41756101140383 0.162214383099695 2
0.774556548643842 0.455622769500012 0.722424976516848 0.960293770824884 1
0.282303384218867 0.323355230884536 0.968141471116488 0.0358036681094273 5
0.109248239272535 0.603549068711849 0.313299496423941 0.722174306033841 8
0.19225974466762 0.788097833193871 0.0570896097201864 0.764274230996949 7
0.611404343478093 0.0208080314789344 0.473835143910657 0.418538659375231 6
0.794724473364456 0.491737897967319 0.331489278723508 0.0468070810685562 3
0.162211349411756 0.616045543960538 0.747244458485247 0.132682191558162 5
0.638482317633428 0.282188987249241 0.755267730414338 0.84406632677966 1
0.927962793637443 0.663623902138732 0.662035381113137 0.396489487904098 4
0.788394703701992 0.00190628180051833 0.405399230351397 0.591342606020286 6
0.131614903596575 0.702100965678017 0.270995035988493 0.677723337891024 8
0.236728544874853 0.820726765342066 0.0150723123850581 0.800140688299818 7
0.0568539303788878 0.790634592524293 0.391918657667619 0.701039384041271 8
0.895623119744577 0.518164949992374 0.776907125575863 0.410321669558662 4
0.300183348319405 0.318745684294067 0.781398247941037 0.181043713788132 5
0.277941962424286 0.627450551108484 0.808616367975439 0.013836248535371 5
0.859899360315586 0.595319385802106 0.76241853295452 0.470900837185638 4
0.268405503240786 0.827369208965577 0.487305775473112 0.236723986747819 2
0.0434293047521415 0.760870706437555 0.402624770960237 0.674466731279433 8
0.715072348680017 0.195382002458851 0.474489618819681 0.561456678032501 6
0.133927192461433 0.326956945189835 0.79218621879076 0.186109560233447 5
0.826116867467925 0.564831298893001 0.790242166251677 0.354021566865551 4
0.65758269728059 0.28259770697401 0.679778910222048 1.01253488362345 1
0.850883462308983 0.455341708872569 0.413274728516535 0.0192819383976657 3
0.0565445887081987 0.762465454373761 0.217476101418173 0.71973371956463 8
1.07936551908285 0.273923008236608 0.506254060160432 -0.0123087410407897 3
1.07322995304552 0.443182726262213 0.449741631040705 -0.046104085880557 3
1.08733357775641 0.184732289812701 0.331716739661515 -0.0486592409511372 3
0.294391071738855 0.415698381162519 0.769915575985993 0.0913655378755129 5
0.818490131719347 0.393686403736988 0.802017122055287 0.462922901437751 4
0.953708822971009 0.278345097749693 0.373035777825838 0.128654773549836 3
0.666436059087035 0.297722478703865 0.682422577007901 0.885744748919026 1
0.693904198311217 0.374256730507994 0.808950571920672 0.987805626073794 1
1.01658049382734 0.362118935584745 0.439140363694443 0.00377037729331169 3
0.157123061459866 0.79955399296088 0.0830285094053232 0.783591073230214 7
0.755474879867142 0.179242170942261 0.51383388257159 1.03828139021357 1
1.03245071894382 0.539251313337178 0.482982560912822 -0.0415498044064942 3
0.875082508105533 0.4849981521952 0.759294027263357 0.432824204524871 4
0.275717332314223 0.372086997330516 0.808587636499604 0.149079049933908 5
0.0389619315711882 0.620221668229997 0.315204878418828 0.670428854087994 8
0.780555686631098 0.399132540638047 0.389256933215836 0.0391289638437525 3
0.584021146447034 0.504674955800169 0.680568350348369 0.94337843249098 1
0.0894622219195293 0.67533272626877 0.255283220573568 0.733233679745172 8
0.808110300204077 0.575192419257025 0.693464101292474 0.40257879892672 4
0.7501323120976 0.362252551453521 0.357146603180031 -0.00171403133589446 3
0.753905683646868 0.428593675236245 0.654589111253989 0.459916196376701 4
0.94096495858662 0.510242758922525 0.619621480784175 0.241628531203598 3
0.614882141351712 0.156629869677619 0.633811133320422 0.957676420277554 1
0.254094445442366 0.466635501239513 0.944447797741769 0.170333836723932 5
0.805276035917974 0.155816076706172 0.379474609968576 0.31144582707139 6
0.377549604403468 0.327603093850251 0.889386078081628 0.0830610934543535 5
0.660180009478431 0.284326721030749 0.6809255066313 0.937583396569755 1
0.854626059875918 0.054080019713722 0.258168451195745 0.592337772953107 6
0.77789084952473 -0.0677178265676014 0.425501783903023 0.423909353076177 6
0.693003483920814 0.192842732756199 0.798206005388106 0.966406123288795 1
1.10022617606169 0.373424774721734 0.289906565531386 0.0139945420971332 3
1.04449903738504 0.367001706007243 0.518803240720957 0.111486901062283 3
0.897337519991686 0.371383054361197 0.37871719508525 -0.0437547311787275 3
0.197913262003723 0.832187957001572 0.424409242929932 0.104275554181572 2
0.141245914754533 0.697253873359391 0.210030655802559 0.706002416838084 8
0.40772726228264 0.685262981261265 0.73090604814403 0.354331299312885 5
0.950719457748218 0.591294525589888 0.705799850760602 0.566765094967404 4
0.815023444645014 0.00378717680150797 0.484336284988125 0.449076368661373 6
0.83485676658644 0.0330356069171034 0.473909971079654 0.617865303058171 6
0.34854073731366 0.395873742917444 0.596700777639049 0.0890408394644174 5
0.867604185525598 0.0790383355297821 0.570875989150961 0.493283678744665 6
0.969171433636021 0.581255143755392 0.467980457621868 -0.0262275885079241 3
0.35495821120621 0.370818504585694 0.828678665191991 -0.0891605050057263 5
0.485864695731873 0.399624880649933 0.981902224580692 0.0795828441626044 5
0.537230346597442 0.379976393559217 0.664153006331641 0.294544415018945 5
0.13833911819488 0.715304059477961 0.304792438648595 0.711699282934 8
0.883248894542564 0.568226702352853 0.708127752696185 0.440266050259195 4
0.0902499259122488 0.722796577835654 0.297177923444473 0.682095469953981 8
0.229085205207589 0.376589033750294 0.730789373322682 0.35125240467597 5
0.0489919865964314 0.661041180240067 0.292432581670929 0.66501899695414 8
0.0689000268982785 0.624457148706913 0.347763496635958 0.740867806100567 8
0.304595080770831 0.362103163941704 0.699777617654587 0.0995949827786675 5
0.95241217303877 0.35600296134662 0.779746545125693 0.288154125812714 4
0.941869713313421 0.431744265052958 0.555177553289052 0.24947773793659 3
0.297154001040449 0.520537341532858 0.748669083042527 0.129636256871781 5
0.838267119366592 0.207389492938276 0.353602009672666 0.456332136173249 6
0.362336433298886 0.388237029254602 0.793319421810473 0.195064782939869 5
-0.00477226951580555 0.678041658140149 0.414687989588655 0.733573771297212 8
0.894944452703961 0.474620580635344 0.215016396306235 0.111651848120719 3
0.971373646174585 0.441264499207809 0.509039021765879 0.0420258908591371 3
0.310757569407002 0.774551779981166 0.375798776043219 -0.00605812046559499 2
0.244874004165486 0.657150801518714 0.650295938556193 0.083551825385676 5
0.794907431111553 0.279097385990782 0.620665166716233 1.00348117350056 1
0.0602122498650596 0.676909082224173 0.283474024025612 0.762491315501397 8
1.00298932400276 0.417391333512637 0.401004246354738 0.0701774481662294 3
0.560996945259801 0.52838023078429 0.966542650122372 0.190920000249265 5
0.839244470232765 0.059407640841752 0.533171759544782 0.264794696043634 6
0.393682701236848 0.487368515863657 0.777086526915456 0.34063180998787 5
0.234432067009661 0.375369920544708 0.793540607325527 0.0205577177433272 5
0.768296223514676 -0.107673157865219 0.391321485966883 0.574734861452542 6
0.0526963769921599 0.706958263048964 0.244802846714425 0.753188744938458 8
0.655998354252418 0.363979302996565 0.543752672624638 0.901114521389556 1
0.627286338223996 0.462172714070127 0.761299368458733 0.796180937716503 1
0.632145421958215 -0.0661284856660829 0.205073821634849 0.562862310059103 6
0.0530713174352904 0.703033090754339 0.380153866389513 0.649249865075669 8
0.748164594651574 0.538145992447233 0.728849472444444 0.346729203403098 4
0.778044152516982 0.0786350215827217 0.420320643071298 0.383866195824344 6
0.634816365207576 0.189846552316306 0.591645462122828 1.06103769670518 1
0.13543241658622 0.66389443805487 0.318143135158176 0.720202734026061 8
0.870289023109208 0.54558045068402 0.671596377555753 0.579909462397832 4
0.738897872783077 0.346716724168319 0.641210968651312 1.11007149502807 1
0.969693805065058 0.439319931655496 0.534903366047302 0.158408999188052 3
0.253376442098599 0.474808069294796 0.896480221276806 0.12618138700764 5
0.0183319994407382 0.69506136126963 0.282914944661793 0.753226597238677 8
0.788535184621274 0.305295633511272 0.706990371263523 0.962981646763962 1
0.666642038190368 0.329691505387986 0.962821122203298 0.936644407318034 1
0.393311960046039 0.375855648607682 0.920836172751511 0.25049535200144 5
0.0498495361878794 0.672952683845956 0.314953585528844 0.763912475375285 8
0.970949524128683 0.592071874596008 0.41726655415748 0.0668466270129561 3
0.861288948648113 -0.0115946350847118 0.33489860620019 0.390098285249017 6
0.27362954021175 0.366053320364312 0.795945768012677 0.295064452606486 5
0.706688832689759 0.320349979350027 0.53860029360163 0.915280320213574 1
0.20223428046785 0.324902539036558 0.916574674734211 0.263483687792484 5
