0.49001161249535 1.04898569061809 0.0615188762024858 0.68525870401894 1
0.20689664340373 0.0497783847533582 0.223091761567856 0.655967816528114 8
0.293674986733419 0.193536018336179 0.388728979464502 0.813758015130041 3
1.00670550858739 0.730080229272686 0.720055953169964 0.056052295190777 2
0.809438359733123 0.603818348491495 0.582918491549504 0.509431781514644 5
0.103969170214147 0.0658568148179035 0.161603412804726 0.691238102443588 8
0.326646015266057 0.183159365761656 0.280575486646642 0.871687512601697 3
0.916333084015637 0.677126132066811 0.637435848953159 0.109788398070911 2
0.21419668027249 0.0304200383858306 0.183254173409005 0.735622128359714 8
0.883944606484428 0.63993121817671 0.607264097879853 0.0542519493412901 2
0.232697033337196 0.233752349959772 0.453372393693675 0.865596807327465 3
0.312040592710961 0.182874597328473 0.3499193302556 0.868325967427224 3
0.92112040318192 0.489119154618116 1.06902301587548 0.130827304321149 4
0.523016011967092 0.779759738044408 0.463639228800978 0.2633922645404 7
0.332081409154027 0.0906213291842597 0.310115391621096 0.826674382251867 3
0.597763834270286 0.851727501427945 0.114275260455727 0.695747068618991 1
0.291313181459116 0.185802679696125 0.253950744317543 0.754750833350168 3
0.143749197036491 0.0363933071943906 0.177793169279356 0.692215021631902 8
0.354774208645312 0.214995068081417 0.301892453148352 0.751231195332352 3
0.997365444484597 0.576680399160384 0.741543280406619 0.0182484335804851 2
0.678695750442074 0.719875349749575 0.444779367578795 0.111257282593811 7
0.180114136786833 0.070970665873485 0.214909008683671 0.692247007986948 8
0.908195853682206 0.649369562989064 0.851509780626824 0.463396444498487 5
0.971224730584655 0.71712058700235 0.67416834757615 0.0250839985256455 2
0.216173413803018 0.0828843231218136 0.181963425296852 0.61317335252411 8
0.32001703348571 0.137245507583907 0.224014061752346 0.865129385795624 3
1.01966065232938 0.669826314324129 0.691242631632304 0.0449121532295746 2
0.369688449765922 0.222435242787545 0.265481121088537 0.830262506683755 3
0.629656074368068 0.659745940447864 0.435555071656751 0.336415160149375 7
0.196384973052539 0.0506528728795894 0.17143572195213 0.732683989933143 8
0.900360786554545 0.551358262904046 0.49510179027851 0.473240126109683 5
0.991254950561971 0.57557534107671 1.00213106758564 0.0707536997087643 4
0.560484994326709 0.978791230470867 0.132445223256658 0.67421097711365 1
0.743060682446127 0.667951940953677 0.504160263183066 0.180868219737565 7
0.872395997245151 0.677815067952321 0.420040238965646 0.0835941188919641 7
0.330997509584976 0.18625718697627 0.344863392955678 0.775937902004774 3
0.351305157022289 0.154450033719673 0.362512818764323 0.870440510000788 3
0.728679476382459 0.683925102791634 0.423713588053586 0.291401495548796 7
0.283236265207216 0.198711733453914 0.342832007510603 0.766011941105816 3
0.625738881675845 0.993563787543037 0.394609387276964 0.508321809946326 1
0.621360673688607 0.562828692257367 0.413416328195848 0.0747403348785473 7
0.871805429483376 0.717521170233533 0.742110687560264 0.0850642183467366 2
0.278939919236876 0.192588245756305 0.298505269638621 0.848786579209594 3
0.924398880135161 0.680705838833634 0.570355436667691 0.0886598548405462 2
0.947644568919275 0.711995601160021 0.68858903973533 0.0286232968450435 2
0.537383835691031 0.839524972988081 0.203570059876532 0.627689046974323 1
0.959870815955119 0.764895547147127 0.560213499506047 0.0723531258423573 2
0.93119064454143 0.563918511400852 0.692212304144324 0.488023289630052 5
0.936050152579618 0.406538476745272 0.3470489905652 0.978240231751982 6
0.915839695495458 0.69839794536894 0.74058275155778 0.0754234302111223 2
0.735222361014067 0.72422432371668 0.381877188435939 0.29797000422569 7
0.813545896360792 0.577669018639402 0.890854673545297 0.0238938713884685 4
0.906832093406239 0.771700835398974 0.737739752708698 0.0527157014662502 2
0.952846578516392 0.647768504911918 0.709289301072476 -0.00443740763560255 2
0.684217884696282 0.719460069680697 0.42647738542827 0.244875317526832 7
0.953893072048921 0.625948751453269 0.676126652562893 0.45752495311802 5
0.279079176583193 0.175363312362193 0.35902366278444 0.777697828385182 3
0.89531852451937 0.479359580588255 0.683873795156202 0.41843080682872 5
0.681699230779544 0.745970082638951 0.535571061530064 0.149516559097479 7
0.894248749611052 0.670631250796862 0.753375901386612 0.00618297202026007 2
0.693155245608683 0.68703840026111 0.432677019012108 0.192958060310149 7
1.04048693211762 0.651737311619865 0.669827953189801 0.0733292972696359 2
0.914935092862662 0.713235980932484 0.70265126423546 0.0864828085307527 2
0.401963324226282 0.246613031157939 0.304629527020777 0.867074336303425 3
0.496813851703215 0.914784991403246 0.220549134489562 0.746980737686147 1
0.975590054469017 0.671250234896765 0.63955562545593 0.0532449844610979 2
0.968304406853903 0.6931645858375 0.651674512747044 0.0240574295010292 2
0.123014618253189 0.0593746622764509 0.14275579281173 0.74560899311846 8
0.64871616302081 0.968677808948943 0.377976769115469 0.684640523632043 1
0.942073513201954 0.503354340454095 0.871942809876768 0.00478947512734142 4
0.947207393326961 0.683293588258987 0.713064100091906 0.0586527505700573 2
0.887383386452902 0.68361986553045 0.700990602938632 0.0502087907963532 2
0.899096220636185 0.635796448991359 0.364527614207979 0.638602652795549 6
0.521321349250118 0.960585504915062 0.179716645759182 0.729463342818108 1
0.368258069345261 0.290677044943539 0.31824215082835 0.705347752216456 3
0.969482383755214 0.676671730778934 0.66782132008379 0.0835853191203107 2
0.707504493398924 0.728297650257705 0.350906876243969 0.25990735015369 7
0.613551997089216 0.744263827092982 0.372905538501401 0.257591426603683 7
0.978252714461568 0.753156842604891 0.765438909496379 0.133240252698417 2
0.347396233994418 0.207029839526805 0.348570095577698 0.856155786123066 3
0.968698345625442 0.63846776651246 0.751884646541733 0.012203809305553 2
0.469050980313924 0.953352650484249 0.390675414974265 0.689565873846531 1
0.839372504735129 0.637816464649131 0.798883448606892 0.0437481353338054 2
0.719242891030936 0.677848256411201 0.415921558981421 0.141760089884358 7
0.862805310066067 0.585125674938646 0.691229902232984 0.369795523054777 5
0.286647152423534 0.189828075970561 0.237202655142338 0.788674084680232 3
0.885920886899998 0.712838837395808 0.668276274892318 0.0993229967125621 2
0.913452816316309 0.556987114814812 0.805419951473316 0.295841224585497 5
0.65888019828361 0.579089811283764 0.412046796885677 0.0873873989806268 7
0.658594490231164 0.770510149313699 0.466789218325806 0.146898885606975 7
0.69757970922504 0.731310393646226 0.448542831113804 0.256729324999201 7
0.942702895403247 0.605951717195641 0.835226891205551 0.0644220309256167 2
0.262675303348691 0.157823741898691 0.296938587915115 0.863751305567635 3
0.853862902743585 0.531153102555166 0.75997841426145 0.430687015750085 5
0.947552718007067 0.696745605258498 0.641904345510018 0.0688061490680337 2
0.704240950419808 0.651449961475076 0.385795103059671 0.161413079590703 7
0.721894570036195 0.668196271910382 0.452810678593483 0.299872537447326 7
0.898532859816904 0.810636331604314 0.418107637386133 0.128434053285926 7
0.638127630499641 0.78096273308372 0.452447122400335 0.136767842292594 7
0.606419957297126 0.697206763913202 0.415266675285381 0.301405918660398 7
0.192564917567926 0.149767155866848 0.288959074516774 0.682418466950152 8
0.678761576763587 0.740552649664554 0.394771579430485 0.13537547397617 7
0.950190276911993 0.66613469311496 0.764341696383927 0.0497556056938692 2
0.983623998939226 0.65036923570701 0.719549352845224 -0.00908830721743858 2
0.947197170151458 0.56097422235771 0.900587529323944 0.146626904596061 4
0.260920953549492 0.213751787042577 0.228206891160672 0.807650055619043 3
0.255866158699179 0.167476352426773 0.291813124821829 0.88291206485265 3
0.307359119252885 0.283487786214254 0.309444623727755 0.759984062225718 3
1.01945685937143 0.421393156605786 0.361799821971472 0.924853717755254 6
0.377454250918705 0.770800276485552 0.159023715299547 0.514162946699631 1
0.201412002451475 -0.0319412927847172 0.189652920196582 0.651210134781207 8
1.03154798648206 0.57919827758523 0.362724384720641 0.693859771211227 6
1.08425637404691 0.441619950606444 0.637867927986235 0.445340371392539 5
0.947220205923602 0.786628636671352 0.628531108685172 0.0784260732717706 2
0.245745215970757 0.252320253283392 0.262495057189978 0.851290897231276 3
0.186982984277018 0.0846240915833753 0.227080902388557 0.799777769137074 8
0.144726186784594 0.0842125127650498 0.246999257027189 0.695499391305952 8
0.906646279173135 0.525311437595192 0.695740137793177 0.520745596594491 5
0.628512677960482 0.541581511823428 0.469776025294607 0.0764848270514627 7
0.708601896014161 0.750598714951057 0.285275386728723 0.232940785355536 7
0.84336335241493 0.553078130054645 0.971805644602664 0.0735012882633851 4
0.322755365248825 0.275011257923295 0.298518297848579 0.84222741943328 3
0.935156942618757 0.694146523088114 0.634335841299128 0.0152955666268162 2
0.958531629406538 0.705536538226322 0.688990314626184 0.0594059990488534 2
0.700337629562028 0.688757748630041 0.44029826215504 0.14569629914144 7
0.238997410224712 0.206983179503722 0.318106963972787 0.829577982329802 3
0.305883991841411 0.114577530470545 0.371521154608998 0.862362668931638 3
0.631839135874825 0.832271667946537 -0.00428730069459646 0.51606923195221 1
0.868543027931361 0.536266108067227 0.72069598509136 0.451819865694717 5
0.886122079494695 0.722860959494661 0.692024871475572 0.106722775055175 2
0.825803215028154 0.647654429234771 0.77300457308983 0.0833462274483746 2
0.634933718852511 0.806367081605114 0.586382060895291 0.123696694188969 7
0.725091751848101 0.742573824852711 0.431265015345694 0.291544444872752 7
0.224708968729066 0.15248023299805 0.24436549036974 0.731215792754723 3
0.297950255637007 0.179408643765043 0.26279245462205 0.862481725377963 3
0.976589076495696 0.611167265848093 0.5722006143663 0.485104824821728 5
0.938957970080093 0.595560998797892 0.808324734558841 0.140716737186979 2
0.98664062524339 0.634597028520775 0.279591058776446 0.786928177982853 6
0.885277383797007 0.702740486953113 0.824746189550738 0.0603446765292546 2
0.162506286421549 0.0805341207954791 0.255294637399222 0.647241919823794 8
0.873944246107237 0.672554914323946 0.611525222164885 0.071904015281761 2
0.889708724035663 0.558926419916815 0.158547824604915 0.786010112292727 6
1.01268274448733 0.621104194088526 0.975849264051607 0.124052530173428 4
0.564278711319244 0.934245740521602 0.298762279695244 0.724596583253131 1
0.674665042860581 1.02403602559925 0.333787267383065 0.673535905689415 1
0.902374139917682 0.689256440095503 0.743068316018535 0.0610139724035703 2
0.696330705902154 0.718124229583889 0.492485925887713 0.227911223818285 7
0.662915827174433 0.972657364747373 0.0910303207199058 0.638936389584235 1
0.494002614931361 0.657706067470717 0.553070058960744 0.110942316800284 7
0.286797870240467 0.11985184869807 0.330190391324599 0.786838191520128 3
0.793956725950271 0.758347317235861 0.66591261138273 0.0488832284819055 2
0.361881037585297 0.115078407587133 0.348512528366291 0.799330252906261 3
0.8933528526108 0.69030864455482 0.669857410236434 0.0131638756499718 2
0.505029611848533 0.885309560572815 0.217194341193558 0.599893683099061 1
0.541041903604257 0.714842234466934 0.463865020728014 0.18690325647505 7
0.338541291721098 0.197244941143966 0.244507770703715 0.790527110933494 3
0.730750788659872 0.586121508011244 0.300336206339143 0.261888789892966 7
1.13774360794517 0.482307044116763 0.190522574309234 0.825345236075758 6
0.500880639711123 0.6690773792164 0.385499014163671 0.561067208209915 1
0.726359723148882 0.782361328071463 0.531396155124086 0.174051496951742 7
0.146008316833633 0.0547660460913368 0.134188967726337 0.708438021110887 8
0.617576049266519 0.916742755798158 0.148812590196873 0.808703854794027 1
0.550337424568489 0.658635634303118 0.536547445549773 0.177049393372851 7
0.316811795017159 0.23240622962996 0.311993039172304 0.862370031327997 3
0.938538922196146 0.649181339116027 0.63573165041336 0.00687283444990996 2
0.993925557196231 0.732740125335539 0.646996332021019 0.0121373106059016 2
0.284573541970678 0.162921026972332 0.322376389227437 0.700324352941757 3
0.919941800687128 0.601767139373365 0.157796265714196 0.865563157596137 6
0.903120748676335 0.684224209982497 0.784166827988986 -0.000312489686718223 2
0.965081260659166 0.494973553853192 0.646949251645568 0.419890700207035 5
0.314279338546431 0.115319422208935 0.333621209177693 0.883514104225615 3
0.608042452975736 0.605683590775375 0.478673035176665 0.217692162558473 7
1.03250506949642 0.644878306903751 0.634297838545147 0.0384003626444097 2
0.690858583055863 0.74724993866644 0.417529606016093 0.373729855153692 7
0.238580504412904 0.0101325536539588 0.143196992000121 0.666739472165988 8
0.696552815053315 0.645379918179642 0.354186302499727 0.066586142016562 7
0.315936769911707 0.0389774307363231 0.261704642977856 0.72645013739233 8
0.186638499316674 0.219606804552636 0.386953725986949 0.877683014515139 3
0.430777523279639 0.8275065270016 0.164600194765584 0.715473224924955 1
0.578336763333338 0.954691707679947 0.297397270714291 0.642775137803072 1
0.57707852076781 0.861045551526639 0.210266006350073 0.598454241943843 1
0.669880602331123 0.94766758867595 0.10258955028503 0.514760430645741 1
0.569607706269216 0.639301707865241 0.386057566797013 0.250361676095329 7
1.01604891429469 0.662475115820452 0.653204865141866 -0.0381591893640998 2
0.857351976232245 0.642650331127283 0.66816123852505 -0.105052265466104 2
0.679890772202337 1.03522174757573 0.104478419249804 0.84791964696369 1
0.681097721441795 0.657608036615976 0.494425206878698 0.214823121556983 7
0.995990254340124 0.467868274451803 0.851111984696329 0.437245184305671 5
0.630451941799918 0.784401986181237 0.526341340998184 0.139188312590406 7
0.618328170282094 0.764107212353332 0.402783259450686 0.172177008085427 7
0.215614559879513 0.0467929592810648 0.213716688981851 0.687117542448942 8
0.682787695616893 0.664162164963755 0.385828693508797 0.128147168943077 7
0.666778694958161 0.661730361145058 0.412475096542051 0.118700310593783 7
0.163965111520063 0.112972052157811 0.226893344955615 0.73213616114542 8
0.930617633523118 0.697701302716754 0.700359287155107 0.0647556676558198 2
1.09685504855895 0.548597441205957 0.69924330276892 0.365842478790156 5
1.0883282950115 0.61397636329577 0.753516481201958 0.397100774696989 5
0.932325537478551 0.627111256160582 0.75910427024142 0.440991936071265 5
1.00036786957154 0.584196483193695 0.931391398878005 -0.0219815519092219 4
0.828200160809826 0.645988669081673 0.423927128817316 0.175038370702035 7
0.280562628773801 0.208606486434182 0.312037942170428 0.792160233990865 3
0.306064295396442 0.199961934439056 0.288958413811432 0.83885453555886 3
1.04882782151101 0.577191556682415 0.611030648238197 0.564511695111332 5
0.276453255082877 0.130250537142254 0.335700294812114 0.780098956218446 3
0.933233919848513 0.765607199236018 0.702019556305661 0.00438182193970015 2
0.739186605313459 0.72737352831116 0.444911391992178 0.202177281711417 7
0.63784651359389 0.817421890121436 0.330329705833646 0.787237528996487 1
0.850863134810352 0.464896544473022 0.744198715396329 0.412797547950042 5
0.927422040020886 0.669288327677887 0.700141184732526 0.104762232376376 2
0.995521162258764 0.567241269022772 0.815200102156035 0.445374363426666 5
0.397707412151234 0.164820451015821 0.292381510884396 0.807794826466208 3
0.334762536644767 0.218004524541501 0.277102095653897 0.733717594148608 3
0.241310446608171 0.098166491768679 0.138267725283081 0.70668890919189 8
0.336702868980418 0.216235264380906 0.285465957001609 0.82817738720496 3
0.421269736891665 0.178885973671921 0.3680728554903 0.770043735185085 3
0.953149739405526 0.664359757865137 0.718905815036265 0.0569015940978967 2
0.80345400382913 0.624453697515097 0.68216484023992 0.453912305959509 5
0.2956544104149 0.274099080400616 0.348393902447325 0.822473343018228 3
0.234230849675275 0.0431560203346753 0.148553256320529 0.717417019141171 8
0.311582085016069 0.201935321304693 0.46309982421341 0.788219824064263 3
0.24319508583481 0.0732152368613012 0.207570891063316 0.727490039691079 8
0.990795234663816 0.68978761409365 0.789099661507315 0.121145758795148 2
0.323537577312368 0.256103780449762 0.256309390904029 0.930103261632436 3
0.321013923763793 0.111181812247901 0.3477080484698 0.776721622312228 3
0.928578616556888 0.753596162950846 0.691966827662033 0.0497802391017746 2
1.00330752597006 0.514025204482325 0.280963918706588 0.815435953318154 6
0.539852058138674 0.735615760133845 0.568190805349951 0.132596515331559 7
0.27675588764295 0.267665175204475 0.291737954595229 0.817991751749479 3
1.00103513507038 0.635580256805583 0.606166055663697 0.087906363913809 2
0.285854453637497 0.281538840737845 0.310273741675729 0.787266301975643 3
0.613412295378726 0.763843743270815 0.271824473543292 0.903444411699557 1
0.911418646788715 0.686969813373226 0.694646527552288 0.0146602408170552 2
0.317510054732133 0.211376049381396 0.349904912376728 0.849976705344257 3
0.773733721288986 0.571997536479708 0.46562958232916 0.292558336734492 7
0.721667849555851 0.634634441227455 0.426087735255547 0.254342034846542 7
0.310737333113639 0.16883078101088 0.320137808484958 0.825471454449946 3
0.632130771429891 0.62176438870501 0.474332294240552 0.258176762617795 7
0.741528831040977 0.704186219256084 0.41197285226984 0.168701927877834 7
0.497056556407209 0.899217311448889 0.177625810032148 0.710310741437067 1
0.551557410779881 0.914652601382673 0.0644723080477426 0.648921504282467 1
0.836614200293695 0.468108992646069 0.774699817772768 0.363186018450384 5
0.65386395919867 0.705625645885957 0.449160737609765 0.0237918848481144 7
0.921658852901271 0.775932294821435 0.750487739043282 0.121782349212601 2
0.803873435964467 0.693396404676364 0.48411300505343 0.0512057557238572 7
0.982484649453562 0.663368585304265 0.663303661305379 0.0725183768029453 2
0.226647532423975 0.110557489301268 0.224552176250507 0.70468385144154 8
0.269208665990092 0.158504433402109 0.316043959637284 0.77845155209396 3
0.277292698921536 0.181003092934586 0.36484572385264 0.874281641309777 3
1.00165364669834 0.718038253017785 0.800076231171534 0.120239347491849 2
0.344971740724087 0.218149670262862 0.331032290303023 0.726577867565052 3
0.267984879439246 0.189512960194246 0.328886698811781 0.813614697838534 3
1.00308847551676 0.542482639318474 0.642422831756713 0.500983959755287 5
0.327550305100531 0.199099503606441 0.208189930034777 0.815748825034567 3
0.873364836112899 0.666638762050212 0.766679673390852 0.424600169616864 5
0.346393166778338 0.272020445360269 0.311063005922351 0.796282148921284 3
0.834786864499561 0.661575780343642 0.674277051095151 0.0998690535459321 2
0.976234696008558 0.600510628558699 0.742615190945822 0.114917517471301 2
0.95160042006792 0.683704028639426 0.756505332524538 0.0418660416769201 2
0.320359134645608 0.205143267498252 0.298540279742964 0.874020434387718 3
0.961843373593343 0.548457509774744 0.224107877993727 0.772323446257128 6
0.958063107061024 0.474558104194926 0.720395183453123 0.497426102929294 5
0.710684777916063 1.02179787922964 0.185217520613998 0.772341363941312 1
0.963899334411932 0.509519028181666 0.937399535633125 0.0929751193963905 4
0.699873202688514 0.716175405149508 0.167143802359361 0.671663471012599 1
0.619295545343777 0.634257206236708 0.420434728262062 0.209040431404701 7
0.663065418689632 0.700033584646135 0.481387860627283 0.0669583180788964 7
0.879353588138124 0.705720233672283 0.728561055746898 0.0663742275452246 2
0.969393719736197 0.623196127975039 0.730423660926042 0.00135146123885931 2
0.910084474502975 0.632925351102909 0.693432259757644 0.025448706567245 2
0.647070145937566 0.700761137220701 0.494101038838509 0.17890429310131 7
0.933664546534653 0.711556391736743 0.680060801967889 0.09506537432729 2
1.0514828478581 0.455512732312708 0.765858226063586 0.443600914157241 5
0.310855017956807 0.191562597354463 0.318807300324671 0.739799344592056 3
0.776857426666896 0.688295023075764 0.615233767496412 0.224799557072457 7
0.919332450561496 0.493402845575629 0.321135351297936 0.754316219521669 6
0.642159044409233 0.612465863385526 0.50812928548192 0.138520308543114 7
0.433459330241884 0.972639492246923 0.171686974210907 0.531137928329827 1
0.966914751243054 0.626370383847343 0.688604709997769 0.450454784997119 5
0.785133972766857 0.517588336299516 0.712325868291515 0.511807966014656 5
0.351156789200267 0.194022831248301 0.218639670763435 0.851489682403882 3
0.737424945883189 0.705828724649034 0.409536611302726 0.127023140688521 7
0.893526201745575 0.535988113110504 0.72425165728819 0.441638668845031 5
0.903822797291554 0.692140970486098 0.497031161888599 0.831276175392308 6
0.958173236470282 0.586161947936383 0.993755218757869 0.0388425426104228 4
0.362993945723223 0.171730468239585 0.276563424227075 0.835185621518634 3
0.280624510226104 0.260251085624272 0.291600401178086 0.835921718891995 3
