0.0188075293012021 0.440398342505103 0.972993956412361 0.827454739810113 3
0.766282440989219 0.505380568153482 0.0424060628895853 0.80816250505389 4
0.90545857966173 0.230574056095391 0.078791683715002 0.821030727023357 6
0.918898389795798 0.512136372873735 0.089398995412423 0.864842281421631 4
0.0523780668404853 0.853681424334325 0.374678566367902 0.505447606193116 2
0.372448886949589 0.764892212410387 0.826509094705927 0.700229431209944 8
0.419224843756432 0.373405505495523 0.397428600050009 0.112764902596942 5
-0.200150683142911 0.715919019635825 0.240669503508753 0.500255820759133 2
-0.0101735482504074 0.364729184609422 1.01166994793321 0.943700460503262 3
0.898560633333762 0.436568973826273 0.288858420662584 -0.0149693857035636 7
0.825195341905702 0.389846232456909 0.168530803468938 0.905490278756336 4
0.262250628418575 0.73695859405091 0.751446149144993 0.762784807894569 8
0.8306004872157 0.409641051489726 0.0483813945399516 0.998774203716872 4
-0.0089849899472301 -0.0124574140663329 0.790518724976696 0.863764117715572 1
0.331607177291921 0.617144926969487 0.767420020434928 0.858664324323504 8
0.881993039498336 0.402327678584949 0.00997355588613765 0.901496147254837 4
0.46995169918608 0.238306159879769 0.240214648841462 0.139539856869946 5
0.122977891624487 1.04124071541365 0.22699023636184 0.355342362254011 2
0.0230720252624925 0.452496211091523 1.03043106103402 0.886328924952047 3
0.164209359997468 -0.00106960441450829 0.722229279326594 0.86896547401629 1
0.0421548075656239 1.24890567904202 0.496718446027524 0.444313974395095 2
0.0146718470695177 0.56707793945621 1.03344899153616 0.94339819026414 3
0.962321063194308 0.233031505676582 0.0129960775744772 0.756937427789054 6
0.847152906679758 0.489681730420702 0.129723881503087 0.982544291491042 4
0.910609791395449 0.127185092245378 0.0727292310163397 0.808579224070481 6
0.805275724169906 0.458726409532319 -0.00648899556993629 0.940580624299102 4
0.843089507524849 0.50049455534653 -0.00451291321932858 0.922648054053013 4
0.138046311943377 0.488645649559446 0.863294684678914 0.872607852472106 3
0.306395046671071 0.824281697376089 0.872646184873974 0.838529003287674 8
1.09270595646283 0.152788641772928 0.0561515564678245 0.64919828547895 6
0.929421253038827 0.100816910004028 0.0279060680018922 0.755511473987412 6
0.84971755559122 0.448431453962963 -0.00302425740352495 0.90463265680365 4
0.266300462711646 0.100134080849909 0.907358508034764 1.01853553465327 1
0.00373791623351273 0.955630341399547 0.376698140550325 0.406460755474786 2
0.779708714888834 0.398393449343286 -0.0208577640289593 0.996623910573346 4
0.572061879058094 0.413046423801483 0.229772155373318 0.265074943271695 5
0.0379175354172646 0.466231913101141 0.918230154124676 0.938442309353138 3
0.132545707097539 0.462463482232332 1.00041309895468 0.909629219519182 3
0.247865706036749 0.0210835592257996 0.834635884740748 1.05962260071007 1
0.796666127724089 0.521703173991303 0.0106137975552328 0.93109288849401 4
0.405392382354153 0.438654991492895 0.296854473769246 0.3379848585413 5
0.125467925861133 -0.0731998004779929 0.880911807083829 0.866685441196295 1
0.865743128998535 0.239590619286215 0.0177002043852539 0.734832923936601 6
0.840778348321161 0.380395916527927 0.129760640487652 0.876889767305766 4
0.12196508848303 0.0692241995081617 0.989248555632432 0.889733527356263 1
0.862372142988293 0.334438004333213 0.0572761391791929 0.80771951848563 4
0.180019158920489 0.0802461740388184 0.806505205623775 0.937987635513669 1
0.742373586031865 0.427908306510922 0.0158662783593655 0.854132148681735 4
0.884403562854092 0.210377847960573 0.126774063223173 0.717035726883496 6
0.393212293842816 0.739372610184853 0.745964653822412 0.907639611740986 8
0.840292722688298 0.140283093528185 0.144247792441291 0.750685502086823 6
0.207178357620043 0.0691343837765683 0.957290987428688 0.901226639288948 1
0.209078100034779 0.289657454334445 0.24199446620841 0.324336910556043 5
0.365416968822516 0.641419176027463 0.831633399229233 0.804582562779949 8
0.853408213431936 0.392378336834208 0.0579117730915968 0.913973443468052 4
0.427245355129309 0.337613973275433 0.210194046314886 0.266396588929285 5
0.0770819676035169 0.555524963799438 0.937915120373325 0.975576191019863 3
0.16046256542905 -0.0355638986663955 0.666408869497167 0.896739599367087 1
0.513352676700899 0.422736500812825 0.269533330140524 0.204594972396968 5
0.084444367116079 0.444566904729759 1.00675557196726 0.954255220966859 3
-0.0638416907175095 0.887592316794158 0.503012416315342 0.379249570012111 2
0.861499705995678 0.482705201110241 0.218214450571949 0.972195381548722 4
0.170051133995225 0.798869221110489 0.54730293762855 0.426789173071552 2
0.878811626066868 0.266828700588344 0.140997987172145 0.885866727560149 4
0.837453782688315 0.484013332280395 0.172937385095906 0.98297952905444 4
0.280175292092768 0.131926247512297 0.816830199838634 0.95695220407157 1
0.786110352167536 0.444503070002337 0.308230999382968 0.0547809326008386 7
0.166573604543689 0.0492859219373459 0.834171336135773 0.970259767400705 1
-0.0118957767586214 0.669183291612453 1.00025648662934 0.891253161163201 3
0.151385748840155 0.908405312876761 0.398720851883859 0.412311683146933 2
0.757928837689372 0.385391659085308 0.092257310307245 1.04444120063095 4
0.37038734149423 0.753300782671433 0.759299676679638 0.792751550276567 8
0.923303764648702 0.24131880325395 0.137696345204813 0.776299406741978 6
0.00279113662546095 0.316936417625824 1.07542749275862 0.933594194414973 3
0.715970580319001 0.453553485671176 0.0616321703364334 1.0041160210766 4
0.194342114165147 -0.014136768839605 0.708980001348043 0.816990307003133 1
0.177724074731971 -0.0814509008214738 0.755646848167111 0.942253774359286 1
0.0865382685749441 0.443256443390955 0.894514387307195 0.9530322247035 3
0.406137481093056 0.144140315915253 0.335264537870157 0.305451309985826 5
0.176857803859966 0.718951841671183 0.829691681060889 0.823599224433469 8
0.355921607471693 0.379436163874722 0.263974522687677 0.190457503951155 5
0.153351943401773 0.437633634487474 0.936757851425975 0.89196177558428 3
0.918532539527903 0.457482639690606 0.0681725852490351 1.0605896011242 4
0.255435875298501 0.182051326673017 0.873110778223565 0.85973576350878 1
0.428471353395721 0.583632300009748 0.789346930455788 0.840508239066756 8
0.963436772846244 0.134149412754633 0.0820153302777032 0.722600819924847 6
0.0539568072937415 0.0695384754923153 0.912643147947428 0.860191048284374 1
0.311010571439304 0.766925934977372 0.759296669909926 0.834386717420278 8
0.219858196279503 0.118767631046986 0.824570946536363 0.910430889573316 1
0.0858122646073741 0.969156491889888 0.4672859280877 0.445555113276042 2
0.0225464717464315 0.56705075992149 1.05057270585145 0.94362527132696 3
0.421054402786232 0.172063137419955 0.31010326214726 0.411137038655808 5
0.0128287344358649 0.391922317924593 1.03216212310719 0.858867095279601 3
0.803627124466678 0.634536114765583 0.271667441518735 0.354415812221346 7
0.944868258853394 0.165603513097191 0.0421845990044685 0.775267796130111 6
-0.0273623084689965 1.05439123361596 0.319089464784781 0.455976305462845 2
0.466965465156341 0.398410281307486 0.425624437705527 0.243491015151176 5
0.797328822291837 0.520672535714245 0.0281932812153316 0.959158188152877 4
0.263084305049932 0.0505514500395951 0.729535339287403 0.804323864755431 1
0.978068751709576 0.158361265996132 0.0522559338990739 0.764789743913926 6
0.393727471494474 0.277053648573998 0.29423198269161 0.217105587476421 5
0.882505209977684 0.231135024288498 0.168039926416625 0.784116177692459 6
-0.004433575731419 0.444359375343528 0.904545723025817 0.907965506812758 3
0.120965569233358 0.361024040934439 0.93182809454399 0.978170876912892 3
0.786677429596415 0.45156623139491 0.0393933840639017 0.939447732259093 4
0.941246339397594 0.19701089637415 -0.00996654594561483 0.731823309068375 6
0.100688778609314 0.995998139977641 0.46132446659364 0.0671528975041169 2
0.868511822922877 0.476795458722543 0.123609115961513 0.873052951784583 4
0.189956120046897 0.118208301101345 0.711254597145705 0.854982008895725 1
0.367813051645113 0.0387366048113254 0.774078398441912 0.98163716758053 1
0.203356698061781 0.971108803934752 0.520431295691626 0.370311429701444 2
0.858863966866742 0.456154795484176 0.131712600950727 0.991553264286986 4
0.316339965066274 0.676026901681881 0.774034617206429 0.798027922369041 8
-0.0810508919509622 0.473110690265489 0.834040505500413 0.980017851254244 3
0.962847118996129 0.689641000958486 0.245055681025252 -0.01285776333353 7
0.865574299499392 0.507914622871824 -0.0779555493469278 0.945546294343641 4
0.842343570095118 0.4949563076578 0.0482446529558748 1.01350008850971 4
0.862544085988916 0.13376332506345 0.06093149304593 0.859399156956342 6
-0.0263999099026243 0.479245792669797 1.06700779601109 0.879416825971103 3
0.283406728163621 0.49411454594986 0.321809206095737 0.399317736123376 5
0.664457865652221 0.58401241494978 0.0456936905480091 0.0987068235047277 7
0.760578549512483 0.402036254721016 0.0601297907849153 0.909021451976527 4
0.134886857496103 0.565679397331026 0.866514377215464 0.817929538627367 8
-0.0346551027163293 0.296431531104821 0.979868442038084 0.869442406161901 3
0.137742505423229 0.634882649427862 0.766546180006865 0.913071427832542 8
-0.02728138099762 0.398209716027087 1.05340129942872 1.02309397465179 3
0.716175232707205 0.585401876769178 0.302630381631279 -0.0879102136576795 7
0.354223184740964 0.11614834378672 0.208323759243867 0.204390813026965 5
0.874061835859753 0.376976003183797 0.0506810236557291 0.942606877436911 4
0.568193685459795 0.409623951311212 0.2406902022283 0.169722965228532 5
0.0813563081167142 0.407686284687113 0.943304446486916 0.861795126308014 3
0.422763065263433 0.313409793056876 0.371919600307419 0.334738805526731 5
0.964922435606344 0.167463700612177 0.0995750372427908 0.851867937532209 6
0.879023490196384 0.399798820212561 0.0641629609856001 0.938044146132136 4
0.446128703981891 0.763083517611493 0.768883475833853 0.81759685175754 8
0.700651607218562 0.429829277708539 0.0469011891777254 0.968011164178935 4
0.196784209772447 0.780681078201321 0.583191554730622 0.382335370841362 2
0.431859689876628 0.427711458633249 0.255997848127235 0.235517641732589 5
-0.130152923970914 0.467766156424395 0.876633547292701 1.05349041136271 3
0.272934392543434 0.32286748073632 0.181452726814189 0.283759437012908 5
0.17316453802071 0.0536951138594234 0.807313461167949 1.0569208901566 1
0.771968624095327 0.450925274082053 0.137755847458109 0.846731279136481 4
0.973796251496793 0.288867202426946 -0.00503489172994134 0.808806153553751 6
0.439473328916984 0.169048838292188 0.319387144383857 0.379177373946083 5
-0.00790781475167694 0.402202713904178 0.934486131020997 0.859945429874352 3
0.798943563041177 0.361483476641652 0.136834748826139 1.00048449490608 4
0.423766790530363 0.324361532231884 0.449406934299381 0.219386716338441 5
0.0249169689504093 0.399440499957433 0.945701505018819 0.961351757123482 3
0.43247934682243 0.359956038652028 0.241338073363662 0.302820621940695 5
0.343074009920506 0.34395540829517 0.287285562748029 0.292422693160853 5
0.57157113633832 0.356680302347573 0.3380627895258 0.256492714108473 5
0.0918793122002304 0.989809297726805 0.512583127279311 0.642044329209015 2
0.249421912205935 0.0866170220100799 0.74656935804404 1.032031986216 1
0.837978658080855 0.381408100316402 0.0552795446874621 0.905144474560126 4
0.109414191197419 0.885308092258982 0.37626285768245 0.589210869530025 2
0.339816884936774 0.248202651086669 0.184159801482577 0.315299004793594 5
0.847228099730267 0.620439855327046 0.217450761969869 0.20490541786795 7
-0.0303062770305656 0.916446623776353 0.622553638106925 0.393494802017102 2
0.289884644610074 0.578108158050408 0.879018192851026 0.83681283832247 8
0.788229348830815 0.507048092366613 0.125029839132367 0.0621427777198588 7
0.79335154899251 0.501575015622147 0.0602372658920268 0.929673552544096 4
-0.0609541741744403 1.00245908882986 0.352287333770876 0.205837199767015 2
0.0670759338626419 0.91966310484264 0.34644526288364 0.714751219051511 2
0.158894932365166 0.463540014219228 0.838876554979731 0.960096060372171 3
0.737157106747654 0.694823912478588 0.327243205141397 0.0405729815203632 7
0.22743673213013 1.10877876490825 0.602865388515846 0.124507895820216 2
0.920492634252303 0.171299156230247 0.143419898188464 0.851475330107276 6
0.544274402357253 0.413604716581597 0.335711346405085 0.302281584926735 5
0.88893599709148 0.51845443216015 0.173355242479307 0.0988024358741156 7
0.100200799753249 0.986679686696653 0.252931355751322 0.478991496068754 2
0.130577797039853 0.504304415016383 1.05074310171712 0.89480947273268 3
0.379334239780277 0.653788263496176 0.689626932195248 0.799701782002084 8
0.209182351427316 0.334920108902385 0.895608008706743 0.916840998916672 3
0.792198660892423 0.41917525227739 0.238977096898091 0.214133916066252 7
0.844590597921226 0.102315867897858 0.0337133418519527 0.781248647163341 6
0.934721986635329 0.217815122859019 0.0101937675772347 0.812972395487646 6
0.91724281022338 0.170834378324838 0.0866576851956239 0.826820634974718 6
0.102065673569428 0.437772052198719 0.924002114011084 1.02938772670438 3
0.902869863393308 0.424175845924005 0.331672039468926 0.01726328534282 7
0.224364186905415 0.175528496583534 0.633972673423843 0.771899954085777 1
0.046570115130844 1.12348284078492 0.470055808761975 0.257120604184796 2
0.768801160362792 0.36737052295361 0.0316377792588852 0.938927725931557 4
0.952293920111187 0.197231656040594 0.089800488993941 0.828828548655947 6
0.793950446663098 0.512370344480996 0.0224837386827658 0.863080268369672 4
0.158581399180439 0.416077173967614 0.879822250755154 1.03732945001811 3
0.0659486113345615 0.369680774220336 0.97351525391541 0.923430888191167 3
0.764549663507062 0.532104993388167 0.0324051602926783 0.972561525300371 4
1.0351802708088 0.109716412203849 0.0350184438373392 0.816394941671798 6
-0.016183440485231 0.542496103127595 1.01043475208683 1.05917108320373 3
0.325093890902898 0.0807252333632637 0.737597611578788 0.876559580335542 1
0.0554566919062311 0.409808088258337 0.86275045576496 0.946367251259771 3
0.387533429302389 0.318570882861641 0.204223072681049 0.230942349611795 5
0.112514256357359 0.63841672581497 0.924622199274938 0.860817850027163 3
0.189243488723315 0.407174770717135 0.824470538546776 0.825939937900488 3
0.422508328254191 0.415835374516354 0.351918386875868 0.230353612609488 5
0.925219044255084 0.134092237277272 0.173452465557627 0.850973398563607 6
0.821416111143858 0.448720588538273 0.121960725103794 0.890059627868848 4
-0.00922989132760708 0.981651513236673 0.546510215917818 0.314628339258379 2
0.408519320639983 0.302377040537042 0.276674958031413 0.210300939711772 5
0.0658129320678624 0.429417579758025 0.984989198802689 1.01102189853845 3
0.823612181055891 0.509394851784895 0.0359323195507105 0.879895644984415 4
0.833842940777586 0.562259300946523 0.154016295591432 0.0393635274825039 7
0.597158910517701 0.424691145453648 0.329234116484256 0.268093309353664 5
0.4105428001701 0.396675842081005 0.107140027314018 0.302441929355527 5
0.851962579540021 0.146114461089332 0.012407429688831 0.958691246449867 6
0.171835440251297 0.0602507057136083 0.958536226635018 0.970762757126708 1
0.234389206924287 -0.00824559220742548 0.781368264722608 0.925242776913789 1
0.779562261850841 0.438751351775853 0.101961668308674 0.937960172523084 4
0.9806102565139 0.190869360688292 0.0437642373997336 0.796126835002523 6
0.743348694981561 0.464070695801902 0.17908295862854 0.126991538846709 7
0.0681749761143746 0.85114223095976 0.491372827309732 0.499973794485668 2
0.161251244025277 -0.0388956673762423 0.901173122027847 0.9677629122029 1
0.918323083562224 0.378719536328337 0.0319253909410791 0.936960528923763 4
0.977716679802878 0.254118881563899 0.123026434035673 0.752017835601599 6
0.427068263239034 0.242997978506783 0.153369333595465 0.374292186380654 5
0.41337532962764 0.848300340197119 0.768202502284501 0.844372121850489 8
0.311210862087307 0.57795852360253 0.775549359570649 0.792222036447932 8
0.857198427806041 0.528791157921604 0.084349170186697 1.01112659315743 4
0.180737880626198 0.406681446935713 0.94408854563311 0.839386486788689 3
0.165937603663817 0.844973893378293 0.442180838275643 0.62830002720139 2
0.934992966384802 0.275193303067569 0.158848101657593 0.806173734542692 6
0.812903789688541 0.401067792419904 0.052986302535569 1.01135016439317 4
-0.0817671151717901 0.988735366895657 0.602489646026653 0.30211295259734 2
0.00416695825062538 0.613588173442392 0.985578284649267 0.925614227478525 3
0.324124976033968 0.744289873040741 0.780285575849072 0.748390973506073 8
0.00649095153857689 0.328799000464539 0.873163468546845 0.928634579196132 3
0.228084248092932 0.0234212338374044 0.796288125195536 1.0534085843384 1
-0.0692119998368699 0.930439024835899 0.512091868889902 0.453340743871089 2
0.0365344443352835 0.390442775101397 0.894145039090257 0.882560100956476 3
0.197950708846622 0.423674539665629 0.962131488771754 0.895552681155622 3
0.847716256828607 0.522240751449318 0.189781803678957 0.0881622579004048 7
0.679821005126319 0.515649745617098 0.275112394553344 0.0457415646359902 7
0.777176355541037 0.406159467383178 -0.0432908496028887 0.938165601595894 4
0.0245912763611415 0.412045948731488 0.910830761706762 0.899956364625409 3
0.0783429644008852 0.991365809107722 0.320936392060478 0.54387390546063 2
0.0267815973178186 0.851453078710433 0.435630128107297 0.3818231981461 2
-0.11524576675981 0.976324309020366 0.461108693615309 0.421115169871744 2
0.240230127038809 -0.136244566925587 0.834863517664464 0.894392928681017 1
0.96119804550392 0.0889916952874122 0.131165742865596 0.74951432695531 6
0.427511939530403 0.25661192830529 0.333444443126933 0.2811463107337 5
0.96443191976655 0.137668186045433 0.160697770538959 0.942683421944019 6
0.894468983534914 0.489053688132959 0.0744040768959816 0.0845651038615535 7
0.950797906369743 0.0521899801092872 -0.00700438065432306 0.770462337627183 6
0.673266457404128 0.317318540567508 0.279951843631578 0.290853968561889 5
-0.00429920990502321 0.434768348688474 1.05093974776274 0.917876334213022 3
0.0616730906660005 0.420629401705258 0.830592462389016 0.811802373775232 3
0.408165510315074 0.399373973844992 0.244829841461179 0.362046709328074 5
0.129726136081865 0.914708333402819 0.340855740699542 0.342421741856607 2
0.16079145447414 1.03404985638754 0.285664224856355 0.28229349179864 2
0.129638094866609 0.432649743591957 0.89541965222766 0.956338663379303 3
0.820794102665174 0.469775010121604 -0.026556625043074 0.922906239115708 4
0.786033227059872 0.649817056029726 0.316368414025831 0.157855585319496 7
0.86449356149236 0.408364757237606 0.0340132578200638 0.895018472892734 4
0.0997217825146613 1.01942497810943 0.552762505549963 0.466538803041234 2
0.915351717634365 0.128120644685766 0.114234677803916 0.774947784033934 6
0.0046829075348982 0.382413454406216 0.861553049386916 0.929806422150139 3
0.0312454585611576 0.374610600181868 0.993760315612975 0.985337450708436 3
0.429338271808352 0.456666550368174 0.226245956041442 0.295232037128195 5
-0.0154529768536783 0.346766794533973 0.761579107573699 0.979621194549067 3
0.240954795598404 0.672739954203561 0.648296488615894 0.806512285322505 8
0.00612090627429058 0.827673870582311 0.342763660947605 0.201616093691313 2
0.654941598976011 0.633401662854734 0.285936563209395 -0.0387444631063498 7
0.833099464973996 0.355605100724132 0.0996810319949144 0.902164704228083 4
-0.0274198463532301 0.860694339407895 0.388930539996512 0.211880638698262 2
0.434524978590417 0.449875102822906 0.269311033395095 0.236579652698322 5
-0.0368038383309293 0.459705981543691 1.06647189172624 1.06101034812497 3
0.793234245022213 0.452501082248302 0.125642202484801 0.895619428658173 4
0.856237266008667 0.558003659884497 0.143394186624591 0.980956298970599 4
