0.335637872266911 0.298549178115398 0.450627862577504 0.892886926321776 4
0.233166970553892 0.0737748128942605 0.879704985261897 0.453711112535479 1
0.480733166783491 0.0897052997387316 0.608366246813518 0.100711246323975 8
0.583155558278594 0.495332933186877 0.695490187172451 0.25746292328684 5
0.651799086636815 0.317632824617241 0.531781019003542 0.644760846265149 3
0.633221087232764 0.310707136993769 0.562445737591261 0.670266523831635 3
0.712346812563888 0.537556342660761 0.691505139152447 0.331367724137882 5
0.655551676639049 0.34546545757667 0.512890000932687 0.712232973266381 3
1.01490614400952 0.327148577053923 -0.0875068019787333 0.803709387136356 7
0.825347879305107 0.662435834589078 0.73507215190563 0.559147571901987 6
0.737672502039867 0.841883336082231 0.937063511582911 0.475801572292978 6
0.205979335075739 0.357229761355828 0.907112773666386 0.678577010760964 1
0.445512232202626 0.259336875827453 0.440893485749361 1.08508471238349 4
0.380052038165505 0.348696410546296 0.540220536654157 0.826605798044518 4
0.973785641317649 0.472780027921846 -0.0570947669074973 0.806178233841866 7
0.698333399295095 0.362567253808518 0.506504103797756 0.646777258643438 3
0.671373944210998 0.341968843945798 0.550217628917454 0.691295398513482 3
0.982902278582614 0.503933285882589 0.0490899641361131 0.854283403756566 7
0.66567310173074 0.313797667877838 0.608911438125453 0.670386282911926 3
0.375465783818559 0.209064481897591 0.509695732605902 0.890205011714041 4
0.695485716322907 0.243945401430188 0.415058206682661 0.777567871411736 2
0.310836988134784 0.0761757702653657 0.883585847681733 0.559980544916389 1
0.297430061854151 0.301164067955638 0.458436271565273 0.976218304043319 4
0.424564270955678 0.15965417352267 0.880967203952033 0.547789015329882 1
0.206036324056915 0.298228627116906 0.371609508443841 0.829250181193429 4
0.508846136712129 0.14880953375952 0.675990778722529 0.181131305583438 8
0.846909769334092 0.794899925376041 0.676143066515586 0.499336947991633 6
0.392690829247818 0.313880795939831 0.473553246798099 0.901657833263886 4
0.756478747257562 0.294356802863085 0.488241419294102 0.863373053156212 2
0.520661964155017 0.0728856173355821 0.618107045315952 0.29752433062058 8
0.868207952359927 0.504569624424982 0.065845227841135 0.786572904521894 7
0.73766562068276 0.74891852818527 0.592679865254736 0.60917764132774 6
0.345801532771682 0.241928168970538 0.826347459911208 0.686146498846216 1
0.221989990536278 0.194058427130966 0.92279651366337 0.507319977261344 1
0.245676888100058 0.377163519897511 0.521966788834342 0.947126857741109 4
0.681689529611033 0.303864099554947 0.708039329188884 0.336014234627762 5
0.275016074750363 0.051937645317654 0.930602472108209 0.620594243101769 1
0.820943926444504 0.760404454803246 0.861627647558451 0.499045245823917 6
0.697107286205449 0.34730932324411 0.439290509435761 0.813786527516436 2
0.218588622590881 0.248966815102844 0.400726808548023 1.13552884367739 4
0.698016427519454 0.299496830591293 0.621529533837593 0.677117234748698 3
0.188638690862128 0.32583395424334 0.416537449313936 0.944471967864457 4
0.839751745177429 0.134548551363373 0.0867387429813367 0.784796486814989 7
0.943887663213325 0.783194655708348 0.638794301940454 0.488008983937231 6
0.256061929031387 0.0953615865493656 1.03675272648245 0.587892010872832 1
0.783538170464504 0.887745598321681 0.610330768356606 0.431460031398118 6
0.679099831244981 0.323289323877 0.454545558721123 0.811675783432786 2
0.672339941820958 0.299379708962841 0.440802035277221 0.798313448855173 2
0.480436184104078 0.0825263892413289 1.01531609370255 0.569195107186216 1
0.696606986556313 0.499255816900243 0.675266136628089 0.300112729781665 5
0.832996855216155 0.453570376331514 0.721452796002337 0.304309145193399 5
0.787559705283064 0.767737829606173 0.692559561152976 0.597409228756644 6
0.692917909918466 0.382140375311504 0.425325513487455 0.806317268263236 2
0.669805815507541 0.326330751440455 0.557811438250975 0.633141666351287 3
0.688859794476959 0.265735451288393 0.560530136741701 0.695384414285826 3
0.606649793279201 0.042821476882742 0.535109356624191 0.111989972003216 8
0.178016249021988 0.0332165967698394 1.05087898855826 0.74838142590465 1
0.429602289562802 0.38268755265646 0.797313762058993 0.638667014962107 1
0.715870657748827 0.354308512498306 0.570780665748239 0.694293504882985 3
0.6816545724749 0.32308199306161 0.498550341661108 0.805590122379379 2
0.652110073163448 0.35089826613752 0.403582352432949 0.80216315326934 2
0.689963906666497 0.37078763495297 0.409093499217217 0.751898442178547 2
0.602401894181159 0.0549505522197815 0.673166664962068 0.198203483066849 8
0.640578332427304 0.351417658380761 0.492516831293793 0.694508335196845 3
0.451582710354778 0.0863028033232662 1.0928405430865 0.453223994736431 1
0.861575477647632 0.520306245877105 0.215770297772568 0.682997414038437 7
0.864270016498028 0.825954244630932 0.795085486749001 0.554637918285977 6
0.173166735503855 0.194687874546778 0.924884098834865 0.485197287554802 1
0.447506889391832 0.293458720218626 1.00619962262586 0.62195195439972 1
0.712710153407769 0.27311215475131 0.410769615724276 0.798335660929136 2
1.07786254879097 0.489178140109964 -0.0406973586584231 0.694111798440878 7
0.670440951052799 0.350979794542964 0.592148271775032 0.724366897987191 3
0.651961669877185 0.24850690084471 0.460656190091341 0.754298419376026 2
0.642770153792043 0.297215672398694 0.472612203409764 0.795837324699151 2
0.817228559759267 0.596311445091517 0.548624733298231 0.345116178431394 5
0.832609146849163 0.97859221359196 0.7119869591747 0.422812332532097 6
0.268371685054666 0.32070069774993 0.492260924888057 0.995026822332678 4
0.817565882218069 0.77881291266276 0.629867379221086 0.715366755433402 6
0.711833644649997 0.333824165310607 0.411482876424052 0.81249083249977 2
0.730418637901044 0.272597958046358 0.44336963635237 0.81527053226139 2
0.975347044409787 0.473861906035497 0.00451158856508616 0.772593487046397 7
0.719818051957908 0.223136757447064 0.589811258715636 0.680958490760526 3
0.741264033667609 0.281589859894194 0.46280940691066 0.778002965073972 2
0.709606166522884 0.30189793111896 0.436166130615714 0.824858841100021 2
0.184548277665469 0.29434380595738 0.42330582869395 1.0117964547744 4
0.741166568206836 0.374824970534276 0.768798481649256 0.188250272811728 5
0.709260484209556 0.363811888854118 0.580176001878902 0.700716000110191 3
0.737186234579222 0.396391022971843 0.659399494893247 0.386700920998185 5
0.863143514005051 0.287499480862717 0.117307514356766 0.891529445593766 7
0.241967498148152 0.278222792567724 0.450272872152481 0.979127401157097 4
0.663005058986549 0.256706017816215 0.425948404791947 0.864100955688659 2
0.435217177076237 0.454166713830908 0.474703390517592 0.873694581462543 4
0.645580581902227 0.27754194047257 0.50127459742351 0.739667797293794 2
0.65555311201476 0.335397119545108 0.49018906943875 0.808641333145489 2
0.328720704867618 0.345263714880482 0.408848008560556 0.858709361573391 4
0.65304001514799 0.318981809435724 0.551455675665138 0.642282434094972 3
0.545201860541585 0.760975278795757 0.693707900522754 0.300849424718215 5
0.614191088565115 0.331485482702069 0.456858743876253 0.89955430981365 2
0.712600008203938 0.840709808346441 0.724487900877848 0.685364763578082 6
0.564168602772487 0.0824955665862563 0.726290613263865 0.111266758192568 8
0.717640910154663 0.315790139416739 0.385246889408716 0.895350136048523 2
0.879033101523661 0.7819170436639 0.873847847942013 0.456259359548804 6
0.325075142069893 0.30641841388015 0.476445073234143 0.942493774861126 4
0.32742447921184 0.249018569491749 1.13653655742037 0.751344185475988 1
0.695735754194758 0.954119721424252 0.692196520300155 0.574309571708409 6
0.679573837461284 0.337788540699719 0.430517538590362 0.813222258938634 2
0.764124880474546 0.836843408555408 0.765219348737977 0.695159023314883 6
0.561827226316371 0.167689605823626 0.787395584968263 0.165663842929772 8
0.675805254548008 0.302899182679281 0.565866012445988 0.716150752424328 3
0.493929758645328 0.139289964299454 0.850343613863634 0.759852402200015 1
0.293219059727542 0.313886219863439 0.514002206460081 0.92077186766112 4
0.722607779647713 0.300538863050959 0.473958704112496 0.831392287437375 2
0.584955127793443 0.484402855941306 0.749300386258542 0.419881511716111 5
0.714356385421601 0.465197632640957 0.651308725371177 0.311319114716814 5
0.706896607464432 0.288231351269941 0.452637249295409 0.838872013564343 2
0.938735998911644 0.88518314197726 0.793944841214483 0.565304322916253 6
0.704963673544104 0.298689032438018 0.550707857772214 0.689139066202435 3
0.616941151186419 0.39623579011712 0.390678342835527 0.815973716700613 2
0.971715254401097 0.460463745397563 0.137923046315669 0.6724637091992 7
0.668382785949264 0.329087551762611 0.448797106966571 0.859744860419201 2
0.792862147147166 0.954304504077906 0.625841402579099 0.52576715501498 6
0.647211431947947 0.26995358003355 0.448658961886406 0.821462429411671 2
0.800410721200387 0.415203304991743 0.580051132225821 0.335786125619768 5
0.714060489515932 0.310831083827164 0.591933547158859 0.691407714951791 3
0.459137184117529 0.0515522947358681 0.783322546860513 0.495477230660291 1
0.635295074896517 0.398422235039125 0.7217227753627 0.246258481941971 5
0.71550717159845 0.324175263953758 0.401184089171058 0.803025682322255 2
0.662566035762036 0.343336336549797 0.445291701673309 0.780471288620762 2
0.376011787862231 0.234963134172414 0.996336695245554 0.44466290054785 1
0.730829739481042 0.478401229383744 0.760267037423266 0.468778216643103 5
0.373523735231914 0.215744130461684 0.485219429690109 0.996559015840842 4
0.788942783801358 0.696231813411436 0.810072246911032 0.657404468799796 6
0.690378806644724 0.239278151456501 0.639629100559585 0.709299856655459 3
1.01592349667031 0.26828086301738 0.179874962889539 0.887992039313481 7
0.669844147169191 0.304308798391693 0.472375384371943 0.820287834576349 2
0.704988762104926 0.30107161620146 0.539476989948134 0.733113798821758 3
0.280709796278345 0.245882717006341 0.851126125121147 0.556184411162068 1
0.631688867846786 0.0896345659890073 0.672948160592979 0.0911289168562397 8
0.754165640162292 0.420498831138918 0.725603266192373 0.131752587129914 5
0.184786954554872 0.253619344944242 0.935738243925914 0.453791737949432 1
0.639418056407487 0.743480783673613 0.705721822249579 0.645184094009404 6
0.210600752211499 0.348052562797526 0.367178776734762 1.02893254956329 4
0.25661420512192 0.178092285168069 0.923608556055442 0.396483913721495 1
0.286089231841963 0.249278244060348 1.08914788598721 0.438605508710606 1
0.936841073137623 0.775705013069045 0.76566002079573 0.561427193099968 6
0.696551307971663 0.351670113786403 0.448475685459558 0.849576347289394 2
0.699195698538802 0.295531556120276 0.429149157277534 0.860958866375339 2
0.675352770624816 0.322018910115259 0.383064708702518 0.790076503136592 2
0.726667567062718 0.357365161942948 0.551243089665909 0.653592358615179 3
0.810467583892684 0.764215157910787 0.804563670642547 0.60967910593084 6
0.298319636040585 0.333394073669393 0.610490347711107 0.879073366007856 4
0.237874253873826 0.39013002294057 0.581320767387444 0.941178599876725 4
0.534072740956814 0.0111430942981164 0.664565390297899 0.104813900308038 8
0.14929459224088 0.329021840958556 0.434145728487492 0.96912578846915 4
0.176410825914857 0.175862435238269 0.834460068559039 0.712577240093986 1
0.668567401440609 0.320951797611869 0.579650870781619 0.732703126233935 3
0.594512146854663 0.179056892751803 0.501511447007309 0.0992193311954939 8
0.411274089250794 0.0367594501133519 0.823618342382054 0.501656747555263 1
0.863882634243651 0.732872180355964 0.683188517579802 0.483604857619745 6
0.709957306430253 0.43385169258968 0.804382521159223 0.422395634076239 5
0.70351086823518 0.323805442887776 0.440333579468335 0.831710465893634 2
0.369717637731654 0.297963867954302 0.497217939127294 0.945178579926563 4
0.769292733351012 0.470181847761628 0.571439330398374 0.330940022433833 5
0.505334405084093 0.0134220805188151 0.695291278775059 0.211575769445157 8
0.654746747027245 0.273928008417183 0.433444037299232 0.797642087358221 2
0.677953218950262 0.32546584342267 0.600148411647968 0.671612569393713 3
0.334032832378833 0.204874316333552 1.01228745546607 0.358551764575717 1
0.956833885325914 0.866864161797229 0.673030026522964 0.435861959960966 6
0.69696498108755 0.315791781536544 0.396999218826806 0.785528949539887 2
0.388318439937755 0.247327728936912 0.34871605427233 0.91010925833788 4
0.756311520013217 0.903754895026543 0.694898945002888 0.668905677011848 6
0.814831910493721 0.77570337520215 0.905384988619644 0.556469085612139 6
0.104641381275736 0.149985742279751 0.9590346068531 0.571180010596153 1
0.465775751834536 -0.0752958757386016 0.729835320394832 0.0466995700632905 8
0.340195503309233 0.315398073091511 0.47899890656596 0.917380295473004 4
0.728608388834063 0.510394223207716 0.688288637429511 0.231158444396516 5
0.716559969748555 0.257070102467095 0.450574028770881 0.815194909888666 2
0.683624950271194 0.22483661515961 0.449027786365522 0.81111619117534 2
0.850498064199333 0.735583851661358 0.56619877191353 0.484117764579569 6
0.654805487205681 0.495919472676093 0.694016095352647 0.410964431401497 5
0.86523634611037 0.31564479250882 0.210880624485407 0.787995336842926 7
0.642066812334818 0.501540186776211 0.696565447567289 0.247885779120409 5
0.754695768136006 0.506206682475206 0.747510327107256 0.469765308366269 5
0.704207123455984 0.970963875735706 0.728380673146286 0.687217284921593 6
0.359910182771709 0.358700120239799 0.490647563092522 0.970081375719532 4
0.180002835624056 0.382337847708335 0.436881603514705 0.892681991791553 4
0.724460604481273 0.451562488284562 0.725504858789267 0.273554397079183 5
0.736521779055957 0.367201077501926 0.425052921154311 0.811420271150942 2
0.705117781462188 0.379192675181507 0.473780690384047 0.896840397436853 2
0.667029051037537 0.305642771887454 0.515015548160393 0.710872910426836 3
0.394364958160144 0.24964064957722 0.335414191226651 0.919012100493389 4
0.698250224658202 0.300619720619615 0.568457936774299 0.680369733194891 3
0.184618746541274 0.146472668371536 0.852170621122885 0.592808706903862 1
0.911643695161731 0.376816789322282 -0.0506357072074915 0.82388614510331 7
0.678870794414939 0.367880925474604 0.505828513645567 0.796266900331026 2
0.433283773623054 0.141638794822721 0.815497935432135 0.56442882030971 1
1.07105084769606 0.417751217551208 -0.225653258838383 0.719313394530516 7
0.672956516447353 0.328860923281282 0.47106317390199 0.792030954140342 2
0.181378362462432 0.227244611565638 0.406131612385857 1.02453291001902 4
0.607931254528592 0.466814145116191 0.678097450071008 0.331478859345348 5
0.322864007709647 0.40384008406762 0.365915717965668 0.891196929907655 4
0.323600247064005 0.277251696317017 0.507151305369528 1.05042934513879 4
0.695665406013634 0.308231248814039 0.378269201118319 0.860550681388892 2
0.879501362374896 0.637321252805949 0.644424066863686 0.585732182776308 6
0.672421701378586 0.268632346741671 0.553074549387406 0.716667016479675 3
0.347902850987472 0.320307927828837 0.481643227219187 0.908788708909264 4
0.716928518482719 0.325037676134958 0.53594676056247 0.693389354489112 3
0.914038322485172 0.848465838143717 0.710827537960541 0.505630721010342 6
0.400464130301655 0.266897966563866 0.361530798862802 0.906735293246617 4
0.220615143468052 0.10959289992002 1.00057749146415 0.679443962514749 1
0.425461636818454 0.0197818442598068 1.05364552483074 0.597062916640418 1
0.678799036517293 0.301358388918664 0.522955362138971 0.655095446138217 3
0.718961902191365 0.338342356005131 0.427670996561725 0.883005296401385 2
0.388378781805708 0.181717376941805 1.09236996620163 0.541598761385635 1
0.945796538532063 0.821352092707976 0.754050593778437 0.56526195287359 6
0.587678645249265 0.511823270671337 0.806320244016902 0.297704029296047 5
0.706603595611986 0.308502644493244 0.54519689808798 0.669318159075141 3
0.354840543184358 0.207513668475441 0.401793650461616 0.974766952914227 4
0.696700757827348 0.351031772103443 0.591148011925422 0.711697613809238 3
0.931405431626703 0.822278049386088 0.67343326442714 0.592065903631291 6
0.379022089062312 0.376556419678388 0.473939576645104 1.05572333868803 4
0.692240375615851 0.397809143488861 0.679506967634697 0.317230353160153 5
0.640907552032878 0.396779847196466 0.740587445674161 0.396256688802151 5
0.668887380556194 0.256310468462878 0.572740994672942 0.728838761779421 3
0.69850788857704 0.271072338853776 0.5428637825149 0.654136132563513 3
0.399614154268546 0.340549273263127 0.512664856233774 0.988029923927761 4
0.330865415992227 0.189346087727542 1.06421674728187 0.512530509835845 1
0.74221854602392 0.285413001771091 0.441012340990113 0.813813374898387 2
0.316006798953028 0.219117910134517 0.378412873389483 0.954049680309229 4
0.566966468267798 0.357860852148299 0.639030377053137 0.383143667624863 5
0.31960584934902 0.400916774964589 0.500613888967674 1.0368100363 4
0.96376687818205 0.360075952226135 0.135331511440938 0.758266276183282 7
0.296630307357073 0.048394296769343 0.922661569670689 0.526669324602928 1
0.495940200874552 0.336798338364205 0.986594207820231 0.735589256012255 1
0.87175760065045 0.532305419589636 -0.020371889807855 0.81979205521905 7
0.679928081079354 0.466024179474289 0.676811608154146 0.385972300082655 5
0.690548763840349 0.31953396677312 0.44454301901005 0.856994939767174 2
0.307521725850669 0.349141209740267 0.456059032833777 0.923254295600625 4
0.228214284402984 0.320632636313265 0.438158466411671 0.985140009673513 4
0.201004318084238 0.126513636530956 0.849155396047019 0.616313892698678 1
0.686145674634195 0.310703128295361 0.563049869310031 0.714316394502901 3
0.665872331210122 0.868710380985703 0.65397060463088 0.738641732433019 6
0.755411258951382 0.44093848451663 0.874340069112695 0.344414003983896 5
0.710281982486868 0.321687621259341 0.515231659586401 0.761211294841473 2
0.376631119515097 0.300510740735071 0.469591199670073 0.973997283423741 4
0.316647374719318 0.264129147814524 0.380924756655862 0.928508439993954 4
0.279467182011137 0.181828851262048 1.06010992295315 0.621652022357257 1
0.638348434887216 0.303908073938978 0.538807971054839 0.704594565783944 3
0.465023374047563 0.0624712580903229 0.606456695121636 0.15364475924101 8
0.677609328873659 0.541754254245615 0.704590374079957 0.326089579532389 5
0.919782147163096 0.452341391598219 0.221598780155269 0.758854499274332 7
0.445825346856467 0.355852276960181 0.802068517401049 0.400832336271608 1
0.746548648510173 0.280752376877085 0.439772363711785 0.874802488459922 2
0.343262367301831 0.143342383339201 0.928806257341879 0.462824182410904 1
0.877471482999023 0.378987194545957 0.0251465276653473 0.758013613559445 7
0.246158542079271 0.291009599831621 0.453127580831204 0.890649920791981 4
0.884913126567172 0.478678663045394 -0.0036801079699612 0.799807850362299 7
0.766006055108936 0.547053216455941 0.756027578200984 0.315966208471759 5
0.305839921609544 0.304888525686523 0.343884878657203 0.899440424444487 4
0.309104686119653 0.278076625336291 0.447485796312302 1.02796567702675 4
0.437572685495998 0.424599104270294 0.364259908399858 1.01561966532115 4
0.39191579277009 0.341772429913588 0.502725892201572 0.938297826172478 4
0.650781357533307 0.435216523552362 0.679604504607112 0.335041714121227 5
0.810976955537319 0.335239495129504 0.81200615522439 0.137371788652621 5
0.707983395208892 0.393396022124469 0.643350206652752 0.440555850294997 5
0.518699804470485 0.289899516291934 0.877558857078875 0.623559521428883 1
0.694706749672983 0.287825487976613 0.562419938782845 0.729360152327936 3
0.819738180595476 0.647517580859651 0.829763660276575 0.733085840715235 6
0.67657294447085 0.317916712166747 0.429257892988587 0.795089472599378 2
0.687046505140116 0.320632654288687 0.592919021093866 0.680502523353894 3
0.646785181413632 0.271158645390492 0.557096026859868 0.647432081277072 3
0.365428173373197 0.246925797406348 0.534404389879045 0.911702661068327 4
0.353583810594409 0.250611041851691 0.416436893255391 1.01605508368536 4
