0.996974033760208 0.473965696906906 0.775796878118326 0.0808564770947236 4
0.330469269805883 0.0787277743288425 0.489404803550482 0.800883413604751 6
0.596290279255836 0.696284014014099 0.310703094105067 0.825600005765701 1
1.08576257783176 0.698142657264382 0.781036783422568 0.192212947642895 4
0.350888377200214 0.494158172165213 0.241703490725712 0.208575673514205 7
0.951186802548602 0.669480438154455 0.696668158420488 0.00517949175124218 4
0.295284011046038 0.323217508891926 0.324236882641628 0.934881639747467 8
0.0396186138209975 0.243892545958401 0.36422199489063 0.541482507372521 5
0.939679308787488 0.582650985161722 0.970271030927812 0.225723279431221 4
-0.0815930737132202 0.3596176514927 0.538875620141847 0.969433371378467 8
0.824374247998925 0.443046373831088 0.889667632113564 -0.0607166264489922 4
0.278389655516982 0.564875073171789 0.546774469596211 0.0648272728936672 7
0.192453913527663 0.762741373165969 0.410973200977779 0.0465039175390469 7
0.491437092876528 0.000517424713635521 0.392695932622323 0.695364101942201 6
0.808976607518858 0.499020497330568 0.788702484342291 0.00494233076991139 4
0.607590669428858 0.665545556936707 0.444167739254686 0.0309986083882474 7
0.0441447490862749 0.413961058656368 0.317787743791563 0.880664627947037 8
0.263384632542168 0.48819060883677 0.359308776109524 0.0983660588770516 7
0.0523959267992808 0.0200645481126253 0.439491825544253 0.18576812405916 5
0.0171257981847195 0.209779924284838 0.0899750794672144 0.331817663590903 5
0.791694826038215 -0.0742573630771698 0.815599014351537 0.0848541317288798 3
-0.0594974829067929 0.145544445205441 0.337410865954039 0.347056127939116 5
0.457705499117774 0.726540651995636 0.0548287106415875 0.735170473289432 2
-0.0650821649540137 0.246302571091261 0.414308392858051 0.326117403073614 5
0.89144129339073 0.569406727294426 0.832003796156414 -0.0908133836445134 4
0.175882328983961 0.372671488422134 0.305386625014883 0.0537005922423847 7
0.885381186999845 0.641969103447292 0.648183701131079 0.275591770951076 4
0.606913653641497 0.527047522567364 0.447063151579189 0.748179607100802 1
0.171017745898085 0.384693420782056 0.240853815889828 0.873720504075356 8
1.07761519553809 -0.0256629838636223 0.843962624481812 0.118236409346582 3
0.697210746037997 0.613045635514394 0.214102957348873 0.874544884172817 1
0.193344598886289 0.237667728902729 0.226763409242587 1.01532862943819 8
0.990778579485854 0.551447528953563 0.740954729278034 0.0966002614548896 4
-0.0206347282945019 0.332094519945893 0.362192970316177 1.1509673699474 8
0.797547815055179 0.00443888199632397 0.964133996788536 -0.00635810038790756 3
0.193703499121311 0.42332188564285 0.410500835102806 -0.042605873884737 7
0.416993443345809 0.0410003601300685 0.52687587783788 0.728020419412466 6
0.313239832126551 0.664395163801888 0.470269434452288 0.00271694959909199 7
1.03676975332692 0.58480271800952 0.682516863983666 0.0387816256619517 4
0.334827577159232 0.632481159692045 0.308504295675203 0.0999334654616847 7
0.356748328737806 0.523351932951069 0.456896018088826 -0.00225166040276363 7
0.197579428752527 0.304872930389302 0.396682493770815 0.91190467209489 8
0.955875064266508 0.0604368447764399 1.00970303863659 0.135105075736871 3
0.685377198921633 0.628966384038164 0.278387323109185 0.733191719919043 1
0.0626579050754694 0.338294258772067 0.427919428107554 0.952247762504377 8
0.197926233592777 0.203343617874642 0.28722272305082 0.362922209171639 5
-0.135851424873269 0.232609848019228 0.243141722003837 0.971370526191101 8
0.645058749506981 -0.0609884214535832 0.426932885567974 0.635711818148807 6
0.358441613794875 0.697299211118476 0.104504812737409 0.699504881513292 2
0.346067015089608 0.294997424596222 0.391545156374127 0.0806932823248699 7
0.990400661778648 0.254916245799177 0.942071353455708 -0.243702107503001 3
0.75336443212854 0.137688124189388 0.973389763737222 0.0554616773457166 3
0.244534752851959 0.350770702701 0.322491386348919 0.96756563163912 8
0.765681522001926 0.00349336241968509 0.878603361930216 0.0561022305475717 3
1.10557011030659 0.653021609462614 0.930084740641075 0.0218461888320056 4
0.04118284790374 0.283887611565293 0.150958679543657 0.422194527748771 5
0.312885831886651 0.534722167654032 0.490848543857835 -0.00982733263552846 7
0.69070192023153 0.569619859230595 0.246916748486292 0.880583861669586 1
0.909452521492259 -0.135585899450433 0.944743377527518 0.0374469408591621 3
0.192956861050502 0.638245967180596 0.399103362079983 -0.0456097012531052 7
0.701297590363949 0.496296710673144 0.408262479572403 0.788973932068724 1
0.94789274014199 0.330126831644729 0.957782501819047 -0.00219583509012501 4
0.753370429709291 0.497677664516763 0.281106684844727 0.878057367021707 1
0.63874774012583 0.547204483981387 0.336094320888091 0.740872941219859 1
0.34319219924812 0.554690095035369 0.201747916591499 -0.149084135703793 7
0.224604870047777 -0.0135641330725921 0.147842524576245 0.24079782907889 5
0.371752696768351 0.341129523557149 0.470516566143043 0.231409252676919 7
0.360510218668572 0.727101289243912 0.0807801856423745 0.771470594482015 2
0.403764356363106 0.027032490719518 0.532788086708305 0.692450982396029 6
0.027039259844939 0.153836933479169 0.390571645699386 0.225904460037344 5
0.451150150217343 0.637501304587678 0.293757783573222 0.0505688003734482 7
0.417775882944981 0.521792278547835 0.454112412259568 0.187359147755888 7
0.054945796058528 0.346257699838608 0.250458661728042 0.525041262935731 5
0.448689668418706 0.717622318714544 0.00762475477270307 0.763659975340079 2
0.209264145208858 0.454518013651519 0.436878595265814 0.106848901729928 7
0.138915479647795 0.0575378670659805 0.0746471998174644 0.279195966541423 5
0.896507308476023 -0.0980921352407966 0.876426000297026 0.0488943935355034 3
0.000714804263831012 0.325384150236746 0.236723691641751 1.11795035936157 8
0.563103738762229 0.622281430228268 0.232365909208905 0.98043765125202 1
0.0346680546229295 0.0523588771435818 0.00248442948585748 0.100377567545054 5
1.02125991163703 0.775473103740654 0.702169715437281 0.088984536707655 4
0.324493873967766 0.621252116033083 0.412153645398151 -0.01365788499032 7
0.00717714195661191 0.322425561863339 0.215285311899552 0.283846557893336 5
0.982847966269016 0.699809940622341 0.896936360736761 0.219341526138457 4
0.391914993457083 0.699260230615313 0.422901625218588 0.0661503176596275 7
-0.139672412841372 0.261657316619081 0.431128237335731 0.863232162389555 8
0.895176456632943 0.294471698535338 0.9335466224307 0.0300467055241784 3
-0.0809278112537704 0.230485292673899 0.0584228267190884 0.418525183428557 5
0.106187781135951 0.469361085469681 0.281197581567907 0.995483052384887 8
-0.128553826472272 0.206862685499095 0.237972035412405 1.08429166042015 8
0.326181684664337 0.562032203015419 0.348886248713866 0.0752203106873795 7
0.494321887282349 0.723404954837519 0.233339730720717 0.701370379323645 2
0.0983369415293342 0.319402421225458 0.314691231652682 0.895927970439183 8
0.439887250416399 0.638077676086457 -0.0103487273019802 0.633234468385524 2
0.832859996244065 0.508033266963957 0.297257391303447 0.797142847573996 1
0.1420137661205 0.209756054016138 0.185151446009782 0.36015494388377 5
0.503581134374258 -0.0147385003839166 0.574748563529045 0.599965350410464 6
0.331795445421884 0.563501520618431 0.239185517887527 0.141534941969715 7
0.447937776343793 0.775671929989111 0.0635798971582766 0.722138508043649 2
0.463317027587509 0.60625519066115 0.35253601307337 -0.00717532685030575 7
0.690358065197088 0.588992369934315 0.317318504000325 0.861577597353247 1
0.295300766043553 0.468882670072893 0.481672438506944 -0.225762753177654 7
0.984840157452418 0.0238830799506198 0.999404324137794 0.236951334465609 3
0.740310417015011 0.782006062664817 0.62955406757982 -0.13867962287722 4
0.0926696379695753 0.178532459596079 0.261446996229175 0.124117739274419 5
0.506030636408446 0.700670804974706 0.0568269949060462 0.665887612035584 2
0.525253096560357 0.728729085667533 0.128876191276986 0.570718153223295 2
1.037837572171 0.815357210022489 0.791331482027064 -0.071873501988522 4
0.906746873322656 0.160467810549265 0.841560494822727 -0.021205690765557 3
0.586187252510136 0.0112205380386912 0.514835983165392 0.737044287967492 6
0.830794288026325 0.49138491831431 0.78061101303355 -0.0149091126933792 4
0.35456772781607 0.402127229549127 0.389819208387422 0.0277144542633958 7
0.230794867493805 0.734711944317077 0.427611112101813 0.127489474385988 7
1.05663578340112 0.70973851655498 0.816346415931834 0.0869299471961989 4
0.45112086175217 0.420037024150907 0.340176854652707 -0.0386525741866739 7
1.13720403058864 0.559679560830645 0.728191417003965 0.197347874381317 4
0.996760542984035 0.535779465460304 0.764193648323065 0.0844346014370723 4
0.348095499160267 0.709214913539473 0.0612602829474052 0.642863565551176 2
0.0690623603912966 0.429641006650172 0.231880534830826 0.322950113279295 5
0.00698013369098568 0.366368729446192 0.209002765940506 0.331178305601987 5
0.674618815618365 0.832604604988927 0.840544493363005 0.158125169989842 4
0.0345431328233511 0.332307984100922 0.193259148817719 0.897816877641239 8
0.359776977927285 0.697886490515144 0.372671765258319 0.112627256179324 7
0.144543148381666 0.256707784632514 0.322912503113923 0.733560163099323 8
0.818833263671275 0.812011165204868 0.778606516540518 0.0964347396363133 4
0.742364096551122 0.39747259078942 0.955448842501463 -0.0855064799312052 4
0.705697339827845 -0.124582893359158 1.01658079727909 0.159985916759024 3
0.141598465442834 0.277209883535652 0.333853067474967 0.92642448538421 8
0.382828413880252 0.527631053861944 0.508444772210472 0.0701727181352157 7
0.123615722764459 0.189153698303734 0.360933169041102 0.786772117922623 8
0.187981472413577 0.827656203408567 0.474154798646625 0.00533719697071897 7
0.955690882376834 0.743413426059118 1.04863492850628 0.209802126083727 4
0.15694430920411 0.358498541174537 0.241252593280404 0.952753108982889 8
0.901669653861251 0.71279517493661 0.686022887314184 0.149639229687766 4
0.939276226808503 0.61390450200359 0.807556005664536 0.134958138827754 4
0.826395445312478 0.6434272778433 0.753288106331327 -0.115773174533658 4
0.654343587390475 0.581922989034045 0.330520430197303 0.801701394606178 1
0.323359812217421 0.680539438934402 0.0419820331190796 0.70300198614531 2
0.0660481959390911 0.198875290145789 0.0400898043113652 0.760575423868315 8
0.954387033323896 0.74362583240368 0.917663003620727 0.0744050798995746 4
0.80652598861681 0.821500784374078 0.963060135210925 0.0872520348287619 4
0.473667290115528 0.633757221185682 0.607482748559406 -0.0119740605715219 7
0.030080053439029 0.239354152544751 0.185796720247797 1.20578664098555 8
0.903256616118982 0.0309797107029114 1.00507524788766 0.0106303575203598 3
-0.0588620670222266 0.299852274949475 0.333520128884934 0.301271650181772 5
0.231006735218551 0.569109813545597 0.45336414163021 -0.0130665144646493 7
0.726641492067491 0.201678212966677 1.0317749278298 0.180505799626155 3
0.105888775869614 0.236076472061247 0.591846566827749 0.738724985608225 8
0.988385793718157 0.718958231592731 0.529906311989284 0.0652993630966759 4
0.673021980538236 0.627041367152672 0.396465955895944 0.871700855128332 1
0.421054818754949 0.720400744010833 0.193572802446887 0.69877199430519 2
0.275713503269888 0.310515092995111 0.454649337302069 0.136015247787019 7
0.947581080422135 0.932106373977922 0.806189031052768 0.169712770670097 4
0.883362117187635 0.625408447456888 0.771614911702567 -0.039332777200574 4
0.0117277583016946 0.340917717711648 0.300861677225157 0.865941820424605 8
0.213532886313804 0.503228350080917 0.415469078901666 0.170879028750139 7
0.279064501598546 0.433854531516758 0.477413182825942 -0.0419101206933396 7
0.428495675268516 0.529266974519384 0.523551080574628 0.0185836349000646 7
0.00965712949227743 0.277044175955646 0.112170155591621 0.436847979872223 5
0.74787907541814 0.632971563668913 0.41975171811339 0.800061549511414 1
0.703355242689314 0.476461480024437 0.154754961384924 0.957250761109159 1
0.534002363979415 -0.0147054438901707 0.550438613185976 0.814982060074074 6
0.841922499671467 0.224706042755337 0.852553329247462 0.139341366649955 3
0.449106138370941 0.610776063618683 -0.0389466007325976 0.68412781626694 2
0.834473299348172 0.111843408386246 1.18342193304762 0.15244510658524 3
0.69651816956144 0.443397721786109 0.302376213899459 0.770726956858618 1
0.827820244024836 0.677770966098687 0.777992773426931 0.0865035947768917 4
0.162648477556523 0.216868257778779 0.191727930392107 0.20498687695996 5
1.02604744095423 0.602570182595991 0.690826954587112 0.0735963027865943 4
0.0990544532784772 0.130728977819601 0.450612231722539 0.927719119953244 8
0.856034732592173 0.738703816502979 0.85763440604324 0.00351350942592413 4
0.319538081753647 0.545658828869304 0.309409279197816 0.102358916485434 7
1.02663846317933 0.855914876813152 0.868541323632073 0.23535002787899 4
0.719835177689287 0.0521587627565062 1.12682458744065 -0.00124399642566306 3
0.396232146980144 0.6649666467927 0.121174455713089 0.675534333522335 2
0.457296642778429 0.625355007644023 0.159304207350033 0.763427164281097 2
0.858961618422461 0.771985085799229 0.703439292615347 -0.0447019216265716 4
0.871701224231553 0.0551401835693658 0.971163239427318 0.133351787829275 3
0.467754835695591 0.619787481222859 0.273011396774172 -0.0286823629568176 7
0.838159057259522 0.136236459310929 0.788847536534761 -0.0402873055795319 3
0.823775902686695 0.591966625017845 0.882691051969989 -0.108466761419118 4
0.57884372040915 0.139880574897396 0.467411792661538 0.80183132447821 6
0.0637465773306057 0.418573255472829 0.473889932273793 0.794827274536189 8
0.0518076021669318 0.133799242478172 0.384209647698687 0.123485708997223 5
0.4172815151318 0.17073285717809 0.243152010849246 0.607784865596408 6
0.29716087074096 0.702751680401478 0.470322500400105 0.00453780960945362 7
0.0247172048487552 0.168808960578252 0.200157619819781 0.358546060157394 5
0.0493014302937921 0.158086665759668 0.400339123237223 0.955811998053031 8
0.846662260384834 -0.00337506318624449 0.92047226320533 0.0432314406252129 3
0.153073157052706 0.377222398694046 0.281299032837374 0.939843540436233 8
0.180984737864289 0.506562144939172 0.420351898801639 0.0227654316989614 7
0.0236433736371866 0.19496494690048 0.38063672046216 1.03411302589858 8
-0.20227287160467 0.138291148139035 0.380375814828435 0.950154189713218 8
0.477063523010647 0.106263045535878 0.337114618020176 0.62568624919776 6
0.900078306767186 0.530212031628674 0.704386132067295 0.0375547590479335 4
1.05535923242921 0.73434333074183 0.728190152133373 0.146971154045908 4
0.742492896343499 0.678794709480202 0.366419579807444 0.813631861613598 1
1.1630156975691 0.677775003704037 0.837142381470514 0.128396441495531 4
0.182469389955127 0.565961648900479 0.288045901533082 0.225964011743608 7
0.0651770078521966 0.253982357151758 0.242017765323148 0.939573126166695 8
0.931410078494652 0.783622557551424 1.01682805130843 0.0980770360024136 4
0.388174762119141 0.579327792084635 0.0634774583427424 0.706809194146483 2
0.400642871743551 0.616706839761899 0.0215433257530637 0.792490991668839 2
0.335661599355399 0.654715407715098 0.543377381073447 -0.0264497095438679 7
0.178652382560454 0.298027035107211 0.382972382680446 1.02961491637599 8
0.728051593387981 0.666538805898535 0.201936854935401 0.784338269225051 1
0.79697875447521 0.721144723883186 0.82300728841269 0.114930017649833 4
0.0702571692205235 0.240635973585545 0.320195889247769 1.02103331080742 8
0.542087907366754 0.640422888637117 0.438986212937032 0.0597669162031115 7
0.00996734126479291 0.257322081949667 0.195327189531907 0.903577076479792 8
0.139152057810964 0.256326283316599 0.228376687926031 0.150125743899917 5
0.663014622072734 0.372881132842974 0.270102811825297 0.799490748347477 1
0.405711098880593 0.597535541421844 0.581444507152175 0.125967500074337 7
0.247226049637277 0.348082199390775 0.349550181689057 1.03237963433955 8
0.929112535988958 0.70164389438835 0.978721963294982 -0.0904137116588766 4
0.119996616287927 0.109506017371121 0.311098905764083 0.923837063217606 8
1.11338124173465 0.613548300351657 0.765464338973355 -0.221645376316898 4
0.368553066666601 0.473148961400109 0.538613497171517 0.0840525696132125 7
0.836515692223552 0.717536355186927 0.841007190964663 -0.106315953812756 4
0.849723883694956 0.759978399304321 0.73455927800388 0.0863924133599411 4
0.762144626469251 0.610959552978253 0.343009065933306 0.741997482719769 1
0.236127729311921 0.666300855668745 0.569977055318939 0.0615613164006991 7
0.482104958680955 0.0525848428759723 0.319160382096993 0.522112963034127 6
0.887904335207832 0.182506539510723 1.00443897048452 0.189883516318985 3
0.0633083952787135 0.405314171671135 0.346710045727574 0.862627071534159 8
0.0216777931059705 0.240961714547149 0.0362658644845516 0.428296636673822 5
0.0278623335193941 0.221787924922909 0.323342008006254 0.338042509358689 5
0.667162423933708 0.0102395487693409 1.05617656386386 0.0868973778672158 3
0.0894051240553854 0.24982916314996 0.133403051244616 0.83699810554043 8
0.914747058243018 0.0687295699426324 0.988310931455221 0.178822445219226 3
0.849162736995676 0.698632357428389 0.760295404912971 -0.0349767736566329 4
0.807172810779311 0.693497886815576 0.721076948343192 0.0157845984513939 4
0.365493485522416 0.77538167492513 0.206390210039135 0.757013170692354 2
0.0318002102077833 0.0192141438412732 0.130249816353757 0.357872497646252 5
0.385213512792914 0.667856870647621 0.460818600625605 0.0556635714389666 7
0.839216329240872 0.141912011120717 0.899110246487277 0.106768050832949 3
0.254310058108434 0.0431781994762218 0.10025583806146 0.308388478281789 5
0.835518126108159 0.477233401019494 0.815518896636587 0.102350268172813 4
0.673770287429829 0.00448083895926735 0.980590049930205 -0.0239968314828079 3
0.316873966316213 0.60727931715669 0.533635500555812 0.212272295441933 7
1.05804129399194 0.756075949582909 0.757960765280696 0.0337385834275493 4
0.880571364001222 -0.0164590333226369 0.933821285627709 -0.0286131712225061 3
0.710604601441729 0.517503453190477 0.278297190985014 0.747285153221345 1
0.205941767311114 0.573121813475112 0.423801052189657 0.118723842742401 7
0.398316279196531 0.707224614380537 0.34337981756114 -0.130584638076162 7
0.123764518173582 0.206448002596944 0.0449902290476746 0.409462132033197 5
1.04641609046754 0.0900471227734953 0.968067067196995 0.180163690440369 3
0.808181173984889 0.0456048949505487 1.13767165458134 -0.033019121792825 3
0.722855749151816 -0.0119789976243975 0.911486165052646 -0.068511423203298 3
1.03618660563499 -0.122600152181666 0.930242203611483 0.215484869442383 3
