0.491920360550982 0.0509983192312456 0.492870637857397 2
0.554947979447249 0.653881818465908 0.974785764342483 3
0.361522143316317 0.706973469831928 0.939886302882462 3
0.334879858569192 0.0370142221130191 0.964867268108823 5
0.129890008746528 0.537724681505641 0.797384540207074 4
0.512236162760787 0.581018173879436 0.863810039903308 3
0.487224253168765 0.0155286569750048 0.447767641044086 2
0.584099564834929 0.762397956185442 0.849993389147348 3
0.31562149740941 0.0864959021000572 0.77630297356319 5
0.308140180290868 0.194830951669452 0.972718421158016 5
0.273007049525966 0.559343592442392 0.686502336253677 4
0.485300933112721 0.888425673781403 1.11494151920105 3
0.220441792551336 0.114127278086714 0.97265424190622 5
0.0923607707929273 0.492883139860237 0.823889187715548 4
0.513794611190286 0.15879392569392 0.50655627644903 2
0.50008936291469 0.784625829170788 1.04151721543016 3
0.239049908095912 0.225241226737916 0.802881348796175 5
0.502794827757034 0.115891613023832 0.444724182767302 2
0.421860641074326 0.126957503589394 0.449947269105964 2
0.237915043337995 0.638986495749878 0.803015692380732 4
0.644983710396774 -0.000356552316502709 0.746672221832906 1
0.484827621681132 0.564593618399166 1.0960522336314 3
0.51674827225812 0.69044160928554 0.928068802177977 3
-0.181429811791597 0.458130594636018 0.672006159530132 4
0.437311388171192 0.772248534829424 0.687488724311259 3
0.510005046639954 0.0779800042199645 0.467083694753278 2
0.0308932765964352 0.428800711867348 0.545111474431692 4
0.441518033281119 0.912717663777503 0.858706206603918 3
0.451299135129239 0.775064745592224 0.898479705466992 3
0.310235446735408 0.122000476859112 0.941089463292108 5
0.585916143579631 0.670413596494586 0.850734321680417 3
0.215440616577703 0.168825906153622 0.81785658129124 5
0.475574007230042 0.0896897818049791 0.497862889422819 2
0.470109858598744 0.0783040409478005 0.498322726240932 2
0.470882451060589 0.145011193599261 0.869208434000276 5
0.403010911316818 0.209135991424428 0.486729715050436 2
0.285027720073345 0.897806403337385 0.898558415687611 3
0.568917084029688 0.559204959304981 0.886529957536477 3
0.264038077261002 0.022001629630419 0.923440957990949 5
0.665160870680983 0.731287442469154 1.01231470594633 3
0.629588499078726 0.0584514194297004 0.523203599744682 2
0.430309780679129 0.0753953931584235 0.564497297007912 2
0.438349226300357 0.82171217546844 0.823321249718058 3
0.452370261222854 0.738754001284087 0.724515996644177 3
0.493224043251796 0.129837520991488 0.403509477384976 2
0.446516008551038 0.66363794978139 0.839045838343126 3
0.622797717896599 0.641052135926356 0.884125047460584 3
0.274909048754123 0.297733191556429 0.819672687210661 5
0.330830536979042 -0.00419901323225777 0.885675088554206 5
0.165201274314985 0.51401207162095 0.730432268854877 4
0.485198503023234 0.0873742796675889 0.547281489175169 2
0.333775385848359 0.878622647561345 0.861056460212051 3
0.533646774299062 0.801514544299786 0.896804448852251 3
0.442581729906936 0.0638537164114258 0.447875576160792 2
0.560641638192769 0.817392715941489 0.94836396131498 3
0.53041428112852 0.616305332928701 0.913045256399036 3
0.699091309259726 0.193982892091501 0.742153094948022 1
0.818659788244207 0.0458853909063263 0.655061998434294 1
0.334608534806771 -0.0667167074877699 0.901979383188281 5
0.733023771442831 0.133329011553435 0.746176205293028 1
0.19332663258307 0.359471641003787 0.617799394229515 4
0.058202730375834 0.419398053945752 0.677800773827665 4
0.551627309368401 0.183624391982295 0.423682728180314 2
0.129010012762191 0.073802126853988 0.861229967596305 5
0.394588037804963 0.187202214014938 0.763501420941693 5
0.473542106427214 0.179384385410216 0.865238243507355 5
0.607761436976868 0.0544566606102469 0.413570358718325 2
0.712421790560319 0.191410659351193 0.63961097535805 1
0.767509413325362 0.133290081554556 0.616090467349381 1
0.490026240132633 0.145723232501068 0.582179789043928 2
0.407344257809019 0.543502841891703 0.755414814675362 3
0.0744072264963136 0.521381591330599 0.600727160960571 4
0.532568650952295 0.0304946436726824 0.52544328468071 2
0.0496652295697084 0.478347068374351 0.851981017342011 4
0.770144135581476 0.135441903844636 0.753657255584848 1
0.466230846061453 0.0526493695385784 0.474031898196271 2
0.14394965575194 0.334379467046822 0.712033200816902 4
0.554880908401359 0.733100236299965 0.905676345840383 3
0.249679182989071 0.0357375429622984 0.839574973571612 5
0.399966376167561 0.764390077497004 0.832190866697058 3
0.542760491800004 0.0633851653943341 0.434486795043727 2
0.217640904941241 -0.0399722060048096 0.90786617661175 5
0.238426108029737 0.175443504015867 0.936226192984908 5
0.227761158440724 0.674276218325393 0.65069371675362 4
0.158237116176042 0.445288223830986 0.784852870592822 4
0.387635789790018 0.680838268717052 0.90936717271152 3
0.601131191884476 0.708740770958226 0.973579431941513 3
0.035681153839513 0.614717275016657 0.712975976959989 4
0.572582552821444 0.558928991120913 0.857805533807255 3
0.432447864291626 0.650200102521415 0.867714247042711 3
0.488853168369488 0.18991866989796 0.9935540259614 5
0.458842013763387 0.0615070960509041 0.485165699281308 2
0.212873985968421 0.118398081349094 0.877779817102257 5
0.528428751660684 0.130122105327277 0.543489667555246 2
0.414988520655334 0.803288764621901 0.982346934777392 3
0.737785995739626 0.146385588453329 0.706605294178683 1
0.423305970527277 0.0785441171894115 0.376577711045858 2
0.556889099256672 0.563640558898016 0.789764919041652 3
0.481614109328279 0.045946172399308 0.516921597320474 2
0.459451170650234 0.0552394109080358 1.01786805134726 5
0.591095279251341 0.911618012032388 0.865731801583786 3
0.453999022410388 0.14535613747863 0.520708964943461 2
0.443376345857825 0.570984317153938 0.830802549317377 3
0.548737394873862 0.216395676542953 0.451075617311367 2
0.558219488014743 0.661323666282899 0.946336529591287 3
0.512725948598368 0.685420997204796 0.987080699041735 3
0.653571586843373 0.161965252889056 0.655661892452375 1
0.558162528529418 0.674715872917109 0.717322638808674 3
0.545317767641048 0.758122710674824 0.858725519239904 3
0.443979931077429 0.758702528173807 0.988696168405843 3
0.506628820980331 0.067200777986426 0.475129758217854 2
0.382395274894351 0.158849757954626 0.938582495197687 5
0.536544554868917 0.580037110101982 0.938567650196417 3
0.704820159885181 0.102258820936194 0.699099610635464 1
0.145721156820358 0.509826465644134 0.695251757482092 4
0.343325500250255 0.639284967067909 0.941653741866668 3
0.724093235997101 0.0379803667558595 0.77509980546988 1
0.355765860887814 0.0944143699054591 0.500877140885529 2
0.315723273792746 0.210258151570614 0.885468409295625 5
0.0861408739177519 0.412177256736792 0.671269409367007 4
0.54084656275956 0.0587441562949342 0.492564696148278 2
0.47660342693729 0.508246469286444 0.946275173861845 3
0.457265183743802 0.677027667224777 0.892193242174202 3
0.455808415159159 0.87715882561892 0.876815615073807 3
0.175377235907689 0.68861990135826 0.744448543597667 4
0.499828903555997 0.0215615489176391 0.464007686810257 2
0.56566737950519 0.833873239002024 0.771608556292679 3
0.340501376687853 0.197005521962222 0.901443160299926 5
0.696350316389267 0.124810232266626 0.656291134060256 1
0.477215277554569 0.0675115009211002 0.494540575208541 2
0.616021406230194 0.0147399057422219 0.559124120968235 1
0.546496735786575 0.1432879904798 0.546044757684291 2
0.539659546822291 0.657029878013686 1.00260929233762 3
0.589266708401841 0.740883789174241 0.906097138245983 3
0.256721039488271 -0.00917091937807826 0.934945989467029 5
0.369454948935578 0.841291271302581 0.901691076091794 3
0.21461771642192 0.00199938206110639 0.981379874694372 5
0.632667510232531 0.146485503538171 0.790169751168308 1
0.454728959709246 0.0593020289975933 0.455987169849101 2
0.490748529906112 0.66412525517064 0.882664948537602 3
0.178792268478403 0.0850415123861849 0.883287673198564 5
0.562930699007125 0.661874047387325 1.03736519665455 3
0.507591718388089 0.728527120197073 1.04133856006774 3
-0.0220764922222781 0.44101355909429 0.700698142474048 4
0.560423146786688 0.84966858315795 0.931291814484768 3
0.357861492759997 0.0173101178140367 0.794387734582954 5
-0.0358885849779841 0.52627421760597 0.710647139147424 4
0.479193477307661 0.000492601835219583 0.455212993591046 2
0.466147058373561 0.85666764368571 1.06763993843812 3
0.556909391569444 0.655475523544887 1.00375236505796 3
0.290662986006494 0.14669334180378 0.827403193077667 5
0.43668781381092 0.060164678529138 0.464224630003305 2
0.34154422666901 0.906245623241039 0.781006352386918 3
0.290593937831324 0.062023514650944 0.806024532892634 5
0.227012412202732 0.3215751492192 0.773102943994843 4
-0.0959370815121875 0.504896889389655 0.615527277797034 4
0.568592378061179 0.120999881925035 0.601355237858717 2
0.45981538637943 0.068830902250013 0.482685402859458 2
0.492200457908402 0.108785680131215 0.547142460519748 2
0.53349983918709 0.00358735010545978 0.487296641572178 2
0.237690631855177 -0.0194597839737355 0.901961070544248 5
0.387299022079266 0.718153157032655 1.0392374856084 3
0.520652591913309 0.206341734669373 0.487570806729531 2
0.196914223592635 0.458248382847993 0.758004013587259 4
0.672346796099867 0.157833491454643 0.719027287571875 1
0.031533273231407 0.50955974794031 0.560168975083578 4
0.535828857782844 0.130645678362223 0.44761985857645 2
0.15254198909653 0.594925326868906 0.846725040799601 4
0.221810539603188 0.632402680511216 0.701004261982561 4
0.491984633458936 0.601778243253054 1.03561114626846 3
0.347806958461801 0.920261003329911 0.983670722392763 3
0.396307207070901 0.51595238032388 0.83442905077791 3
0.486588196331173 0.0451667974850546 0.515123255701763 2
0.447714898944331 -0.0007298501292754 0.391426504283573 2
0.525767240828082 0.080547365783695 0.501086177986078 2
0.502039702147922 0.134629048015336 0.523420659009668 2
0.439125504235692 0.769507340565337 0.843379768535613 3
0.393296109045844 0.759069180057584 1.0170882719663 3
0.488896595175754 0.703433521930769 0.884005644792341 3
0.21599148083315 0.604042654109257 0.729568505995889 4
0.577473661231006 0.0721956062861362 0.606915295139111 2
0.586373155803126 0.615396546685777 0.863656853510445 3
0.390354714955207 0.0325018812663114 0.562548707296522 2
0.480342049256716 0.21794524356506 0.43085467987188 2
0.133844956505637 0.402193124080814 0.691972765535476 4
0.548569259764114 0.619536237036638 0.82133758063348 3
0.858288832843741 0.0808976143426276 0.645224274473173 1
0.536778711994186 0.131843122527161 0.54310037501874 2
0.656018582730385 0.116214844306399 0.647953129039932 1
0.438958576127899 0.572741182776235 0.846159198115421 3
0.126587731565869 0.483580341053787 0.64401475403574 4
0.600932829908167 0.110781936453282 0.607918727166268 2
