0.632689267826819 0.822863227865979 0.721192367013393 5
0.333541312859537 0.639014834200325 0.836848121286606 1
0.620498362114698 0.838401847341959 0.939907632433233 5
0.301414261678737 0.373658470326659 0.989325525750389 1
0.666758778168611 0.783556082071936 0.881272821535605 5
0.885188396796886 0.0626792887068045 0.751232400940648 2
0.448880376691641 0.958185756251647 0.446148863881497 3
0.4526135610662 0.421992862768596 0.912933843957373 1
0.821901330650319 0.0664480357440229 0.691484711187545 2
0.85189325893987 0.907221275742704 0.993626450903238 5
0.380620495992554 0.471564595142574 0.777509205926761 1
0.264266127802448 0.628289278164071 0.908225424854292 1
0.61002406150064 0.170128101180354 0.719843252983622 2
0.674424000100461 0.142279728280689 0.800385432109888 2
0.711882111194783 0.720694552586691 0.535964127161374 4
0.614926166869902 -0.126581805371617 0.69969865436214 2
0.655578431379739 0.931252642852674 0.836635300752921 5
0.517965993364959 0.836023758241447 0.504219836373384 3
0.894580352590092 0.121002574592798 0.780631284221816 2
0.17097941581755 0.403042549590344 0.887609406973026 1
0.83622003040909 -0.0036542094771608 0.749896245995221 2
0.720594775123659 0.986332111754916 0.885125853430461 5
0.141260269891203 0.340790343888252 0.87372794954579 1
0.839482405994238 0.212885882705138 0.724864896002837 2
0.542330417324863 0.966770318903173 0.939807663035522 5
0.676119701978028 0.643932855190377 0.463912344076871 4
0.468662523332936 0.929364129358171 0.507462571263924 3
0.812291712061117 -0.0405057328998494 0.666071005417796 2
0.242907151223131 0.542355844844436 0.824187771603424 1
0.390496132771753 0.387097261184421 0.807250138709475 1
0.740309230918652 0.243898764380297 0.72788559001809 2
0.527410277313897 0.214871569387164 0.576517696316514 2
0.719203925753575 0.657724252671845 0.479455896594911 4
0.663237727305824 0.972238759975655 0.961962252272814 5
0.431782803491328 0.408659658845041 1.01942348780474 1
0.139233265389948 0.632064743714565 0.815754960013717 1
0.685493806171664 0.758040210362331 0.51071341132502 4
0.56851310373935 0.256719199373635 0.737593718383724 2
0.6817060505071 0.163051893509432 0.598018148440728 2
0.728466361047423 0.805936951012654 0.849862431567709 5
0.250376899929444 0.266462326158599 0.84723111929793 1
0.408254747905358 0.45287415835066 0.899294782935725 1
0.224234995569666 0.577580616501145 0.867942139575088 1
0.593078240200469 0.777381238083736 0.9146391271108 5
0.481885529239179 0.912896227903485 0.512421312198095 3
0.619821058977815 0.0216530490074605 0.504032534807651 2
0.687890240999752 0.94030258742641 0.889158241573854 5
0.68335101917984 0.128466572599498 0.779971429140606 2
0.157128432384583 0.259288726690041 0.951079840951066 1
0.739882495937566 0.847348535371322 0.861974664736022 5
0.486883962658062 0.919410130551489 0.512398019204519 3
0.686868465638185 0.879612267083343 0.898859204963118 5
0.32940096977377 0.398681531368019 0.848184740253613 1
0.689539791882453 0.0637552775948158 0.847470281027567 2
0.747651034175587 0.00323776162887929 0.713691815563352 2
0.658264539638752 0.783013225717569 0.438352908453323 4
0.611934740728821 0.07084274015287 0.629231552604947 2
0.669911454208881 0.763019205379705 1.0037783916018 5
0.667344705790674 0.722335799653708 0.564296827419806 4
0.482735867463087 0.190886299713689 0.569985276307826 2
0.449817515686876 0.877590943889733 0.513372422521507 3
0.336651649618718 0.409047152987452 0.797741072388572 1
0.75534591652444 0.642782155125191 0.441606442044151 4
0.672741307278275 0.94344467252749 0.785707555665074 5
0.20931004593898 0.531176241099147 0.913754078532856 1
0.431010522033887 0.563434996972114 0.975422967804509 1
0.845726354686551 0.842079754141117 0.847428512933032 5
0.712306416160091 0.184248199795447 0.952507061579992 2
0.165230851805079 0.543724223238691 1.01520425623487 1
0.765785408256226 0.990937314325943 0.918980403436898 5
0.424936477660268 0.600523941138752 0.878640166291077 1
0.815124661072646 0.0736316868750562 0.736849782002616 2
0.594994530965615 0.896974327887964 0.929806746288037 5
0.24658889759657 0.468812233138089 0.937484088974797 1
0.614823809859675 0.0649585075037373 0.726297952849727 2
0.771714725355177 0.691781963761231 0.468591493181726 4
0.245152552746507 0.393593599446626 0.967352956090935 1
0.800237212816147 0.111723301935891 0.750608207664972 2
0.2545921155681 0.259945962550494 1.17872713415863 1
0.680479735473791 0.0641272709636896 0.657380709571196 2
0.720924158066561 0.774756241991363 0.842981686495556 5
0.595333896496664 0.0841836800551929 0.67248906515888 2
0.677386172539304 0.181186464771589 0.698412639177725 2
0.517039321508401 0.0474368639631123 0.75574961815475 2
0.735707554678951 0.841504296868019 0.84097055091057 5
0.790861691507381 0.808608666016405 0.944666394393547 5
0.415846274661977 0.956882518826725 0.522117923787149 3
0.299364542366464 0.555167219067618 0.976462945422932 1
0.574599995748662 0.983399332971186 0.878915121579208 5
0.0855607902099269 0.491452718900896 0.895798140491771 1
0.316794206749595 0.549482583154533 1.04147207276052 1
0.793928250466136 0.707451029428837 0.466257454524648 4
0.19204264659481 0.338301414404494 0.843051079410665 1
0.712191947262016 0.19299721836997 0.542988454136295 2
0.289030455140164 0.487330186620848 0.641083670132223 1
0.630597445977588 0.685307869878542 0.460812954226438 4
0.750933506494023 0.198449938953744 0.755969835583212 2
0.5455631108372 0.257080364359251 0.790993509598986 1
0.709923053032122 1.02349401999263 0.893840742273921 5
0.861291105575514 -0.1284723399819 0.788231256288986 2
0.707042203695715 0.684592741349999 0.52890770870201 4
0.635808276510051 0.888928799290376 0.930972012634209 5
0.714935273903326 0.944798303632402 0.797266961505297 5
0.372928099293605 0.312562300986669 0.882881438986645 1
0.65314755038368 0.905797732409364 0.947879997106508 5
0.842346905012275 0.149946011829828 0.66272429169306 2
0.705661748898564 1.0280604538773 0.824482702209596 5
0.322795055924036 0.549473567891651 0.867251498995456 1
0.284809904162332 0.432008590874793 0.949886268761293 1
0.720723915563151 0.755026500737739 0.538307452425223 4
0.739858356489749 0.0270365575239672 0.721364521547053 2
0.556456222040047 0.0124652841868057 0.914427661884376 2
0.733357722829233 0.707365366699197 0.511632839112778 4
0.653791251656616 0.822342969870236 0.907977119080046 5
0.327393371000313 0.540682547005397 0.832044205022402 1
0.635556383501476 0.157813914444212 0.708289874499264 2
0.321262426628725 0.420881786501781 0.897781945451319 1
0.189771001922817 0.358730055469859 0.939171333406577 1
0.741785689642739 0.995221078402577 0.765346416774167 5
0.748888593956282 0.0688382747940977 0.824116071295901 2
0.327756661493541 0.621508503832062 1.11185122344854 1
0.301372291553066 0.528994406831684 0.869086626224474 1
0.853840881695727 0.0936528977248641 0.642156058435909 2
0.717130755969459 0.919718214396361 0.831658278117281 5
0.790039751795859 0.18882101787269 0.735923125248975 2
0.13166424072048 0.363689833638457 1.01852486631959 1
0.511354498514771 0.906432077269869 0.544304912984907 3
0.570834596274955 1.02484281721839 0.936474340683581 5
0.553349712425076 0.899997903894709 0.479640186733988 3
0.731761155558586 0.860021222154286 0.828809899546206 5
0.252712357788416 0.500836985362958 0.824338498838334 1
0.528990469775475 0.0583648575803907 0.659074917131903 2
0.770038577323315 0.871693423325187 0.817507939728031 5
0.646763415207632 0.993244199337884 0.951619864216892 5
0.42097828521685 0.921454978727947 0.507763273083796 3
0.915730507696336 0.112619429547335 0.594354188633087 2
0.276065522293718 0.461200944457768 0.777079460744 1
0.275419842763641 0.583173137169946 1.05949039949582 1
0.577385756744532 0.715537616612581 0.980692221983139 5
0.598913611940349 -0.0534688858119068 0.614311729537269 2
0.633567439838596 0.0394534931545373 0.732327999757106 2
0.635993956109386 0.914704652358571 0.903358784976949 5
0.801508949483882 0.200731252432173 0.721356617293611 2
0.746970015713079 0.224212064865304 0.763761206094466 2
0.720180462750501 0.0923745086125903 0.683343436170151 2
0.31682833174777 0.525284333054374 0.835404798377787 1
0.697701001336461 0.837639109696802 0.89299618672031 5
0.622373942862598 0.895832370342634 0.920610747005935 5
0.432803321939906 0.559844072640963 0.969643852371422 1
0.703715571215547 0.0322269764065072 0.807379815725845 2
0.57611777219916 0.157292641664633 0.611878518653356 2
0.546421604870296 0.0639875004434063 0.669602096537801 2
0.793537673713981 0.988780279222662 0.821679469494325 5
0.766027243368208 0.177121093379998 0.741335260327781 2
0.724780904015407 0.759886743293897 0.566152506439978 4
0.33926140031494 0.38628945116363 0.888271796821975 1
0.798957685523766 0.718152579346836 0.931822714937181 5
0.152222335891551 0.483735441915948 0.890108693563291 1
0.641819149404821 0.903468285771257 0.802600330111426 5
0.606134966228526 0.872478413471919 0.870819876745197 5
0.726976097900892 0.0407606165403374 0.734268069121177 2
0.351932885257014 0.417137261223901 1.0764347566383 1
0.64249143146206 0.922026486568733 0.805639691186294 5
0.893724027774304 0.225253840538168 0.70506034240112 2
0.623176958207134 0.867234356489193 0.969327590967659 5
0.7323856653116 0.208654340830605 0.827528828783076 2
0.808214200913448 -0.0214231932508721 0.584939819453509 2
0.758939177897752 0.0959723623509789 0.720844221760392 2
0.325290035630497 0.612252243411501 0.776570296894052 1
0.709580443951042 0.184350692656614 0.809617502615353 2
0.771361859906109 0.505384694978405 0.69845646608242 2
0.735549492750394 0.931457792506194 1.06151056944032 5
0.762698521502293 1.03544173285606 0.805891963900388 5
0.605770211359324 0.190593601870312 0.541187891766655 2
0.609828892172616 1.00550477292098 0.923733735900948 5
0.652878573360131 0.0223858126801887 0.734861113236438 2
0.714404593961775 0.96945798827425 1.00108422019859 5
0.232375649750294 0.468329877624713 0.945081963309756 1
0.752343742886426 -0.0854302263111367 0.674774475916799 2
0.806985965436277 0.714589673300994 0.806714704636519 5
0.262777087566244 0.44303036387085 0.917420160091592 1
0.182624744760746 0.438235633382829 0.824759924721554 1
0.381779254752331 0.54019223918971 0.903041091677306 1
0.354500762979213 0.343120753198294 1.01926330153007 1
0.738827216261769 0.134930636887687 0.659045341197111 2
0.743330415597959 0.831632234809893 0.961027784730189 5
0.694045981597862 0.861560374457129 0.987516687814009 5
0.649312914865399 0.119966760751502 0.632038975074976 2
0.6688372007072 1.03068148244729 0.824657782164401 5
0.261892537226262 0.680340676890525 0.887284193014355 1
0.623930854269598 0.910286380423232 0.927295473153765 5
0.587538850039711 0.952735802206975 0.848270585674708 5
0.669884340699935 0.677615548693924 0.502851797774713 4
0.674363526764794 0.870037912257683 0.854927933113514 5
0.670661449623258 -0.00890547147744365 0.592739705121553 2
