1.04358940267123 0.576647416811114 0.520921380754149 2
0.943327669490916 0.91993589812936 0.486811550097684 5
0.772222566842683 0.942983900440171 0.293858593810405 1
0.518842192263309 0.0393329089100829 0.741697340533445 4
0.668238889660634 0.8565578529722 0.256284007775275 1
0.999050455067326 0.494898259864827 0.482162691195085 2
1.09659143113106 0.430916419156838 0.415088216241651 2
0.895360745315772 0.480599453679255 0.486833655238099 2
1.02309595347374 0.878239036760634 0.495501708309752 5
1.06575574491717 0.893889652837644 0.53772798803414 5
0.632704510431692 0.931930938696046 0.293068656992352 1
0.859384678293903 0.477276194571331 0.441787667781276 2
0.651168953712981 -0.0315634943392502 0.677014586639076 4
0.889528826933606 0.508431144942096 0.575418165137701 2
0.915606721538709 0.962452397105412 0.471119754961444 5
0.602150877725111 0.934053434710264 0.326351256820846 1
0.635466925681105 0.88161964784346 0.233437501610582 1
1.04702928473931 0.52444655405989 0.471982695565725 2
0.971563904885703 0.358438051754894 0.582105660087095 2
0.529656211919064 0.184534535298926 0.732962341962681 4
0.971101238069383 0.561366710937082 0.578510554882127 2
0.804710692836117 0.448988398747157 0.618115642245266 2
0.648220734901579 0.870004149041395 0.275317315526512 1
0.695987456241654 0.941446111963716 0.322677971019225 1
0.797105810637257 0.9547349545104 0.294598273768587 1
0.922262606345339 0.366098607785308 0.580178076641744 2
0.593671459188122 0.929966046667396 0.279951688471482 1
0.620819646073601 0.157528447392452 0.864843112603643 4
0.546033389666454 -0.0881341836373103 0.765297699300572 4
0.90059359227459 0.90680681848435 0.51724581554229 5
0.973810578895116 0.87781941905278 0.504961537712667 5
0.896658001370606 0.932212886927928 0.462713031854028 5
0.685373401494391 1.04920730262696 0.360231708105401 1
0.596502886750349 0.138487181557259 0.710956909086389 4
0.892301536724885 0.361827176309165 0.467465969298711 2
0.937770176608159 0.490797798051966 0.488847471515542 2
0.970550605513035 0.902113421896037 0.58366490050568 5
0.988329414153417 0.553572122813289 0.492690256071855 2
0.867961803281505 0.853591409856576 0.581569486704899 5
0.718223129905948 0.885835421644285 0.382104059929661 1
0.909338971593762 0.939197221396749 0.434341981627572 5
0.700621165243826 0.885328096964664 0.286521474479695 1
0.694270847237331 0.93134588539205 0.274942986599438 1
0.952731561769699 0.855983578832355 0.459161404778895 5
0.579815043496546 -0.111277470577452 0.677697181010871 4
0.979903693852152 0.495477302029315 0.513291978596998 2
0.354800779228325 0.247262613081644 0.824290516536536 4
0.83489727525103 0.881809684478421 0.572160248390525 5
0.890360858712619 0.886484237891136 0.532817606335012 5
0.395446264266335 -0.0105026806949825 0.829679845526868 4
0.808942694674172 0.911805838277982 0.349969469592833 1
0.587753148878706 0.334627772646632 0.684140981296484 4
0.0720365054782736 1.02155571979041 0.137079442672755 3
0.975463932511399 0.455302616504754 0.604074090745989 2
0.699339413142868 0.917842177573976 0.303035066622779 1
0.117121730739101 0.758363330723123 0.265197640661773 3
0.646997510303463 0.235484892094476 0.742414521989683 4
0.865324941044081 0.899377740461938 0.634473280239274 5
0.213078062170798 0.955510150492023 0.0852647260089485 3
0.180521756839751 0.806830802488992 0.117527282556641 3
0.0707571657896413 0.921277725048344 0.197657810268516 3
0.544717807060545 -0.144175593553248 0.612572807229202 4
1.07990360345289 0.518456932323142 0.375136049369869 2
0.819044793029898 1.04700987290807 0.309023843918664 1
0.862231117315875 0.951303558578915 0.521885076458468 5
0.153602667123251 0.707308109729534 0.432013113613574 3
0.93773020859973 0.921910761469544 0.464787836747401 5
1.04359257747678 0.461819246606968 0.411177444203928 2
0.739281687175264 0.866578139975432 0.296196078253854 1
0.858415398821417 0.797131752698413 0.53999013161704 5
0.715059531856812 0.969779231160407 0.263213029908117 1
0.85549339817934 1.01192731720783 0.477514218052444 5
0.921582316633962 0.900462026489916 0.490266500440744 5
0.927956689100091 0.93550226658194 0.57678364030806 5
0.773191827797419 0.845663230903545 0.286320688852465 1
0.997456186924697 0.542292749433091 0.472325950942539 2
0.973163193591561 0.873047380123275 0.502675021455891 5
0.872179922326389 0.919718901080693 0.548506618357573 5
0.0945108385945797 1.00605749285179 0.0335110640751717 3
0.883881660554387 0.992485080648164 0.497022898832214 5
0.697401084106963 0.906833411206184 0.35493114863301 1
-0.00410777130388539 0.820471154916858 -0.0220712555401234 3
0.72517218062733 1.00042779017866 0.283393416545265 1
0.849504142575023 0.600169594956061 0.544398889532144 2
0.78698711279673 1.04427495204312 0.280408531952204 1
0.406409628716369 0.0740126244371957 0.82570734680677 4
0.9129794355833 0.901140707184957 0.584716960926714 5
0.526304506547292 0.0912355907223812 0.697281974548477 4
0.970271349055053 0.405366391717523 0.484370686236765 2
0.668088332339607 0.912910008412258 0.295908461717665 1
0.926829768489148 0.512890010991293 0.46632520958882 2
0.670094519951014 0.979908303268316 0.312794330983726 1
1.04466267430909 0.536388781844277 0.349539686347455 2
0.713871307702296 0.930927879277595 0.390914499054094 1
1.03512787514532 0.343681334115814 0.568889403690723 2
0.915641258007371 0.856969186958497 0.519446379526775 5
0.802594384857539 0.865892760243494 0.263249569937702 1
0.91891559586708 0.900983804043752 0.444345319168647 5
0.983100586451128 0.858884443048069 0.48329270533384 5
0.610706631475996 0.920856496166347 0.30413736650416 1
0.470919942494264 -0.0420438120235199 0.769810613549134 4
0.780794149142987 0.87691737319997 0.286269941591545 1
0.686424646442905 0.843385615216752 0.363190304220681 1
0.618518448289524 0.891773841153756 0.288850902809728 1
0.570780594504407 -0.0405561474847263 0.560363277920573 4
0.63004192636394 0.861251029540628 0.210018076362217 1
0.897196684452014 0.688192120509409 0.379983055691583 2
0.611982892126453 0.932147863966416 0.299781643172126 1
0.759602391662659 0.559934588507878 0.452540305550174 2
0.794100999945934 0.443139803778023 0.538432045639927 2
0.894129118217361 0.640490683733338 0.471618281187043 2
0.888687188571905 0.367098136961755 0.501978945250888 2
0.469196873485063 0.0621845491982304 0.71103032256482 4
0.670429988562295 0.274730840397011 0.441302663708086 4
0.918319553136306 0.963148745282472 0.447471803417311 5
0.84126685458145 0.491754929834301 0.359214170489655 2
0.985137694497957 0.636856796702477 0.510951710804576 2
0.942021499485376 0.480769190039996 0.527941514071543 2
0.891391685743334 0.989656714074051 0.509006718044609 5
0.845950991782392 0.461057490878674 0.357347505256947 2
0.833301807131108 0.925594713993969 0.548811935720468 5
0.8961755987579 1.03210454252922 0.480316828593533 5
0.628977226457899 0.0750978779379336 0.962989241625165 4
0.398344103413069 0.0857683837128392 0.684495009395656 4
0.663950326655465 -0.0251287452046009 0.667605942960607 4
0.867850514277363 0.868211449417446 0.471689079528514 5
1.04267273081819 0.620265473654071 0.546909724742868 2
0.0507554169840846 0.910566016128761 0.041725418497144 3
0.934628842328998 0.870937942837464 0.492065704864613 5
0.978737847305144 0.494893423630432 0.519548187484123 2
0.883812727839488 0.421277673847685 0.508348481905516 2
0.962495091552795 0.368942265484263 0.567327050946202 2
1.00282761790711 0.913496867327498 0.625385691681362 5
0.750660241685599 0.408712129705919 0.535060405357484 2
0.884044148728125 0.477664875264016 0.529657936043359 2
0.96689755551201 0.96638011263007 0.590016190489999 5
0.957099349795306 0.926196936633868 0.459715047000899 5
1.09910274696007 0.596583678572053 0.525877114432231 2
0.42094078636033 0.139121988675098 0.608248238065992 4
0.333394087178393 0.0957165636431086 0.733761649003436 4
0.881218586878148 0.498585329835115 0.564428760146865 2
0.881797629967333 0.944073979013425 0.458419206433707 5
0.894617320048534 0.89319778657133 0.478492244294408 5
0.888183789473005 0.881215364523694 0.455771669159999 5
0.941609342867992 0.873647723486244 0.412702898223399 5
0.646860094541584 0.183849828364253 0.559067634029739 4
0.882213149154827 0.813617084925869 0.463364149374104 5
0.943340978784791 0.457805693208467 0.472744498273298 2
0.720524323486732 0.956031323442627 0.249674555371247 1
0.890300532489271 0.87467729573845 0.470753405087651 5
0.766402584061649 0.812761837880461 0.357049956411768 1
0.168673636602724 0.922416985126514 0.00612184844112476 3
0.914177698959213 0.894564927446975 0.517551430490297 5
0.582153195157215 0.260672100432918 0.75768173835525 4
0.542713095738024 -0.000870596309569524 0.763554205595057 4
0.9006530745651 0.884463407233539 0.610407473972531 5
0.930949518680084 0.501131094737936 0.626213976938931 2
0.992262116220412 0.588448219360387 0.469554928819045 2
1.03738771375221 0.929583888315649 0.482034658348112 5
0.673774309785241 0.906346867740001 0.277569396375563 1
0.745020862216997 0.894693858200287 0.33467380470995 1
0.497173135299453 0.242960268992507 0.625487012493028 4
0.694168821466939 0.36157250294562 0.677529645985393 4
0.915460097096952 0.265656309468253 0.240683426347543 2
0.479384536020964 -0.0567123427995169 0.731074853767696 4
0.746755664100473 0.811252364015954 0.470239487126101 5
0.876483064390839 0.480041821825611 0.564660949651501 2
0.751392027106873 0.848689108106751 0.281773567525419 1
0.752756461055178 0.92542550617168 0.313514512634862 1
0.835576374759691 0.509268482206274 0.415028398693018 2
0.717696252099027 0.947317889390849 0.34068205154145 1
0.97104869579518 0.884512088422905 0.529361074422858 5
0.895976553465088 0.823863540822613 0.537345943944742 5
0.829583666857419 0.858186501615646 0.242245478849551 1
0.954250585440802 0.97257012922857 0.494329297358529 5
0.316988352741114 0.0480178297163029 0.746427054103838 4
1.01186637281043 0.870776486749317 0.43622808101985 5
0.872115182437037 0.589958989964703 0.416637963512122 2
0.52355031054514 0.408561077254065 0.859818680147346 4
0.760123322572123 0.838692086706163 0.301178580122929 1
0.505654672573176 0.183773254763327 0.669731502194681 4
0.974636779960377 0.599754626529778 0.478689281117371 2
0.813977316377828 0.443406254567337 0.435130215703977 2
0.790685604968205 0.871177795980168 0.247523587248742 1
0.723778301452573 0.889720398841368 0.303170341840268 1
0.899005222765458 0.502172428059056 0.431902419077975 2
0.0123987725011826 0.876996458597863 0.0295449101281646 3
0.945775110639066 0.42974931244507 0.496299949162837 2
0.956928315415815 0.492126961881847 0.437636792259566 2
0.724506774063213 0.880618975680091 0.237152242034047 1
0.959089072963363 0.407969487350097 0.410238248623898 2
0.771823008501248 0.968386168189789 0.252228719181767 1
0.874432572521236 0.852294176243087 0.558282261905481 5
0.935357136564843 0.347861779121171 0.613573822848023 2
0.921533376830328 0.414491179857497 0.558416310162813 2
0.585827802665019 0.0756271090952935 0.891125829255709 4
0.873657239638181 0.522682622717715 0.496731176259083 2
0.707887481925499 0.860998764422776 0.242984323637676 1
0.616512404573352 0.089577657404857 0.784429746450051 4
1.00540037306611 0.414288030421955 0.468866126082058 2
0.816787774847899 0.997534412709749 0.338097694203464 1
0.951473831196716 0.910792720243794 0.331179047436725 5
0.977291500115123 0.58388635162385 0.480632306845816 2
0.615548431938733 0.263710454857573 0.814747894629069 4
0.58730850099257 0.221416151802076 0.618254994679121 4
0.454572407498759 0.0295830595813658 0.582331568474799 4
0.962010148805826 0.910471449095266 0.508817173358695 5
0.602709566007789 0.0244656296488791 0.601879058674213 4
0.71539903706092 0.892895516945242 0.199942335419788 1
0.680670445873602 0.817433937299229 0.35906035382736 1
0.89473199652658 0.936345845186178 0.505227940697081 5
0.547979577169223 0.0321393301836661 0.570843007778414 4
0.55063786590936 0.30295664342769 0.726598953083105 4
0.316954939565018 0.173550277735142 0.770945154522247 4
0.970480989547998 0.428445069440549 0.453851323294337 2
0.985086646669839 0.527480932310634 0.591811225276401 2
0.684944895108524 0.186828616034385 0.577600223449018 4
0.96151021911991 0.848230789785834 0.493248667437219 5
0.627885272402849 0.942881297148078 0.307310555909731 1
