0.0661813939684049 0.010316810496909 0.918980719735803 5
0.738606717375794 0.887548527144582 0.122037664640704 3
0.969015319256551 0.892709618935725 0.144067679755819 3
0.930395206901982 0.980733781822939 0.105017307926644 3
0.797279892904939 0.884494986209769 0.0589528134759889 3
1.0133749498567 0.921899470721381 0.14874442795007 3
0.689953427169606 0.727494342983838 0.298852646787436 2
0.708102096962941 0.872502899533584 0.301338648678107 4
0.553816184074358 0.7826042482951 0.737128917522945 1
0.818672844277674 0.780338046561384 0.185974139377004 3
0.72847657933147 0.91757380109012 0.337853520219768 4
0.966647451586827 0.961943421048852 0.0680167638729296 3
0.729543907745251 0.382021656646782 0.764102607549211 1
0.888593834309376 0.94969685643168 0.163413424622934 3
0.384568559760761 0.464483722999275 0.840793566700136 1
0.852187013620463 0.895213560002109 0.0201154183014567 3
0.716336013653635 0.903519388815631 0.308952816643656 4
0.0704090589215198 0.133933982472436 0.929591680982562 5
0.76104563118754 0.895615062948883 0.331244716101705 4
0.905147698900433 0.807204073737704 0.060478597057713 3
0.850661632286403 0.95642215966937 0.114992076383586 3
0.653456473843796 0.870240726833052 0.340071309174853 4
0.0957554347150134 0.0880148611186388 1.03731597969649 5
0.744177813349495 0.70312478331418 0.30423321752603 2
0.192126535809678 -0.0356193790210909 0.795389175889165 5
0.212325961158308 0.064846809847215 0.798312627313752 5
0.911591765633894 0.808396207975518 0.0846499257256806 3
0.0559628787386947 0.0462397859237039 0.964090825241019 5
0.692002569317015 0.905736053050339 0.306780676885173 4
0.663511552405588 0.526803659215775 0.697450054874534 1
0.441180038502617 0.288754615537665 0.667738464529752 1
0.829873143070953 0.810916486983515 0.0905215270037121 3
0.871958490340378 0.875803663632242 0.0520081836576189 3
0.639676271175175 0.825575915700721 0.308750121735005 4
0.861796554544261 0.842271434155381 0.140093925014358 3
0.68775993107624 0.864709881003085 0.290304267588927 4
0.888307781321079 0.927239422314911 0.0499520260093588 3
0.766245316819342 0.941373011322516 0.288995185750572 4
0.708995748927829 0.947938895527675 0.276005312535033 4
0.69581858195218 0.720408404230446 0.342861722184698 2
0.889272823449765 0.974356678561357 0.022921073105736 3
0.718205140665326 0.917894229939033 0.31706072459127 4
0.136807841990104 -0.00199380642051994 0.912963347232747 5
-0.00445642270451088 0.217408613361724 0.827916926232817 5
0.202770998541518 -0.121720828774136 0.984335237530409 5
0.857785530014559 0.870884681946619 0.0392063241885869 3
0.749945419171807 0.863682594943818 0.250755527031285 4
0.197992547159895 -0.177623255446154 0.869405987877493 5
0.0698871297971813 0.114886225579755 0.633595166716072 5
0.0716197179997673 0.383779529857763 0.890703837457561 5
0.711475020234257 0.867674066935063 0.175923087077129 4
0.68850904546942 0.897210231424176 0.352391195677547 4
0.730049765667817 0.809777790082122 0.281616947780209 4
0.688473063723556 0.976408486765742 0.3839085828264 4
0.845520205538398 0.923536690368415 0.23359181299003 3
0.2217881001172 0.34126492642647 0.92627077458788 5
0.897188362139731 0.787300437593813 0.0918338867112748 3
0.229496881904326 0.106079935675259 0.828774694664732 5
0.930799531445847 0.937537549715201 0.19627739754708 3
0.863139544379584 0.925584094198347 0.195029259636742 3
0.929537860333908 0.913111804694 0.0648213491389441 3
0.720554847558395 0.877264801517395 0.290378746165446 4
1.00911255180815 0.906630664924082 0.029791095856236 3
0.681172092078732 0.850220423089665 0.267174574051043 4
0.142084989357093 0.104628372760769 1.00878676997696 5
1.00146210955838 0.835186631725545 0.0276753667787362 3
0.991471617687998 0.827838717307486 0.242610649155068 3
0.691475767742903 0.907345764448271 0.26733242933185 4
0.667019036907567 0.81712948168889 0.302079010816536 4
0.654740822813843 0.948724614987584 0.295122946284507 4
0.288856755926047 -0.105894936420727 0.836887357042148 5
0.039195303524231 -0.0617642648626913 1.08056151208419 5
0.717558170762098 0.91803455695377 0.278448084989212 4
0.841867212879564 0.898214766159796 0.0846904310760186 3
0.084789576268251 0.101607768876333 0.968929294667306 5
0.681011064000374 0.963052265883625 0.374536010050446 4
0.170856603559431 0.0343255356719674 0.922126012351842 5
0.548054824527756 0.417796374618005 0.686088318116073 1
1.00462163808597 0.951867105291492 0.113678321169886 3
0.222761369465127 0.220392778726298 1.20511009482624 5
0.254200214245143 0.239697791800089 0.568717612797051 5
0.702943401507048 0.821539744950901 0.249132269218166 4
0.86211208731781 1.05098706174945 0.155901382243771 3
0.222568454178945 0.178181580916622 0.839916604531627 5
0.223131930416349 0.0173696948053528 0.886895327121889 5
-0.0825660785646592 0.264157909556576 0.906065813023824 5
0.903004388761046 0.87486576457143 -0.00110354067178885 3
0.915952582152942 0.87749987315241 0.105126894900541 3
0.830513865175627 0.908760827737462 0.0782002823337315 3
0.972757839900804 0.884510680878359 0.163698640764731 3
0.0979186825588135 0.0835683740852647 0.83029123744268 5
0.0707078814730913 -0.00172800501940361 0.860579083432245 5
0.125447130711335 0.142906514433327 0.924350920064949 5
0.518545052915486 0.460267792976038 0.647627436368434 1
0.698165771991685 0.85424817376483 0.283900737777007 4
0.0395021723972714 0.202088162238068 1.01558844621818 5
0.680231836111199 0.922778703447118 0.351261282453224 4
0.888946573830297 0.909642611994227 0.106280410452332 3
0.484367111252658 0.385578993943813 0.746120016368081 1
-0.0112451041935866 -0.0525382350805716 0.981164489655974 5
0.961840173311921 0.842758513893213 0.125213076432759 3
0.111132294074945 -0.0574621815206782 0.662719673089206 5
0.151492812556326 0.245897363470705 0.675513187657598 5
-0.00290105680508812 -0.0927971078933069 0.939682732824968 5
0.293792439876417 0.0627902716067461 0.959027221484296 5
0.690556620229876 0.70414048464321 0.292357327409612 2
0.168263321960321 0.0229152824209485 0.77014538881411 5
0.196071052854882 0.167549193338147 0.894702254335511 5
0.739602484730453 0.724619670077135 0.376416183578035 2
0.210174808100315 -0.195054857783955 0.878492123786354 5
0.727475959057162 0.931543562064691 0.318851233943466 4
0.642036930637375 0.937468784656725 0.282793440946791 4
0.87671883222285 0.848639627776025 0.106756818249931 3
0.774754426993865 0.853636988075478 0.271476189092069 4
0.84632115771112 0.90254490612523 0.0940776959729355 3
0.935957289636502 0.864643019056373 0.0883052845200849 3
0.964915620566174 0.934631967508363 0.0888141803112728 3
0.716354136696435 0.905837403515049 0.262381672935744 4
0.634274521442893 0.938199384542448 0.286292865271604 4
0.0838247330923287 0.153400098943333 0.778924964031019 5
0.209783164317098 0.112145295119589 1.03155960225348 5
0.72082200007572 0.898732336735213 0.264069755383681 4
0.829651263978984 0.977005729294809 0.110824811168814 3
0.691143772733781 0.656109281565068 0.297847873231838 2
0.582961394120712 0.497488118019083 0.560377506017668 1
0.894013522180039 0.862479981447721 0.160288168505593 3
0.137511035427024 0.194413960347027 0.867803620711642 5
1.01520486338314 0.773480251129259 0.145205954869114 3
0.743847919345301 0.898066899630594 0.350826986417811 4
0.0700251758415197 0.0568284763880561 0.935566455000916 5
0.728712956036577 0.909344890663893 0.27382002411337 4
0.386768365312879 0.465778654033411 0.784065141592742 1
0.63419785029934 0.827143467273713 0.28076164949104 4
0.0853719176077335 0.00773828231260348 0.816818158868775 5
0.662118231235081 0.910451707184658 0.27768479797062 4
0.868743582118311 0.965096354256129 0.145676308593947 3
0.0417579040673557 0.0751597588338177 1.0539127206936 5
0.201266015260129 -0.00336367659415621 0.966130502208608 5
0.95963021719141 0.919489276520692 0.0639473756847685 3
0.0204652979834263 0.0510613440506643 1.00522576128047 5
0.709192718478412 0.867121678408558 0.329687651037769 4
0.919515462376339 0.953742102130322 0.0788600428331505 3
0.431564886465107 0.488497992370287 0.461592099800593 1
0.925150473989945 0.904481496755173 0.0781197645540864 3
0.51995881095787 0.610730960771525 0.656346237091166 1
0.651671035898172 0.885291910072484 0.323008390084681 4
0.982339069061893 0.908780861353841 0.0744596959160702 3
0.927943151337731 0.859242583784116 0.179046068354395 3
0.20072813012746 0.0981761886788247 0.749076255002775 5
0.755807174674451 0.858458721941584 0.174219145544626 3
0.7163863228653 0.914662694525009 0.431682335464742 4
0.674665131668953 0.883130161206483 0.228378278099895 4
0.732883802154774 0.945135403191734 0.333083860346105 4
0.516498162078338 0.640318102786528 0.699193334777988 1
0.676218462683227 0.766492233054838 0.340632648238034 2
0.932408626290751 1.00003159025752 0.119038163500568 3
0.0285718340185087 -0.0231299142899492 0.917064409463886 5
0.731406326170431 0.931385353013058 0.271323972973341 4
0.0773542383652984 -0.0392782220484817 0.937741330660998 5
0.104886353673013 0.0212504878700111 0.872779670613425 5
0.849644726421118 0.780213626704644 0.0279066660611081 3
0.906127106893556 0.882279515004484 0.0268248157939665 3
0.942986100737408 0.913624811383966 -0.0240669817725909 3
0.838257859257032 0.76056629763922 0.124977548880304 3
0.182157540176754 0.0375690633371221 0.865681698701216 5
0.15075335190016 0.0747590738691706 0.959100903345394 5
0.632989385898684 0.879151607300707 0.314007646301012 4
0.549556601271949 0.52102971609211 0.741505574900697 1
0.863155242316129 0.891718594613898 0.0163873349844839 3
0.864501328062598 1.01897723926348 0.0948391132481836 3
-0.00835802144425336 0.0917525156184624 0.825149464735259 5
0.0172953261767372 0.113314619924571 1.03154280053331 5
0.671927831255452 0.891578444001112 0.331977238512713 4
0.0751191426656272 0.141744888696304 0.741084234896551 5
-0.000518730719362065 0.0763435908414989 0.86983286788227 5
0.0562820866963986 0.0132133803243037 0.845195631072103 5
0.698227042890785 0.880334043377636 0.289288510988621 4
0.800035294809914 0.889544450274619 0.145725608867434 3
0.872127963215839 0.84422155325018 0.088609023052955 3
0.694373044427459 0.47600687871534 0.665287936881933 1
0.145575618704828 0.19786080566228 0.929765268540645 5
0.071320040406914 0.0615566168007862 0.91661589351446 5
0.94632343044493 0.988903844429173 0.146109676579201 3
0.647433903296331 0.896417352043313 0.300105895797931 4
0.69032768414775 0.873005060685345 0.302118162864654 4
-0.0320469534914598 -0.0207638012194815 0.6979563735799 5
0.12960218869841 0.0380400392855541 0.941751865354799 5
0.125780279958484 0.124830671591856 1.04193621906921 5
-0.0241958349898213 0.177234036445866 0.987852204133876 5
0.742568331130104 0.864776851528388 0.34657503869695 4
0.913327133700391 0.878465730887259 0.0677765824812621 3
0.895534290410177 0.893826010507001 0.11023160502297 3
1.02787285317545 0.903754748419294 0.0999803267866222 3
0.829433992560137 0.832226285553551 0.0950345155934537 3
0.765646992636652 0.892968604780828 0.236387516950839 4
0.373427581597111 0.0155180781764392 0.898949945775937 5
0.91699903035632 0.923466092383759 0.12215716273099 3
0.114494475898058 0.0449034297283835 0.912200625053374 5
0.672739661316886 0.863536259854734 0.306555259000952 4
0.847279555137214 0.949219321350238 0.198031253374101 3
0.874699492232207 0.897123334346943 0.197444407538671 3
0.0980687609340232 0.103242233429746 0.923930975584346 5
0.209774871658558 0.0412445573070043 0.970645487790132 5
0.928590188458263 0.876402072181577 0.145364657890227 3
0.0800257430375568 0.232819054323602 0.971383065560627 5
0.902156627884047 0.826431802091444 0.167700069463193 3
0.953706613896314 0.948770505017296 0.0962464393408419 3
0.693510211021388 0.87053836920489 0.31136286506884 4
0.681979194515695 0.871840228971721 0.281060290027745 4
