0.544112477620389 0.263185983398041 0.374541516191057 1
0.289778934788582 0.651523129963089 0.516469391024654 2
0.522981800755576 0.516743307640834 0.478227340634653 3
0.321647730602455 0.687791017895612 0.531079585243311 2
0.51175514452595 0.518523024607856 0.490961960550598 3
0.57556596660943 0.922225658681647 0.815797862087029 4
0.526690140526446 0.440475596394583 0.467947199393333 3
0.519885555223695 0.501601315074792 0.477054152946311 3
0.497424106952339 0.0698001011318145 0.500346978450656 1
0.482118494918072 0.539065050535238 0.494741566130085 3
0.258503693883912 0.658491610858292 0.446093613342057 2
0.307789987300149 0.483497591534111 0.504008761155603 5
0.516136438895604 0.480587584715715 0.484999732681671 3
0.399159322492435 0.558980932047588 0.527403194419685 3
0.309597831276341 0.716703397593516 0.499714573943841 2
0.476752407415858 0.453445826542562 0.492959395352546 3
0.402291297656496 1.05085150675559 0.951480859734562 4
0.50520606359369 0.919669370456479 0.822897984578305 4
0.528005244947186 -0.0825453528868096 0.549842263045951 1
0.273597870658698 0.485271867079566 0.508792581153118 5
0.584128933725943 0.128298896627875 0.532837708725087 1
0.380301412631266 0.744785663362339 0.547579808309512 2
0.542408557270545 0.0988360139206197 0.464352377487292 1
0.265042452667627 0.668391292384679 0.506386150344452 2
0.419581032763127 0.224931651100536 0.582923639904174 1
0.615915380749535 0.0206279696664936 0.613018562369009 1
0.320018944452323 0.665247674772691 0.505988994320448 2
0.329287258030654 0.521102900360352 0.501021162742487 5
0.369550626037223 0.718379106186028 0.432200277152803 2
0.519645612926145 0.433871426816609 0.523381481567705 3
0.352599401387704 0.736437127515032 0.499428008125958 2
0.518151099954706 0.495129523950649 0.471660438207474 3
0.312252803419642 0.486261337657488 0.46426113199704 5
0.53163849831095 0.0192057871596598 0.551525433120709 1
0.570635830309486 0.85414395382286 0.784217325898684 4
0.513500014789881 0.70391146893077 0.889394397297417 4
0.488713568393891 0.0315184421298074 0.521300304877666 1
0.31047515367406 0.733409487938434 0.515169560887975 2
0.325025334553353 0.717318401684851 0.506928947013057 2
0.522646824837452 0.52663312652503 0.580438701870637 3
0.50544729622983 0.0767822051923652 0.509638983700332 1
0.567792153414971 0.0274192308417403 0.468966331710501 1
0.250250983186735 0.485339263903778 0.533531116455223 5
0.519558631974278 0.131320752097197 0.479105481443998 1
0.330192309364703 0.679672903837343 0.519843119382868 2
0.323460873312468 0.703789984060429 0.512516359266575 2
0.241163869526857 0.515905348688981 0.516392861751142 5
0.565867308678301 0.0956081232996924 0.540669871660003 1
0.30195283743872 0.528076998190772 0.443792711974635 5
0.302330044897956 0.731372691226827 0.485751832544461 2
0.303844885580315 0.490856657217621 0.536736327358205 5
0.283927035609853 0.706566175730605 0.504879380067574 2
0.289468665171427 0.702601989340155 0.529999509798029 2
0.283734306692491 0.674841806499713 0.53807887748196 2
0.670550409012402 0.939553584490493 0.956478921978338 4
0.380594628887788 0.523438459179018 0.548081434324829 5
0.405325186748789 0.96861166752659 0.853409546128348 4
0.490343517649683 0.510429194735253 0.497983421781059 3
0.506384585267659 0.579406640818291 0.52126964229095 3
0.556704157251026 0.549326130700421 0.539608762519612 3
0.478079848662621 0.483584433407746 0.538767096239424 3
0.32554217271975 0.507726269957582 0.483728617478846 5
0.587510860005759 0.78229758243174 0.94713102733846 4
0.626256699483513 0.882794543729874 0.821738553738794 4
0.453981215759532 0.0823775982666022 0.541238383800955 1
0.378447616259609 0.693620059103179 0.495756287145845 2
0.468872782508009 0.172227236524341 0.57085803661298 1
0.428079244398359 0.191668953072569 0.370321199785921 1
0.614387752766274 0.10024314678442 0.551321515133874 1
0.276841841942355 0.691284545347367 0.523122048878786 2
0.44696831732244 0.169489373624786 0.459759954907595 1
0.726222060831601 0.861946318687943 0.864625421031712 4
0.520598987375432 -0.0206040557189593 0.567370749985597 1
0.286165871255144 0.637705135751165 0.493178703991246 2
0.539685283982192 0.504322531881607 0.559245284045931 3
0.494084066007812 0.514905108737783 0.540686741015827 3
0.407942368059204 0.142397195435737 0.487689166901828 1
0.274063382079326 0.43416212832738 0.530365654078249 5
0.510783053466111 0.57876374030891 0.469204108650466 3
0.25578593112436 0.716570191275339 0.550912158538282 2
0.410860780340031 0.0599256270637314 0.347293711793963 1
0.497420021164721 0.51998595840119 0.478669923332568 3
0.28809117687619 0.795521712344807 0.52391738575809 2
0.44933844473801 0.469888783962762 0.537314585955824 3
0.525387432991082 0.207655431866567 0.669967776119322 1
0.51160442834148 0.91435239293116 1.02917299242245 4
0.502182728483197 0.438929118563509 0.486101469085271 3
0.509598328968798 0.451317547873737 0.507647750746915 3
0.296980866799436 0.560531096925398 0.50845256798398 5
0.497654465764576 0.122880019453016 0.543586151304213 1
0.66988535377257 0.999991595945338 1.05636394389142 4
0.452822987138435 0.0226607281005357 0.517977536870816 1
0.465251298023261 0.43801766658775 0.480907840807009 3
0.474037931069327 0.523247303035648 0.449843359406757 3
0.261889220633486 0.474532556832006 0.494384145280379 5
0.327478941049237 0.474405525978832 0.520638224166982 5
0.469348052076059 0.480313640034065 0.480858409117863 3
0.207113549027206 0.513861650665018 0.562768950452156 5
0.342780607199962 0.160326007869186 0.494559679088501 1
0.657368006298952 0.144855478437459 0.627736458046849 1
0.441750874207333 0.468966513672856 0.548101643399983 3
0.292094203543238 0.718172525242158 0.400212453719039 2
0.487808819049427 0.0262906739037099 0.456412593044167 1
0.341930424648793 0.711411441420895 0.449493632477527 2
0.539394039635065 0.525726993474915 0.568571537170996 3
0.470190000442101 0.922478904154109 1.01183835472647 4
0.547716346202574 0.540953773886376 0.474889632920871 3
0.280849374366393 0.715012621518875 0.467935704796856 2
0.290853071630693 0.461102552371636 0.50729955045705 5
0.499714816549168 0.500912629394165 0.552929212398706 3
0.319820310358913 0.722080326377522 0.496066616965851 2
0.46613530505748 0.568841577111844 0.505881763009715 3
0.554336437660141 0.574052803664415 0.467024789612318 3
0.433179327765939 0.841907024857319 1.01758773140495 4
0.254536351218029 0.547690847230535 0.532795109000673 5
0.54254353578136 0.101272066430757 0.426651955107955 1
0.459156567310362 0.841271836224233 0.91892656977903 4
0.238750038564843 0.663779396877863 0.49259562383382 2
0.262924254430055 0.689288073189857 0.491900221791592 2
0.503924519680712 0.00185351340418814 0.612657106481859 1
0.566105910051186 0.103251498259521 0.521054324039358 1
0.455351191648324 0.92215942068301 1.02113980610153 4
0.428504599693796 0.0762123484744123 0.568077620594685 1
0.260418490599336 0.653314803453049 0.478489707878993 2
0.595806351626678 0.053595365630015 0.524867844911901 1
0.281445477298791 0.749112180885754 0.492893072760721 2
0.367088407447256 0.960267118946163 0.876469436179094 4
0.362447133845286 0.688102568028795 0.463437174938353 2
0.521855272024991 0.516918445082723 0.520890376345243 3
0.590181396571935 0.0295257329367187 0.515005506536407 1
0.536065488976457 0.488180227252377 0.506883090013039 3
0.471896113193016 0.468132883191186 0.500452444670689 3
0.395830229876345 0.0573581203746168 0.464174284226427 1
0.3056455161573 0.703041299812236 0.554661222945925 2
0.519476689723105 0.155777832863886 0.440790194179458 1
0.397254095836099 0.835186068634605 1.01756846983845 4
0.298153167731424 0.727660891373019 0.534404193738134 2
0.267190200999962 0.694822658938742 0.535360432323016 2
0.269768243119304 0.524513258730497 0.478732672568789 5
0.460912568399292 0.0732933280811133 0.481549045026326 1
0.294159332328167 0.756652567929689 0.469249392959286 2
0.464561789826503 0.0592960455122337 0.417896141808912 1
0.320691073187089 0.752220355255157 0.472537491602398 2
0.227523406647731 0.724035810248077 0.443105510555248 2
0.536379635248882 -0.0255129221371798 0.450682368118746 1
0.39561584383559 0.87902449281499 0.961258039446997 4
0.546841504279833 0.468163501222067 0.498564003715848 3
0.29877333002521 0.652201983726365 0.48430830541233 2
0.341107660241466 0.514335141590407 0.408595068131339 5
0.46354120264443 -0.0283361342326912 0.416876004124486 1
0.454360139675561 0.0686249335307254 0.467235251400493 1
0.520035568781178 0.519658976471965 0.514866155579312 3
0.52637215507665 0.117420305170732 0.4961245114099 1
0.2898323020973 0.441029592567089 0.575569583403455 5
0.497019755500353 0.949941320088133 0.87544913779163 4
0.299326787245826 0.470624357277057 0.540661914194134 5
0.531314909428806 -0.0149842955638411 0.643436161650979 1
0.315729219095261 0.713528930791541 0.544131608896869 2
0.308528234464156 0.474806053088447 0.472579153669886 5
0.369412531705335 0.503162397193458 0.578320296669534 5
0.481018676373411 0.127651754618236 0.444991158878126 1
0.289810188168373 0.754951282254899 0.519465768250983 2
0.34181113757368 0.130603163450755 0.483711740649293 1
0.541175278786098 0.0920483522532524 0.46646832910859 1
0.361270802389947 0.540368337304693 0.483247874375307 5
0.53615512730558 0.495455993323663 0.476637575675851 3
0.219078955353107 0.711111838793561 0.502402881542436 2
0.343956552955532 -0.00899726623411964 0.654416850837913 1
0.44093071652349 0.882195360564169 1.09344616214435 4
0.283255780335126 0.515191602300468 0.478967025754842 5
0.624125815601073 0.128984357366491 0.509096618224297 1
0.397690611020178 0.537003219465851 0.491686292772952 3
0.289510914376296 0.510624623812156 0.495364349207253 5
0.294815172178386 0.506005422498626 0.46589474102006 5
0.304971982027323 0.701943101110714 0.459852686360643 2
0.523907174738882 0.52517450598781 0.565447032868907 3
0.497592473954095 0.508282940545527 0.565374983673969 3
0.391235151311387 0.130533344668615 0.512916177486563 1
0.518530220805055 0.552994880453965 0.510057999141791 3
0.505411374645311 0.431107279067501 0.504408778964835 3
0.316476803952285 0.696372963176948 0.503963000222998 2
0.319368994731368 0.647119397170143 0.484788704563506 2
0.296250571133601 0.73028119419084 0.504588600509948 2
0.553021416120743 0.961848017732499 0.798749654181045 4
0.343566398004594 0.680769808272393 0.500493625694922 2
0.462975956278544 -0.000494911456386471 0.51857490248374 1
0.315714965409514 0.745332568043804 0.546550649209753 2
0.355158969268218 0.445908031718335 0.46390625363929 5
0.618023896134239 0.917587871413363 0.900176492042978 4
0.532961363187986 0.906234311874375 0.848519342239324 4
0.308027305862617 0.474999302158172 0.490736223422632 5
0.263702868254457 0.540219601321871 0.495119175984848 5
0.506388854738357 0.0464074084113226 0.622750683108316 1
0.303187375168385 0.753244345250012 0.440773725174548 2
0.240093206810589 0.680138981729229 0.521299526959352 2
0.523914299225473 0.479238301804603 0.487065540579744 3
0.50474891267535 0.533567051479698 0.488722307306611 3
0.639187953638024 0.0565693546074761 0.470494704915606 1
0.34239107410203 0.708062005147625 0.501300097448106 2
0.281604606900933 0.551380922975929 0.493055435067392 5
0.376455735327779 0.941931181785255 1.07104425131 4
0.512627295415291 0.437256623233173 0.519760662251407 3
0.459254489313932 0.470031076252851 0.512593804510009 3
0.325942586825359 0.693929654264478 0.495551311535885 2
0.300771076540908 0.736444382952597 0.473724244042067 2
0.571530251415649 0.485144456695453 0.530342835739816 3
0.455844402418046 0.461724109218951 0.477337100582918 3
0.371895326057706 0.919342170870063 0.856694594629979 4
0.445362049748481 0.124523444084568 0.508460199188046 1
0.471018433856188 0.0870703396635514 0.461920058637904 1
0.289724657180833 0.731233837192202 0.538195988767509 2
0.283545869201791 0.511928787983636 0.482243350262978 5
0.285844339644625 0.491193680077962 0.478115215161119 5
0.558807926781352 0.474199283241992 0.4830862757753 3
0.486934599785759 0.418244538156658 0.472102307087419 3
0.430871790656786 0.0331791797715388 0.459527357312845 1
0.312492945617508 0.638635157008974 0.485485232620643 2
0.292714087665223 0.699087525887864 0.466344317452484 2
0.355035295088163 0.74485331280153 0.572061138666761 2
0.511660565473168 0.104644271273357 0.47579237671961 1
0.531555967685889 0.534434966746762 0.492474581381159 3
0.574527768966787 0.948561382787125 0.785824023987157 4
0.257893206787177 0.733823896581287 0.470015606338845 2
0.462104451210825 0.0977552393217625 0.60067382449122 1
0.601661682570386 0.18075989624993 0.522330247895566 1
0.425036184127723 0.545720514197454 0.531995202242617 3
0.317178734089993 0.698201560702359 0.492353310465214 2
0.24858873834998 0.72204647457621 0.471260884453581 2
0.517083174056251 0.924525422298025 0.957136004678942 4
0.520714616763082 0.484938802619483 0.479413262928538 3
0.268092059930083 0.644842607895009 0.471777300386438 2
0.419684381683194 0.159445177116807 0.46875929444732 1
