0.588263442840759 0.136685041632984 0.85354791394767 4
0.919227418456733 0.86496067086084 0.307356214021318 6
0.130570682066002 0.459540474311401 0.750338594447048 7
0.188882793683841 0.543157365766761 0.703466906559275 7
0.1412978175053 0.529342055369256 0.675051769559072 7
0.810515897032732 0.0483597862517854 0.690081095158401 8
0.585617503038955 0.109901411643046 0.795496985404434 4
0.869902174231288 1.00408366486005 0.41292677359206 6
0.304824373440608 0.271811975287756 0.299516267169261 5
0.284922516387292 0.324668441471769 0.405820140515704 5
0.773262979589097 0.0366396275236518 0.469585436832193 2
0.116095236233693 0.563596424715788 0.722819201786628 7
0.811752896722255 -0.0255281280564762 0.735078979207262 8
1.26028103701039 0.72196539972295 0.111085892910567 6
0.287845339531069 0.424088658931295 0.602896752929931 1
0.19534683084435 0.53588721634894 0.718943908541326 7
0.747774281150563 0.165423368431779 0.657215773403424 3
0.661923314133851 0.0175671215213487 0.475416332299738 2
0.308427706998515 0.265024380854408 0.270780502569964 5
0.858214321191485 0.995409684466859 0.124451238750504 6
0.835542540934422 1.01853880786173 0.488115106560246 6
0.755252760961934 0.213947019973653 0.61185889818171 3
0.160693515416361 0.520579576313059 0.695241910574834 7
0.587981719200415 0.0967497322520349 0.739920256295159 4
0.691089385517946 0.174937696725365 0.61013979471712 3
0.737786130090584 0.181627540237058 0.607521931641059 3
0.700806825282312 0.0671562193751733 0.505425565582099 2
0.986442574353448 0.970179460564008 0.371517561512796 6
0.724787411992885 0.210309214359662 0.592160640442443 3
1.04187816330296 0.925703099287564 0.185697555196422 6
0.971659649430643 0.722513620896122 0.227833990243343 6
0.195298809219061 0.530244758468194 0.740390624693108 7
0.254670829419493 0.522141073022082 0.537584753531625 9
0.780675496345843 0.977350541427031 0.631395159386843 6
1.14322551638509 0.962661706992846 0.220938088451627 6
0.668402017048104 0.214842619952818 0.850612417252726 4
0.269805337591304 0.496924236960573 0.534125182158729 9
0.167120270606161 0.492010696333836 0.705735448169582 7
0.725682263389768 0.176706267391052 0.652663994525957 3
0.214405173112965 0.500917081469289 0.495789676960419 9
1.0782620250541 0.987254942553225 0.188399309335502 6
0.751746643626285 0.207659000468024 0.618989793614167 3
0.774401050036741 0.122084654912665 0.648626183085057 3
1.07864041761017 0.946429519965085 0.315819678732014 6
0.267690808679369 0.508592871102991 0.519136063797848 9
0.721177551595198 0.207079645070676 0.623907550430321 3
0.603127399806812 0.17151053824646 0.98999949802076 4
0.539733273113045 0.224119462333874 0.900288069530137 4
0.305597073786689 0.419972873109875 0.631121508896275 1
0.745787476292477 0.218257459117876 0.658886383451575 3
0.699172745658003 0.176818560339346 0.787714142431869 4
0.283193864264585 0.335439287262914 0.601138533535896 1
1.00459980143912 0.922856230703005 0.274324140093782 6
0.273247169282544 0.319192645219237 0.346792929277539 5
0.287109015421111 0.500270798134472 0.496365204371554 9
0.348231870559099 0.256335861628843 0.389806403872543 5
0.648960611764059 0.144159737749611 0.810233948024752 4
0.765367789222226 0.175667821120319 0.627304405275856 3
0.709795026383941 0.139262555777524 0.602879929987445 3
0.31509370275578 0.407873552917355 0.515076019686842 1
0.300005386790875 0.527018682087769 0.548116370603258 9
0.695176517836898 0.126547060309123 0.635643654231236 3
0.149155994114154 0.446304772678847 0.810465404887681 7
0.606533625827101 0.0456565640255158 0.835955518153605 4
0.695107242548463 0.0109629325335432 0.551528882321226 2
0.70843990540417 0.165580809528436 0.615830296167966 3
0.131652023079383 0.557233805692421 0.703947864586683 7
0.301817119162784 0.374044268390343 0.601874217942307 1
0.896049481886801 1.02308027809364 0.707303879565067 6
0.690353618196217 0.0386727716034263 0.492634742649845 2
0.724079672221784 0.238688745473511 0.587687582912591 3
0.17537748930166 0.605618682838262 0.703836887343196 7
0.288158105351617 0.486301454320162 0.51780697290476 9
0.813677579740947 1.01446038201406 0.365523664378505 6
0.159880241861094 0.478332078973768 0.726200479588434 7
0.640928027130291 0.176194035920533 0.888633227383312 4
0.148532258972136 0.493934783636541 0.741672616999876 7
0.72580970563665 0.010052590947289 0.521632119306777 2
0.28786681961417 0.278694475270743 0.360136270876792 5
0.754309558179925 0.115744593497557 0.622448619910228 3
0.713459805606222 0.210460822974191 0.638496756565626 3
0.651658691743468 1.14454556841155 0.441021494376324 6
0.301590198341613 0.397998466583285 0.667513490104912 1
0.287419760218171 0.255007535209614 0.353416843039772 5
0.264054748626058 0.398856887990656 0.638912706014452 1
0.741857713547848 0.014227852627711 0.464428277804118 2
0.327326135383062 0.380936117073257 0.633057923638233 1
0.27159754552648 0.338559136739424 0.392066673676673 5
0.177097894662438 0.459020891793503 0.740616005238932 7
0.667142460149686 1.00044914104238 0.729772328283939 6
0.278870749823796 0.434192256131877 0.5107767061844 9
1.11790341607736 0.994235288341835 0.480828710105952 6
0.573928280670626 0.298967417510437 0.840941957052704 4
0.714792354095553 0.0310125792597497 0.493838483379788 2
0.289546336352345 0.372071477236322 0.633238412204815 1
0.738530370906119 0.0752747356496216 0.443680168563101 2
0.775837083188831 0.184350536208896 0.627211867701923 3
0.222492428559362 0.479665319184306 0.755370102990231 7
0.838187315111916 1.34454267277709 0.638854099261422 6
0.730453917859788 0.142126059238092 0.642685635243377 3
1.18300874471031 0.643384720965087 0.347874102034738 6
0.736469629851437 0.197585651383051 0.597410908296352 3
0.811393895072973 1.10665961552647 0.485080467153925 6
0.338147333379162 0.149424859937945 0.386079688711916 5
0.201811731107121 0.291056975711443 0.426912639411501 5
1.07870478739919 0.864220033669447 0.447092993528799 6
0.746855486187992 0.171043713446544 0.632418406060358 3
0.72174028524762 0.0404636388861058 0.488212839326167 2
0.12599722083595 0.50644853369097 0.771861173075025 7
0.748707130363009 0.21906755694148 0.615893756634175 3
0.162883679801069 0.523476457030822 0.711815037530865 7
0.889179249647049 0.852260893577808 0.305819011071651 6
0.857851351609153 1.01669385603437 0.205576488557301 6
0.745574987420443 0.190145315137911 0.602181467964153 3
0.632675089646023 0.18144150304299 0.908149178788288 4
0.268014827901384 0.26160085137753 0.248040371554775 5
0.709893708550612 0.120374655192026 0.606662888103845 3
0.689728104060705 0.0486382201040909 0.495071782676213 2
0.646257701569838 0.170605499405185 0.76534280102641 4
0.70162524239872 0.198289356987401 0.739218824521781 4
0.180199297338048 0.479575564084634 0.713038792990924 7
0.277619147614477 0.426667451300484 0.63873299794327 1
0.709818734348364 0.00824128226098019 0.456145015499045 2
0.221104030884621 0.221260097559377 0.443605624707696 5
0.693184219444154 0.0804352602760904 0.473828797313037 2
0.685426697709937 0.0377579822156793 0.498596441018141 2
0.255558768976725 0.405062332029764 0.625065734385246 1
0.650821594452673 0.219576094835328 0.913462540866146 4
0.731295967858024 0.0265809572479117 0.524009194251921 2
0.307135686177208 0.362501703176985 0.587556735626071 1
0.266576648258611 0.22607323742243 0.407339597514244 5
0.629952234206715 0.214786734027816 0.834482607714122 4
0.242420404970192 0.266706249282561 0.366508922343285 5
0.289497186848343 0.443349820390584 0.527720071935227 9
0.237951525417765 0.390320090184469 0.604311386733949 1
0.687965441086238 0.0249504167030308 0.535565669168215 2
0.684214785598459 0.0409336434553856 0.50261901469112 2
0.817327144799206 0.888372655071324 0.640947993304038 6
0.131803284875685 0.459987257450167 0.693172895813164 7
0.743566033144373 0.232181159442301 0.611847251911118 3
0.553791519605581 0.190109403614005 0.836841035391135 4
0.731826100136911 0.0291985631020478 0.540442448734788 2
0.720317815225677 0.163738249801603 0.609736569658815 3
0.698631774417452 0.155365129417063 0.632520172825089 3
0.829739561449924 0.0509295553998795 0.720623801998265 8
0.27857449273785 0.283852685891782 0.373051271485851 5
1.10584166592547 0.845740436175623 0.478217502850792 6
0.781246890864095 0.131242507252 0.654064575762383 3
0.706947493843769 0.183889483816727 0.619474668121902 3
0.173249287075572 0.474680173645593 0.713764921845286 7
0.733534368487348 0.0771144650663145 0.503886480933393 2
0.352528897284041 0.522202282897319 0.492841346506182 9
0.287882998606628 0.524175916991009 0.490349292676458 9
0.312359174984761 0.31243856855015 0.371519606681834 5
0.232081415606924 0.492080266997108 0.543430261238179 9
0.793918790411271 0.0942917885273325 0.735038598056988 8
0.736358237957946 0.103694424778221 0.651855674119898 3
0.266813720619423 0.445378780589533 0.46840063648551 9
0.759035611334053 0.0248345089849643 0.477146692093696 2
0.302526496017658 0.43532231237433 0.647059562917924 1
0.184129275603681 0.506838738260548 0.69889748646067 7
0.572811309834571 0.205052611229043 0.846897686320505 4
0.308677173401614 0.418048872484301 0.573824264250066 1
0.705048222492143 0.221076850591905 0.825081669392482 4
0.207959787434071 0.476099126192614 0.75699070019291 7
0.258153277009998 0.487525930001359 0.536192453633983 9
0.250176189451327 0.369323189558477 0.62447270862839 1
0.0764163658816532 0.479842198993529 0.745431142397619 7
0.69468230742177 0.166584682740365 0.614948024010515 3
0.741488465419945 0.193424682759656 0.605538941783529 3
0.316168269236167 0.428874081422811 0.606219708520024 1
0.231073179717468 0.455057045128941 0.516233372613628 9
0.615506801410117 0.163960406997525 0.84429249059245 4
0.684296100366237 0.190353449032086 0.561515788143233 3
0.717982520567112 0.176130469162944 0.641661029367195 3
0.732357740048881 0.137560912229608 0.608306542946346 3
0.864744115264465 1.12880149484524 0.258828688691342 6
0.681841919241432 0.072325004588064 0.522314102499809 2
0.575523546829865 0.146692812464554 0.832039329834847 4
0.298826102638557 0.347452972361659 0.608566607083556 1
0.595213273612501 0.216575542639889 0.902936336561913 4
0.225953215945246 0.274743992524027 0.448335991096632 5
0.559568529596645 0.144416906279086 0.798539562278529 4
0.774169380525636 0.0303846495304012 0.676822352945497 8
0.245289422301059 0.549827054175355 0.704843770213821 7
1.11946983636777 1.03758579959456 0.465048106499817 6
0.701743669178915 0.0496879244755614 0.509321731470688 2
0.928935407739269 1.08980887791785 0.232465918566648 6
0.564960483685422 0.23251745339536 0.840368353906188 4
0.861100769612195 1.0352938505965 0.243396258845276 6
0.784381592088904 0.901386653146496 0.378018235902867 6
0.752992121173305 0.16155582583525 0.622984142818227 3
0.934412674100017 0.929607208530293 0.365673355827928 6
0.728650145393812 0.0830166388999096 0.540824093537993 2
0.713620117490378 0.0518867637179425 0.500591698164401 2
0.270016693200719 0.342902192504028 0.423186951320669 5
0.961302070081487 0.852470585474731 0.509438159947423 6
0.261960424378226 0.519118672958236 0.492121788320014 9
0.205044620442126 0.535293004709977 0.729799834556702 7
0.950840204504378 0.829311517634691 0.546723988630201 6
0.679813206982618 0.16950179255011 0.608769315998293 3
0.733016502348906 0.164065436697319 0.623027110923996 3
0.797801822826687 0.0596459085240845 0.640222226480657 8
