0.05956692218845 0.102500330030387 0.615291156563972 3
0.523806150248601 0.202940541315103 0.285363868353811 1
0.197381638134879 0.599742001039305 0.250987006304563 7
0.164316438821364 0.135830177403431 0.569009432221054 3
0.141757410236108 0.0839594954918084 0.426826493302166 3
0.578071824073912 0.58746975630607 0.608863620313405 5
0.508671323072977 0.06205757195072 0.288924279373042 1
0.187675101854933 0.55124387600321 0.254012126277743 7
0.458438078761858 0.21851536597881 0.294122075724594 1
0.176692110219482 0.903750318040946 0.485958099192002 2
0.222374242791325 0.975642803115915 0.2835464602524 8
0.671803124352866 0.649801970601637 0.686004671142457 5
0.918827174690187 0.248654025427644 0.872452861188916 9
0.0786794301064441 0.177981740785352 0.549282873202492 3
0.269580147515911 0.953689952342598 0.219983913269322 8
0.154448366829892 0.610053083093354 0.283425974843639 7
0.152785084552555 0.17763160711906 0.640843149096378 3
0.477797203775878 0.301767382000812 1.00897765595603 4
0.615278891170005 0.476718731210417 0.329310041945195 6
0.593904088144254 0.621876525880281 0.600413412137639 5
0.933800742088907 0.244646466217626 0.809785297631394 9
0.361949260516296 0.196782592268817 0.370949834939049 1
0.155455924618846 0.228539169181683 0.536070603996475 3
0.463423478726894 0.162928285663601 0.240335911876544 1
0.11200107627094 0.800739199893665 0.495774796786474 2
0.260638316989902 0.922355745265801 0.302218120033204 8
0.0736451931106331 0.157969355687407 0.619728131337103 3
0.47295738367048 0.147434488875899 0.253862785810292 1
0.214146202189434 0.128117212181513 0.49272777203864 3
0.978850280855655 0.338090844432411 0.818782004641772 9
0.673975189476821 0.569192266094726 0.567581834482916 5
0.176834224597675 0.21367058217646 0.560096228121696 3
0.218678260776794 0.494755042962363 0.372081080862433 7
0.216029155031364 0.861126621999925 0.427555288621522 2
0.25951584698581 0.918133403498029 0.29339012993129 8
0.557641159043628 0.439298543527441 0.309235783598416 6
0.150101020871988 0.857238658977647 0.526699784067599 2
0.583597498027303 0.616637632528006 0.534850168217757 5
0.288673619690202 0.924623965525914 0.329619433939828 8
0.187750510130454 0.938163258576924 0.275656434230694 8
1.08879419454418 0.185593042322863 0.864497346381734 9
0.541576806236381 0.362488772661021 0.338095963555235 1
0.0208937443070836 0.603334840330737 0.31166817768748 7
0.273840052713103 0.970640683301105 0.28662538055915 8
0.471995577328632 0.150538559897632 0.244072364056997 1
0.303694759267131 0.895628520714245 0.346328533282381 8
0.288588450680039 0.889168260620648 0.315122421099431 8
0.265361155849337 0.999995595116662 0.314394584919152 8
0.19322807029309 0.624173001102475 0.312189939546744 7
0.245767084152456 0.870967486465012 0.232405338472552 8
0.374563791605125 0.207799069039772 0.36369092667193 1
0.568609916920146 0.652365626537384 0.569273931495185 5
0.0930073580258524 0.802546769985545 0.492717078005029 2
0.173338165521852 0.166394535419777 0.604429489982481 3
0.111972504117333 0.614884855360661 0.291683762426779 7
0.402412250092536 0.11559521945284 0.252546271253783 1
0.243983345699817 0.954561191523609 0.295411222077237 8
0.655482378717442 0.518747235265493 0.389620090068871 6
0.156059207296652 0.675895300516101 0.247896825793643 7
0.322755370625362 0.951154570387419 0.330397632007947 8
0.571370726247805 0.562060243256919 0.350996659620555 6
0.60743749745355 0.494672602121486 0.399409072358596 6
0.562358313967112 0.54886179003785 0.583744936327832 5
0.473343844329652 0.193614850439021 0.335027618834425 1
0.626478820728841 0.560386171710349 0.599949795617399 5
0.119079336344492 0.162418139185483 0.583944357830461 3
0.177022703488962 0.805454310770097 0.49302117343087 2
0.222211891364774 0.902328853502784 0.186305328676796 8
0.535147961289135 0.195771525433945 0.303130835496945 1
0.204823340037953 0.675695469153288 0.318592691927022 7
0.814750505822634 0.404459630664504 0.900632643436793 9
0.582201753118122 0.642070428650452 0.562523819611711 5
0.320908591682301 0.961722173415091 0.262399087591498 8
0.120460436054936 0.797482292375573 0.466280997849769 2
0.45519088829582 0.162472646226788 0.290566160818142 1
0.245588986511644 0.840893934237262 0.307638447749701 8
0.658810445897204 0.502660968376965 0.414637554001587 6
0.914552650138524 0.377068285054906 0.666426640292967 9
0.120009338856692 0.631378173095037 0.352286233973188 7
0.23707890529087 0.0534400534196632 0.386384222196775 3
0.583681328632453 0.509086494972106 0.386028049851316 6
0.450960950502898 0.180271220165243 0.845359868390215 4
0.594083199934455 0.573635685072778 0.57668382506055 5
0.867722577964487 0.26516040177529 0.762995141354609 9
0.240885280715827 0.560268218053799 0.194490667227405 7
0.150722653402534 0.66228743150297 0.323687707956046 7
0.655848337273527 0.454236071345345 0.363945056277017 6
0.171260286490823 0.603628749970645 0.306735301124598 7
0.314584109329945 0.951143152595361 0.29472999920553 8
0.912048078938161 0.402715504656497 0.89418214920277 9
0.570690226574295 0.153985591078822 0.281960623466711 1
0.114835654335068 0.861535334352329 0.435380383453848 2
0.623961908243529 0.496929450320588 0.330523497804789 6
0.593182003229048 0.456194194134406 0.416080006928488 6
0.505015452398288 0.295236985493151 0.967456479970886 4
0.288478814586556 0.967868736443229 0.342406445278874 8
0.262571424519543 0.942022935491779 0.277031438975203 8
0.541788802436288 0.197196899433835 0.197654962741197 1
0.16682011318646 0.82110523109476 0.497439702705954 2
0.177646408663303 0.815632931345856 0.466608275124554 2
0.195893524119321 0.913579202804313 0.460495520841764 2
0.397098586661515 0.286647742401973 0.888218523498254 4
0.527866653678338 0.170354416556096 0.393580128825776 1
0.874531625381113 0.215068235512191 0.71379069819602 9
0.288901665087126 0.144556668854304 0.522642223698898 3
0.174797857554216 0.956039808545087 0.544521405137384 2
0.660201607014576 0.527393027187387 0.414397673249443 6
0.597279283404695 0.589244380619182 0.565201021225682 5
0.143448556371476 0.89052183350071 0.500814772861486 2
0.881505326597794 0.348009396012144 0.778698937887871 9
0.466545714932759 0.179292307540637 0.196641879307499 1
0.612667869453584 0.566787469718557 0.441780677644852 6
0.962116431337862 0.268121829450614 0.834666073032743 9
0.135254080225314 0.864417729964038 0.505900288527581 2
0.362911815987234 0.140618126584982 0.409861139118595 1
0.0985897740141806 0.10663604442131 0.533810553461999 3
0.0671711519740071 0.162540264149068 0.508659254595269 3
0.79136937847381 0.3259497933121 0.827234274922426 9
0.241581467731593 0.789524622422927 0.510645682713242 2
0.579098704133089 0.657252389125236 0.56723670002161 5
0.228693369047311 0.901444434324931 0.310171164653557 8
0.14398640143416 0.797021713884552 0.513981245558326 2
0.653934385103881 0.47518859131517 0.388307846292544 6
0.135862083026015 0.798687670578882 0.40910260845773 2
0.471482787017765 0.352153003128195 0.896116820268989 4
0.471834197170487 0.158837702771285 0.306912348892376 1
0.647918555252921 0.528785840765449 0.418982436000031 6
0.886399558129793 0.283428312905116 0.591898458263132 9
0.0995359495694874 0.609219316192734 0.255525896405666 7
0.2551024930288 0.954718387919357 0.233470472419049 8
0.261405465124259 0.891278165652475 0.319460597764585 8
0.210285761173111 0.150049223088275 0.39602348876248 3
0.243833653516197 0.916002234080052 0.303910087109192 8
0.194865346206075 0.868806412256804 0.416519219206269 2
0.559079965148654 0.557518859653963 0.363560222705289 6
0.63029786677261 0.629873577404441 0.512872307925999 6
0.508220106607402 0.0879541811169723 0.325416164543544 1
0.906507604632209 0.281168513871024 0.663892466407606 9
0.455510673851802 0.140765059300329 0.287937918145475 1
0.616371140513114 0.657911573604216 0.601328247008308 5
0.244858132982894 0.158514656920178 0.513637739325924 3
0.229975074338573 0.120533803167287 0.531720353208378 3
0.425212466766932 0.221705255596783 0.177040108103536 1
0.255050608612569 0.97428065073991 0.26116364889539 8
0.391788001494968 0.933323603343699 0.321947091900121 8
0.219485392243055 0.791548772155335 0.534961830013616 2
0.288258421176105 0.930292687494855 0.309483226880517 8
0.078197080698285 0.643345372369735 0.282591105445626 7
0.209008788926572 0.0880323781698795 0.522059865970322 3
0.85728086122572 0.335336230959323 0.798598817697044 9
0.113371427801801 0.930018767375383 0.409831311901571 2
0.300926233422132 0.93168368603654 0.264805741376694 8
0.570785890022529 0.538129692738335 0.438264417442354 6
0.202006392871918 0.631195601768653 0.211966345763539 7
0.683474642431269 0.602052057421769 0.614750304866932 5
0.134182443072625 0.0627172305006621 0.506836879851089 3
0.615319879000928 0.417558170263493 0.370057202356631 6
0.577852769607565 0.576653443275899 0.637878938685077 5
0.608358610353039 0.171142325140429 0.96488025654637 4
0.150811190499226 0.574526519246362 0.323365747346791 7
0.965597012073366 0.325454518617172 0.851815501829377 9
0.631683960394176 0.579565410000423 0.598101711470563 5
0.172201249267342 0.729991982637659 0.510690676457316 2
0.200856653453374 0.639355679338455 0.230261239635206 7
0.230948757224851 0.681733686383638 0.255857540364675 7
0.376776416552416 0.819192092319271 0.271489240162464 8
0.422225239995669 0.329995987425716 0.871950683789523 4
0.115488698578633 0.840543077717783 0.455617412671287 2
0.25116798746054 0.912791193082243 0.301977890877941 8
0.118195148734976 0.840859378411399 0.469169095781312 2
0.65253295504761 0.609114623499509 0.59417710388082 5
0.241735010079262 0.895892357193167 0.212678806176052 8
0.365157827469715 0.942192797777679 0.255702694972457 8
0.135220042772759 0.13038647798396 0.601716814120644 3
0.198763594034441 0.702141047720714 0.243247808352413 7
0.724888037214038 0.503695076129743 0.466418189668184 6
0.503624333412934 0.230142625268039 0.331545217260058 1
0.543312933003559 0.292484035497302 0.949832227549913 4
0.245017010889416 1.00707431400539 0.278474337354854 8
0.651696320210975 0.555418271281792 0.616254180742381 5
0.146410997854189 0.0247863130021096 0.441792765217598 3
0.595601227612269 0.619713999923959 0.607890423105551 5
0.260270497831172 0.787652112514012 0.361784218889951 7
0.156579197277777 0.214876758373463 0.596912065578535 3
0.947229594106798 0.283871721204645 0.651383305946185 9
0.449008467622295 0.266230558371038 0.937395389359396 4
0.577233450447064 0.186464398498717 0.28317352567375 1
0.181352945319579 0.590870229777864 0.305917869804486 7
0.394743355759604 0.955160918517393 0.283605958813207 8
0.130915544832891 0.786252572477935 0.602435149139219 2
0.593838863203629 0.476959435874138 0.389541130618138 6
0.193421963814095 0.687980868813326 0.295337785970476 7
0.595965440005132 0.231405304238179 0.329206633798009 1
0.362116015416857 0.907708763997627 0.299444184064112 8
0.146059033345757 0.667331639892435 0.246115078964072 7
0.187559149484464 0.864508378920782 0.56560322839628 2
0.258458029957875 0.587738117542604 0.326468316577729 7
0.903565314932089 0.386274055534994 0.871750055417983 9
0.525952622604847 0.167831094226249 0.301385323765576 1
0.24633894732615 0.718699224733562 0.271361591781876 7
0.244622298240332 0.108671770906402 0.600440276952974 3
0.521904803823714 0.211112605072316 0.278785586235364 1
0.598200445043028 0.548376077232256 0.64886310124538 5
0.605063655869346 0.66188453981411 0.597768287013789 5
0.45882569655264 0.0928303146153966 0.302904088090936 1
0.946580322171707 0.265023442493274 0.920803685259954 9
0.603521078444287 0.494336007188728 0.369828668130892 6
0.57714524352829 0.202791620751602 0.136046842220586 1
0.622571609546974 0.610880010914007 0.621449337102315 5
0.52984658610568 0.635095083252112 0.643363141664018 5
0.247191302798579 0.782819503693912 0.46817619444645 2
0.198606604014583 0.575139694685176 0.231895623124108 7
0.637794950459852 0.512248549362248 0.399174022342962 6
0.835373559995994 0.357005071486499 0.804211479520332 9
0.288524096690277 0.26460707718567 0.555296169067338 3
0.67608616563175 0.387009903640764 0.281235434250197 6
0.597645981512099 0.464913644156891 0.35717028141213 6
0.283940998501134 0.970903592595486 0.275096540286712 8
0.170232358545056 0.194932263914288 0.477640506519197 3
0.180249838034179 0.572316623053944 0.210424129590568 7
0.663808426154067 0.586668278125711 0.600543957374811 5
0.13500138774035 0.725550737844342 0.511699096195539 2
0.287387599076983 0.902436675724355 0.268158353050547 8
0.19297536811726 0.811950598963947 0.508162379362057 2
0.917048423567562 0.282092956478606 0.867344178505756 9
0.247781268126685 0.720962234330323 0.349549304281375 7
0.570611473102643 0.29414080842516 0.93354533241707 4
0.407895038060351 0.22468031464815 0.859534563204711 4
0.146208969202123 0.834959084527104 0.421991756295016 2
0.139893101347466 0.689511344633323 0.321242183235006 7
0.229428389618293 0.14711274360683 0.466556536821794 3
0.633242671866195 0.526981348504419 0.430432350985607 6
0.438409405059562 0.129545157658383 0.232617270675554 1
0.358910275585157 0.981884068849199 0.277392304648154 8
0.597921989103617 0.551343844561278 0.671391219696356 5
0.26700070013547 0.683807025548196 0.292685112457745 7
0.560913228826293 0.258055908411422 0.935331076699453 4
0.825470065273136 0.359747005467153 0.89558484822739 9
0.597577652733075 0.494512051886491 0.389162279575336 6
0.20825589648373 0.835749188128152 0.548486037626353 2
0.261765859074401 0.661671594592306 0.185075845933946 7
0.134009899592942 0.84247018427938 0.48893848028453 2
0.586819510457303 0.6451281085505 0.621224582552413 5
0.170404830249695 0.875368987508531 0.583468781124085 2
0.0954862371589207 0.872627132491565 0.495635297452995 2
0.553363473426733 0.0996352144221153 0.317601585176586 1
0.969349523613557 0.248440878665189 0.964008394026019 9
0.574460282760073 0.373613361222926 0.813438119812115 4
0.613515526320618 0.487436195025351 0.59318077523692 5
0.990885306024166 0.222461444512525 0.892978236033844 9
0.258591542300357 0.838526450128732 0.480483210084915 2
0.127408244536514 0.538007514011403 0.27728365303431 7
0.60212300199211 0.470136197952326 0.410724614716079 6
1.19957444677894 0.264233463206148 0.884766427129327 9
1.01996331997458 0.156845647151684 0.766070397279033 9
0.182664898373235 0.194107914936296 0.562402656228589 3
0.139547508725922 0.649977480093793 0.235022206405887 7
0.593428003494482 0.484734949065365 0.276237578286158 6
0.366539996415576 0.276099554922851 0.249034131147694 1
0.632033988771766 0.209337001228985 0.312168358451869 1
0.336840299811625 0.904994782971594 0.301743474361113 8
0.476572646045074 0.169219714621501 0.230859893019065 1
0.185666937288166 0.821155659288824 0.545647368010819 2
0.626015863417252 0.675240381965957 0.60590222457925 5
0.616684090014156 0.486146498314285 0.412836324231639 6
0.0773491824168018 0.542422452843343 0.326412917648618 7
0.876080456651018 0.281653690040226 0.64911398179824 9
0.188278031752123 0.830100588541904 0.535658503994221 2
0.449556513004613 0.212748797179069 0.363348797903173 1
0.111640708079984 0.557053151744076 0.252362088037071 7
0.602537072254458 0.273068177757626 0.258416576024203 1
0.38874984292865 0.172486939640471 0.319524383517017 1
0.166508644980578 0.804806158996343 0.474483265837893 2
0.200007858847762 0.0287776867257217 0.419029309130253 3
0.464995686361385 0.278482973619276 0.958312774149013 4
