0.574507037935099 0.949030144208412 0.719882955220065 7
0.531571547306728 0.474774495942392 0.0993470265584273 5
0.354129621473123 0.916908077241976 0.629793958246504 8
-0.0411279046434745 0.753761330065315 0.341292452164505 4
0.931112699749162 0.75811244406601 0.879385805809622 2
0.0360274247609756 0.473466520474323 0.933473372086343 9
0.346032852051032 0.617964436935663 0.320948529915785 4
0.044616929194614 0.656970128000251 0.231609567636402 4
0.123033776947578 0.843514636108093 0.208482081832524 4
-0.0149871782710831 0.713190209665774 0.288871802849416 4
0.562664775303586 0.978649671952896 0.711901594906391 7
0.0984670422032695 0.48600587882965 0.921209441152069 9
0.586334308577067 0.814320724939422 0.715701546391496 7
0.11276340668369 0.966429128194797 0.298714991401659 4
0.33281088209153 0.331382000737032 0.907892301687914 9
0.676867305774501 0.713669829196238 0.585615307008283 3
0.544627357237653 0.603917453913327 0.0425929127728886 5
0.0286875930559509 0.802167185463814 0.143734063409392 4
0.607932377884057 0.645972635128583 -0.0051749213932596 5
0.953753067750754 0.701373465595956 1.00487220068705 2
0.3462518102631 0.466769647824897 6.06436547803402e-05 5
0.373042337432579 0.941941296681082 0.637419937328249 8
0.606412976294969 0.925818343655765 0.659684629094366 7
0.0815870045438301 0.718288010502823 0.434078474417895 4
0.6392505778652 0.916990115347547 0.706472191879051 7
0.414221260832243 0.423876356262908 0.163255171576063 5
0.373931306471081 0.49325790152065 -0.00667878363272293 5
0.523255998773986 0.80987131124235 0.519962041436543 6
0.948317954761162 0.763455211088624 0.947684230049217 2
0.139911037022945 0.781917269599614 0.389440255934386 4
0.668727510231252 0.792290907838015 0.704435804786557 3
0.0589546723548283 0.460957794505133 0.656606373390613 9
0.690181007948609 0.701660526150351 0.705736627161142 3
0.00989857204388134 0.839416716472773 0.220589492696467 4
1.01347557760275 0.838015252270623 1.03107624285921 2
0.652188842514355 0.975855647997863 0.727874976449227 7
-0.0169471133099785 0.663727742608761 1.06924611663623 9
0.617808589888416 0.969999262635684 0.772628890627755 7
0.773311293136612 0.740561992123507 0.62295999237962 3
0.126519565323449 0.795679090865476 0.356764819309182 4
0.521586066142298 0.761830183995035 0.519243250402264 6
1.03615589593826 0.738426529531085 0.937944606147404 2
0.881999567004402 0.660358815350935 0.939419213582516 2
0.773857713159861 0.617068233206355 0.907145621751158 2
0.728502191293712 0.894604857059593 0.652025688292701 3
0.0553688061678458 0.684387447633622 0.279167743845835 4
0.473018799734862 0.822981194054203 0.485251918854934 6
0.126946081385495 0.173378377418252 1.0588238152892 9
0.535182949058162 0.8688664956262 0.482433625782087 6
0.0619107039119614 0.61428009047521 0.434138776552319 4
0.807134637066067 0.0985451389691781 0.435545233390683 1
0.736626548228041 0.647320708768488 0.65996728084402 3
0.934168347747355 0.787741519404253 1.08680734162719 2
0.40846110798963 0.995534198795067 0.690509428115869 8
0.376106518303744 0.20940631085559 0.749056298621472 9
0.106427514962074 0.700563050137981 0.441181324543309 4
0.449565568741201 0.757886764657304 0.522302915289587 6
0.58221746248025 0.955868796552539 0.744357920982337 7
0.438124611238093 0.550707432975852 0.0725563449466395 5
0.101394760664429 0.298826466124748 1.04415313010624 9
0.73223683482263 0.0529822061040143 0.667454090349405 1
0.78222899131202 0.696119476454313 0.6715679317524 3
-0.0963972754383765 0.706558144960154 0.400118364744282 4
0.181600183816139 0.689856280289605 0.251315084905211 4
0.569502295254556 0.1781066608902 0.547839163079885 1
0.345549115730602 0.484839713787142 0.140582091222365 5
0.946414010552832 0.649141834702701 1.00418916625888 2
0.579843132326885 0.914632309977243 0.760344763454961 7
0.585423242149562 0.929733699743985 0.8242883710006 7
0.302720311826393 0.922030059830113 0.601436053803357 8
0.590340119593121 0.398391182419002 0.0274915767049466 5
-0.159557252393055 0.530669150602323 0.546514914270279 9
1.00872118262427 0.717991873751163 0.867933609455327 2
0.791470018645144 0.766040219567413 0.613952876224908 3
0.0554922324139519 0.305806457073217 0.81703027115961 9
0.888056883467725 0.832159413221786 0.890603497626709 2
0.171605306163899 0.6228298099106 0.29506451610891 4
0.5469046757576 0.717915328294877 0.481025860128808 6
-0.00317298703292813 0.723127697405733 0.0373732074255471 4
0.898493584498307 0.652391252377125 0.9816345978053 2
0.127898971124973 0.624030962173839 0.381736954354938 4
0.634152958876262 1.01986799542326 0.744096467707177 7
0.880472277150913 0.673221967028565 0.992153052442565 2
0.323231880597486 0.533532949756828 0.0999586859212187 5
0.102636456167026 0.810669483292189 0.449894920191784 4
0.0631747251308671 0.705469287322793 0.333836652669706 4
0.654251233036955 0.94231123869903 0.750253894162905 7
0.629925280797396 0.429475915041069 0.0172511373059449 5
0.0319882333122247 0.87900694399438 0.330942626624989 4
0.485754420765936 0.800641396425476 0.55456353087587 6
-0.0414269329352133 0.774371388931479 0.248341570158084 4
0.0597573126169126 0.939549635726834 0.202277524099401 4
0.627939288145612 0.950386356244771 0.759670935009753 7
0.757997762646679 0.0514044244159071 0.55680054798302 1
0.645292534938343 0.63448750054373 0.659645299575612 3
0.577876570099841 0.764962797029234 0.450708442690786 6
0.501978517371394 0.823341642160868 0.489763918989192 6
0.970044961317327 0.730708199936782 0.887849510964951 2
0.0182277480377332 0.768041133491758 0.196904010449246 4
0.960600121162601 0.68701165361683 0.959133592864648 2
0.852118241941582 0.65342736358351 0.859644490164559 2
0.750108278979125 0.747245685557702 0.599026303601151 3
1.00437389350679 0.759178064307829 0.838449578262414 2
0.641763971381923 0.963061475462199 0.772109769371878 7
0.0576203490927868 0.437265166616664 1.01176411414167 9
0.0171599729087291 0.740036908757255 0.338422807298253 4
0.547036287052543 0.823460650233471 0.491347887952428 6
0.714169725831804 0.775042574989419 0.649980901778178 3
0.932392328689654 0.659900840574801 0.901101234131104 2
0.608032490579656 0.945863131549866 0.689131390063434 7
0.43863919620215 0.965310013672182 0.660194500421738 8
0.214634033711675 0.688017930788648 0.263821595546583 4
0.192703451318436 0.325891776249819 0.960525695388338 9
0.682327708148412 0.783324181133408 0.544169196074879 3
0.82207324645111 0.684399752602925 0.955757910579623 2
0.93858235022934 0.636741549066399 1.00233727442017 2
0.509442909584146 0.86793444614418 0.590147135572862 6
0.599607452979528 0.87137245808892 0.681691844488119 7
0.114779309230368 0.607763257570458 0.481901205121788 4
0.589406535149207 0.993438674468749 0.715741259960364 7
0.520737627638606 0.814048736314985 0.470778359009834 6
0.719246887476495 0.698314508654988 0.643646578165624 3
1.02528394692891 0.775232233263328 0.868748766718176 2
0.903314045427117 0.751333026858444 0.92618502255586 2
0.655741952197795 1.02680834301231 0.720652920509562 7
-0.00469498681217273 0.892013837505369 0.118064655855849 4
-0.0157696431879369 0.791449192046586 0.29080545366044 4
0.360798508277054 0.623255497916226 -0.0838194373099796 5
0.0885977519105036 0.46558072226662 1.14852307775653 9
-0.0489358393537189 0.792177142518377 0.232705732914016 4
0.640594713213891 1.01193854862024 0.743136353430905 7
0.0880672770480602 0.765651973663793 0.547679626145972 4
0.638540381750196 0.762317341315924 0.662559400648421 3
0.28636471308341 0.397664019025965 0.854824619914543 9
0.148770726422989 0.0849092365220576 0.669895971204388 9
0.146587406184392 0.65410334827685 0.366061453489697 4
0.538434367261594 0.0188282139853503 0.598497768393339 1
0.863542610512265 0.801381564699012 0.869661541646476 2
0.246591388448844 0.348371838873973 1.05988515299626 9
-0.218791813649005 0.684400144014934 0.189503153046973 4
0.474372229445994 0.475574680641278 0.118120410928905 5
0.994069986831917 0.813612243354237 1.09187730102291 2
0.710261993175681 0.849365059571434 0.652311673885157 3
0.632185928253302 0.999042295659977 0.727811939718027 7
0.444064168602105 0.835985477711926 0.484679273700573 6
0.939032934150496 0.836157831374841 0.946534256988099 2
0.814999233883447 0.760576575204297 1.00921477012214 2
0.610225403239983 0.949136071036493 0.804967900179669 7
-0.0942901497159628 0.493658238324863 0.991284838295833 9
-0.0260592943066248 0.330684331181733 1.0263907920525 9
0.258336041274265 0.632679141203092 0.321555197908838 4
0.88788761928684 0.613450479930106 0.927197832769471 2
0.0974283646977183 0.310835876305032 0.967917205349146 9
0.593213700297823 1.00629786958048 0.768127837499077 7
0.022652565789972 0.429982365795128 0.787193447475051 9
0.0229441167745689 0.775303552516254 0.276769928125628 4
0.24509909865801 0.519143337992804 0.692082483434939 9
0.554245020700068 0.856617367955273 0.488069432689553 6
0.653205932334872 0.686409154764375 0.632752616878806 3
0.548110669048314 0.900041862471212 0.509231588992811 6
0.554331121310192 0.931757183764392 0.773052577036978 7
0.64228883069544 0.560695046681185 0.134614655279581 5
0.807489736074632 0.177412315724505 0.546788063312126 1
0.614259644575235 0.987858740071339 0.730912423803904 7
0.364526416542943 0.909450459319418 0.618063961907227 8
0.59972582319714 1.00340849573412 0.63442219047977 7
0.458607140391601 0.920492202001438 0.568724984097975 8
0.711272357570997 0.0228567014290289 0.473789228427057 1
0.649154965287241 0.83973505185539 0.765522308120714 7
0.583325589437542 0.566434767570493 -0.136388094079807 5
0.914417571978729 0.765044699999531 1.04454254088434 2
0.678593160766329 0.645406900296538 0.594746737939018 3
0.690350275409132 0.766830547783393 0.596415673114454 3
0.457468381123481 0.850533393742658 0.500785113062548 6
0.578058121513087 0.892218309230444 0.737472587560302 7
0.72813388452049 0.853109771074923 0.646108264000923 3
0.531487370515911 0.996819146307623 0.656491769785125 7
0.884603933989873 0.663355372985909 1.02005587233195 2
0.459692464913415 0.810516580005131 0.560627013541669 6
0.553589492931723 0.941303979350559 0.674531181622173 7
0.649547905004601 0.878223356294751 0.840628224648341 7
0.852344930145491 0.741307609820537 1.03231502494236 2
0.0964338606454009 0.594379011863601 0.952717697162739 9
0.358294348637402 0.940004031789634 0.689532004992919 8
0.377278304806355 0.51405921569123 -0.0166961525243059 5
0.14083497219483 0.832587827897677 0.406930922565156 4
0.225323384541089 0.587340577350951 0.440406393331379 4
0.14398244347187 0.523902001301361 0.238982722103508 4
0.676317421981495 0.785451178870467 0.548361209015486 3
0.860832101622973 0.767523249255021 0.860854677632274 2
-0.0216464375433128 0.571701575473198 0.917337889925756 9
0.93808883057339 0.715391700353194 1.0341243031694 2
-0.0398824046654639 0.925233327619705 0.275515460617054 4
0.175404048106931 0.40291927258141 0.895342459562864 9
0.620508753855029 0.977938564647073 0.699609578595169 7
0.482625039926701 0.887198209419626 0.47071193650883 6
0.498696440937384 0.949818684527947 0.729505834723396 7
0.626101007113454 0.949252026638863 0.728165091052511 7
0.441238323221819 0.0072685816576363 0.469460950741903 1
0.646517701402737 0.963760375100665 0.723254271495518 7
0.5581403324807 0.104648609969552 0.574579849125149 1
0.124128588624638 0.667182237871633 0.262706355513446 4
0.00125929682442137 0.614744392166955 0.19763402693145 4
0.0769895440954146 0.76114968165462 0.482907162631373 4
0.313889482897094 0.868780998590693 0.603266474589459 8
0.665828997201182 0.724352220378705 0.501799535074839 3
0.759887322767443 0.693129315696742 0.608884473870862 3
0.622108983330934 0.960962559177363 0.732538559519202 7
-0.0626805841366561 0.812976071517807 0.369145937197711 4
0.617942799876373 0.964997992218839 0.614750242597714 7
0.0138695122789591 0.747202462212146 0.201900869756302 4
0.664957602149392 0.444203617532234 -0.0475678755942462 5
0.558746368691093 0.82026313251013 0.720330498527204 7
0.634931765370119 0.938878686949077 0.786926199200336 7
0.34855265062377 0.364018181435418 0.0742242252310486 5
0.0267538853992321 0.456029350315149 0.99751943260318 9
0.536587071315213 0.412690818012824 0.0382817397696169 5
0.354210378366263 0.519244969392129 0.0265450351647123 5
0.644179546209575 1.04130829684604 0.699355949333114 7
0.63266376868148 0.561956638426126 0.637293103019229 3
0.0879334896162842 0.579363934142155 0.837026044951415 9
0.0144938239120362 0.0990877522531428 0.965922793784766 9
0.423438937934257 0.951207265073586 0.564671512827306 8
0.649095549548977 0.979192386218437 0.700835283454413 7
0.0737668625403093 0.744774292137598 0.249976072686453 4
0.885818377843592 0.702466016982195 0.822849356003117 2
0.474536483088775 0.807551128053235 0.514476893938508 6
0.990279341717277 0.722927632803536 0.796712231886236 2
0.432294933994403 0.113732910065985 0.381434160835274 1
0.904470360598013 0.842445414937473 1.01766755664495 2
0.50037760408423 0.835908360797251 0.497833603030958 6
1.03928707963982 0.677184254979296 0.92099045283452 2
0.101435345718706 0.819008731083478 0.259165353215309 4
0.021520149834503 0.827318517441973 0.906452988461584 9
0.387977736122441 0.576383650751635 0.148895362733904 5
0.755861484387054 0.71590926269163 0.52201605887539 3
0.630886151438595 0.229867012469336 0.426957442774486 1
0.258897409306028 0.21479515874826 1.01214190347873 9
0.821491605860572 0.766114607835812 1.0677354748694 2
0.619240716221917 1.02334695267677 0.711821660779428 7
1.06367951613844 0.672257081161502 0.768635580214641 2
-0.0272831232620669 0.697910724967965 0.361462769758108 4
0.628204533150634 0.926341574575355 0.71487494793867 7
0.0823572792124464 0.393810590115709 0.971783135185644 9
-0.130272175508494 0.616441451110906 0.472560241592846 4
0.60767761494193 0.887219717495107 0.754589651642382 7
0.413280909694612 0.370207925230821 0.964695345003631 9
-0.127778811208588 0.864374297372113 0.327631023632943 4
0.521341968907096 0.118218229786557 0.64017518153961 1
0.259487282784654 0.389435973738288 0.927600986147144 9
0.691425120041297 0.728447909314506 0.592385632003238 3
0.611790706957915 0.94996546022783 0.697263685257383 7
0.529186776143713 0.791184748675319 0.483106047626705 6
0.369075991527503 0.983631816473281 0.700732612235656 8
0.560676176959363 -0.0534975736394748 0.43820946960016 1
0.109827497002978 0.937480212203097 0.217740536357694 4
0.583693742636103 0.929513774585051 0.766409805610926 7
0.568906515650903 0.0958749812472973 0.578947179920028 1
0.735895042748057 0.442456770724915 -0.0590072986099546 5
0.63297915374459 0.88960211706556 0.727627512469131 7
0.538502587680354 0.845569949787313 0.472986464188217 6
0.527375536882354 0.438865847714469 0.114919029551807 5
0.645529643426601 0.944897634199314 0.71404782744069 7
1.03032695397413 0.571222992491153 0.747763752025249 2
0.50731822753251 0.847925291646718 0.493549702095511 6
0.407084678574824 1.01520354825879 0.575082012679292 8
0.974872380793586 0.670095030073533 1.00292741231356 2
0.655370004865224 0.747161315702603 0.549169584974894 3
-0.266212097430611 0.564775096892195 1.06335445160712 9
0.486562741954133 0.599135267519109 -0.105537046989147 5
0.625789250740607 0.944252274373294 0.713209764024089 7
0.763524197843281 0.731782195647675 0.661775050623658 3
0.592514359444011 0.986458046509307 0.786515676366113 7
0.718605029928646 0.697064770886985 0.560351691325202 3
0.935011649310324 0.72806904278777 0.914871535635699 2
0.860120802799281 0.838051952775081 0.912086430485258 2
0.395203971929321 0.892275825183369 0.590708783056536 8
0.899817867816895 0.793823016341152 0.961228927032173 2
0.567313199127111 0.779698511270784 0.467281821298748 6
0.0292308092886978 0.71202315806617 0.0672333829975991 4
0.901488389040542 0.779043018216991 0.923430827276201 2
0.504001091777363 0.849712611623953 0.494389796158958 6
0.702032168329146 0.681876761952422 0.489127523547066 3
0.408988261088488 0.995623935922883 0.621326250969988 8
0.610474075968752 1.0592552287113 0.712358895538282 7
0.53835660531009 0.825662692178133 0.531732377080599 6
0.113612072527607 0.7762584382874 0.384143916899356 4
0.668508127918101 1.0011437874161 0.727730876348516 7
-0.0566318692950724 0.232874242026634 1.03888737850098 9
0.985685386834164 0.737649140312518 0.970528140527049 2
