0.620416987852137 0.257344078363915 1.02278060555035 6
0.164836931479612 0.0406316194115144 0.315412974055765 3
0.0591879761571394 0.684030662259079 0.983258987463366 2
0.181088393133341 0.0800039636175637 0.325398683650227 3
-0.0729174187328448 0.137273851168907 0.0651005777263767 8
0.0904040185993113 0.148092338047124 0.00698312583019118 8
0.763070113856816 0.497433612395913 0.720285865748256 6
0.853268768111729 0.78263546231874 0.662962035655112 9
0.346416324272189 0.837705143952193 0.952489499334013 1
0.272260808238711 0.744502514984378 0.914002042338644 1
0.00521806852839118 0.715357012623206 0.959516584603465 2
0.0199957409665891 0.129642281861943 0.122204959989077 8
0.841728907946039 0.659871331498934 0.491754791551678 9
0.869889898117461 0.0910212017829254 0.980737011927518 6
0.0762095528815394 0.261246536571589 0.575501491720464 4
0.0920232617851571 0.0738432233897519 0.333306272747348 3
0.944956768098575 0.71053835027898 0.493539815115219 9
0.0707379621680979 0.704439614854494 0.924608373547481 2
0.780766906337057 0.787986413625408 0.522289885798313 9
0.0889435868126037 0.541962688672863 0.685763517389427 5
0.155868374815995 0.0715358292442265 0.307205497633724 3
0.793960263951144 0.278482200156924 0.711276205396034 6
0.640132446320289 0.285792418877247 0.954032944051315 6
-0.00658902732586823 0.723745664853785 0.928341813776882 2
0.0502013396774158 0.742322194255594 0.983858010927547 2
0.856880559855657 0.699682003441013 0.692136487026824 9
0.770393724461231 0.894372701630115 0.633092527364369 9
0.67132551622182 0.576889900961521 1.09387920625591 6
-0.0386160718643509 0.108046702321378 0.0409771874738807 8
0.828836945922889 0.799937033169612 0.550263793726458 9
0.259613709580475 0.83962985346847 0.944027908117962 1
0.067902490312587 0.101957502513522 0.120873843791129 8
0.68693334198819 0.213590415289178 0.925597539149167 6
0.757209747275897 0.762231662640838 0.561454609267836 9
0.044226240680264 0.276434985669374 0.659197175975478 4
0.933933833322862 0.748551357086229 0.553739626395501 9
0.905515145765785 0.707686647699299 0.554858922986201 9
0.54322496444726 0.703096338062584 0.283365900053042 7
0.737106256192379 0.858834091082472 0.53155621364162 9
0.0790816163700957 0.774146622611248 0.933143395475075 2
0.798406985130184 0.659655918052858 0.663822013804513 9
0.155661696311232 0.0382501273661277 0.273389213161321 3
0.0635405960618982 0.756622722865479 0.946845648396553 2
0.0584567859875473 0.692235900294922 0.885152284457796 2
0.742345861100343 0.0709216796151503 0.795885654699805 6
0.77358526022783 0.752722275114275 0.609833835683463 9
0.729143504634208 0.838847762057201 0.443212345639844 9
0.743006818128181 0.754733170775772 0.70652254999931 9
0.143956953091969 0.738457442405243 1.00365980823527 2
0.0865172122145847 0.738953244045759 0.987490919234257 2
0.100256089210683 -0.024351358098048 0.320082320137539 3
0.175754242365278 0.011713096131678 0.341145492942597 3
0.103908332127365 0.103019540115232 0.0799934796602991 8
0.0214282861944023 0.757922704515392 0.981299719986946 2
0.549947545855949 0.360343006104596 0.771177587079633 6
0.038974489468572 0.692451059961285 1.01728270541794 2
0.258290240853571 0.797041271527749 0.995079461467787 1
0.105192183456402 0.206523447016411 0.0624386165137872 8
0.0404139326069363 0.0900240038736781 0.110416214787817 8
0.933666603347959 0.302873226510054 0.674181064720557 6
0.0958925449622447 0.687128081161727 0.923552744303865 2
0.238655035772824 0.951751281580572 0.941851140842174 1
0.290468428015319 0.932950391864985 0.860730749582313 1
0.73815092056713 0.721028833975327 0.435866079987825 9
0.0201257330754062 0.170816359151054 0.00888917646383277 8
0.75440569497008 0.483106418773807 0.929340942819237 6
0.671552402415122 0.763013927067425 0.644464723114771 9
0.0720439230921102 0.246494101950431 -0.0356286459631529 8
0.760013318953674 0.091519754207225 1.04845334792641 6
0.845391271524874 0.340662306084896 0.828410899636057 6
0.0798305408195057 0.496940334753247 0.68979095983396 5
0.566173677292296 0.398437724037304 1.21750168188942 6
0.124374449587691 0.74644842928285 0.974723649570229 2
0.313377864265398 0.903234783866709 1.01579689878778 1
0.034349532933121 0.769276239697112 0.921570649087303 2
0.846195150472434 0.720444448339703 0.589858997218233 9
0.0648536345609315 0.154734411774512 0.072352425228887 8
0.0326377492922511 0.239754669420054 0.576992891362682 4
0.306281447848711 0.882648243239611 0.930691861877232 1
0.317379448522119 0.848150511044789 1.00059483907252 1
0.314273223808398 0.824631161494486 0.913946415389824 1
0.851630431969305 0.266728882879498 0.980421685978079 6
0.114815921697645 0.118013919745515 0.377719688949389 3
0.203141225368608 0.807288622878859 0.905881399103904 1
0.806250605106936 0.392350931007336 0.809150075554197 6
0.336892895271642 0.853697304170027 0.940525403497042 1
0.361287424491113 0.861109076749408 0.988793422975565 1
0.25381424721584 0.0796279485536226 0.316122513524262 3
0.624211944008219 0.224410276594967 0.934323666523004 6
0.749908538391422 0.623930732110861 0.278019203415804 7
0.0500769128898129 0.298916650471118 0.0911349860652164 8
0.0547973015039595 0.758500850918113 0.967042024237189 2
0.0135396557819471 0.0590249429273565 0.0857940989921481 8
0.241234359940599 0.828556106491802 0.968838889974481 1
0.0395403320632258 0.177476028697564 0.0295282641752623 8
0.813396505627727 0.231026859358625 0.76961535049724 6
0.93730317950663 0.0375558293199212 1.11526167080714 6
0.182366104198396 0.0735286161203169 0.24845728859391 3
0.716638850714433 0.907923461196959 0.564714863121957 9
-0.00885209161886608 0.184575485402775 0.027615365061993 8
0.695226364297306 0.258926432041197 0.884763059115065 6
0.163116040359219 0.0428651334500782 0.213477392066663 3
0.0384986767456101 0.801305659122421 1.00453445042923 2
0.0549121755530734 0.169496113595753 -0.00729588905385689 8
0.0820345601144513 0.521523782234689 0.5846658424906 5
0.0133646354164105 0.268251986172321 0.542900669450547 4
0.111575776264657 0.219911471844046 0.60761124539304 4
0.00402740143311162 0.283153136637844 0.581380392945423 4
0.0232993419794624 0.814403554268034 0.87903135672167 2
0.211033078195209 0.853449975818814 0.968450754901059 1
-0.0760935558833098 0.195541928214773 0.0632272147411476 8
0.82151298951427 0.292121996601913 1.17967160502206 6
0.295664049900052 0.800972188180564 0.949022235254428 1
0.241699949602244 0.846661210419506 0.906974087072766 1
0.863121185011551 0.698128287039127 0.550624588927376 9
0.0534599515550518 0.293825528918398 0.555715497453596 4
0.214391758277394 0.0121262040179199 0.263872521874632 3
0.653983994097216 0.64247687577485 0.238659184663251 7
0.597647487154 0.327373493892726 0.927370826887652 6
0.0660269230893579 0.133965723420892 0.0207444635051248 8
0.0752807985631419 0.187054220983442 0.0907254820586284 8
0.0961857329488578 0.657245258543952 0.920780959028613 2
1.03790196849902 0.159967321619291 0.936098044042441 6
0.103376462854077 0.175060086718144 0.0917002650590549 8
0.25726700069745 0.807943688640444 0.986365550520353 1
0.680374194618563 0.41046619463027 0.929502728839289 6
0.701087003942252 0.291445398112909 1.04485242297127 6
0.954722296802138 0.457621994068264 0.823253113635249 6
0.047729102533749 0.248092984602219 0.515950927558897 4
0.879487331349864 0.383850244024458 0.977815003743391 6
0.580991558125281 0.181657255066736 0.771209756636053 6
0.0203920882243407 0.276879418631684 0.582247221513955 4
0.0179927799845318 0.705687514336544 0.979896874025002 2
0.123115707880599 0.836625391538607 0.964721204392812 2
0.285660575902104 0.879241799929733 0.96617015186529 1
0.946945414967137 0.70336764869751 0.662403427415701 9
0.754515354957024 0.734346484881309 0.778113413261827 9
0.156666874760438 0.052613363601915 0.323242358971264 3
0.784565305783024 0.574379259138363 0.717580745250021 9
0.111266440947961 0.166981689642722 0.0573419991450841 8
0.125926633028574 0.728563891642605 0.888661044756318 2
0.0916482179662312 0.234874180221768 0.103602891498572 8
0.0548653483667958 0.293272910556001 0.605626820283601 4
0.059301061429638 0.715980490108355 0.912677366062854 2
0.876525110109806 0.765119422975462 0.644979728687494 9
0.276525175742975 0.819330367706007 0.970456809486413 1
0.0490993072483309 0.48750393889866 0.534350546400905 5
0.0132092867033466 0.483696189910367 0.587697555193211 5
0.839038387612906 0.0796698559925607 0.977383719537193 6
0.629866097885746 0.551652266922983 1.03756134171721 6
0.614153682526833 0.284453642838926 1.05016496784356 6
0.80396039350477 0.696258879770382 0.725940319031985 9
0.188448624198432 0.162968557129417 0.388513662804801 3
0.965178873589536 0.302235634471513 0.926927975875827 6
0.105359525000924 0.215983209554437 0.0682424283512825 8
0.688885272718201 0.560226186175593 0.360699364246283 7
0.852348600213255 0.0876171805574597 0.886334651253963 6
0.802632521644714 0.614129637385976 0.745580975801437 9
0.036822390552446 0.779643408997302 0.874653106424903 2
0.73380410494548 0.492977244384353 0.714114436135443 6
1.00877033167025 0.894377920616504 0.576930205533788 9
0.0964895972093764 0.247906012782213 0.658019768425047 4
0.0781106284906014 0.266267503890216 0.61662083435612 4
0.85955556136133 0.647412671236901 0.617933669088908 9
0.804869741245112 0.7904828408011 0.659566989326339 9
0.659232778583519 0.246914449824098 0.889260422270584 6
0.17428258413532 0.791234991548376 0.953109042987035 1
0.623709957824921 0.555217659690358 0.301402565987729 7
-0.013472527358623 0.56542053903286 0.634122627540134 5
0.738041033776219 0.348365456501607 1.22959616058522 6
0.199809567362899 0.0724826809954856 0.345425630226506 3
0.315137239046421 0.841699274381181 0.915758760887849 1
0.0199994383448806 0.725756812230534 0.923607950415564 2
-0.0552141720388772 0.141082815461488 -0.0230253320066579 8
0.0640167762437874 0.159544440080091 0.0500569499149807 8
0.0929511860216329 0.310536421942349 0.640310190487759 4
0.64117477844258 0.208972426166901 0.74919458374992 6
0.253890915331632 0.826431347935024 0.969217109794908 1
0.013869384903748 0.502902593762723 0.643044592119862 5
0.045412110929821 0.293563105440594 0.519683388283383 4
0.858967882028536 0.694560264997546 0.610742239085066 9
0.0131441581386953 0.198848667833727 0.0651290118864076 8
0.0420391192907791 0.144875115678001 0.0831981509758184 8
0.794114088462125 0.746234047008586 0.62081141354749 9
0.860385320589364 0.738156727444609 0.689369896188927 9
0.14919538670238 0.726541541158568 0.922585871125317 1
0.794860050383201 0.772616602167456 0.578441538209876 9
0.275442060348455 0.788312893531007 0.956465322524703 1
0.0269462566466628 0.751138876802139 1.02179598084262 2
0.858959693338799 0.715677022912991 0.511620689978637 9
0.0609509543461411 0.496573628618397 0.56988456310017 5
0.855557064882852 0.657779990868756 0.499582843920159 9
0.0208242114173988 0.7234820978382 0.921172684561722 2
-0.00165536977571663 0.103742290961679 0.060751426090241 8
0.521162067972881 0.764397487272748 0.236011957846493 7
0.866511597720776 0.621591757415244 0.71253633819635 9
0.0107161835109807 0.44958109337295 0.550038387767531 5
0.151314150705581 0.095258740839703 0.277753942312058 3
0.811583110443154 0.853141198248485 0.585262882537553 9
0.107061217673179 0.500028732895063 0.54634707782708 5
0.903274876586171 0.725097103570849 0.681067111110295 9
0.103451303300596 0.225941964350054 0.494664989779394 4
0.5929082202753 0.254532456412997 0.77423245035 6
0.276132979888693 0.840626082236736 0.962069469557793 1
0.183344424496778 0.0477003970834665 0.245142621038189 3
0.296252158371133 0.927873717499333 0.855578293579789 1
0.0287806261443033 0.726651396363473 0.996662254513094 2
0.193661661422154 0.142380241645147 0.308628430977045 3
0.642187621028852 0.266925986143472 1.00590241521491 6
-0.0701164222360309 0.490085860244357 0.678094428606622 5
0.278556819727326 -0.000312326260159111 0.328855863847881 3
0.0815725217899001 0.488241495025862 0.649298372756509 5
0.813615036897084 0.286291115921507 1.00228797350814 6
0.0607882283164173 0.263503540461066 0.623841902428236 4
0.0170862700838296 0.245175385565574 0.530462430926695 4
0.644419992507624 0.339020656227712 0.762163172894508 6
0.872382721338345 0.810874927115694 0.578568341238063 9
0.082717827562427 0.167128785731899 0.0260262091309722 8
0.881998344366934 0.685962449032949 0.633162025989945 9
0.306041011166495 0.797364265679323 0.834194943516905 1
0.0683649141017731 0.224904030480582 0.57548656126996 4
0.0614421641435559 0.620714986518517 0.90932522169667 2
0.105084177456867 0.323599428964508 0.540013897158208 4
0.136157698568202 0.441260218953099 0.587157495467363 5
0.152084066705997 0.0638388745153652 0.300941405217967 3
0.780406114082772 0.783207544547307 0.741440676601115 9
0.0659529335108808 0.158209736913021 0.115640380215167 8
-0.0318720895204324 0.237376942579969 0.508874648674941 4
0.0208797949469249 0.349732236606264 0.633990628209294 4
0.839029577647014 0.732983574393274 0.774992839590743 9
0.776539442672049 0.171775358308956 0.989592083865531 6
0.044068835444348 0.263233732712321 0.674494624093856 4
0.741600839832273 0.734136621194182 0.545560174599521 9
0.0489056844507758 0.772006659609978 0.915888172969789 2
0.0518885759458148 0.276029101780732 0.00844909776565651 8
0.761768451826479 0.74535050948543 0.679651169771164 9
0.0430683836570014 0.263399013811084 0.620146438679616 4
0.0173862991802766 0.454429063265982 0.613562822251389 5
0.968965172475081 0.729264775541281 0.572865864164245 9
0.276547811501376 0.0377588633508481 0.306722905294772 3
0.0887179304576814 0.0593337200655075 0.230854586360452 3
0.270599737623329 0.823822839530595 0.893468767559604 1
0.212696877846101 0.855347502368588 0.936622520975191 1
0.806596363143372 0.275694087711482 0.945601094027198 6
0.713146474222674 0.164387876268348 1.03176905735695 6
0.841308624755511 0.325306470841459 0.936592965593956 6
0.149224702951628 0.0453297629247698 0.291650920490009 3
0.924995188223562 0.32639031477785 0.995037307126623 6
0.713564014668943 0.652763996793147 0.679088889160922 9
1.00653916701385 0.706896574899238 0.77350848676555 9
0.0401849413070311 0.202052996131496 0.0524197984870723 8
0.21125899076927 0.80427276497287 0.966640233197158 1
0.244259206332125 0.0871363009399579 0.33914164026371 3
0.28368542751043 0.856182184480805 0.950908434150635 1
0.03551568925058 0.741504451942124 0.886273664636496 2
