0.212239095730184 0.129137899980416 0.731720874318119 3
0.237908445202842 0.326099347546257 0.54563788787337 1
0.159857885118542 0.0858465576023879 0.487887034403085 9
0.240529403800353 0.327764304523567 0.505521486098961 1
0.284009629097323 0.130687827890224 0.408420434607795 1
0.173905682475506 0.0832861756794659 0.556795008868625 9
0.0475263366160634 0.632317384216176 0.825491677865142 7
0.232244412996163 0.202309817064264 0.55023971767364 1
0.127981509014336 -0.0543529695249202 0.572189028515022 9
0.0659461220703998 0.712552568640436 0.925148125965205 2
0.16498918201589 0.0724023018288083 0.513530942979027 9
0.0456671526902903 0.612910045015953 0.834306553764249 7
0.0360410741906124 0.700276200138504 0.985911403188602 2
0.0556112362814821 0.577820779090639 0.839431926739895 7
0.231720901060274 0.093204328085933 0.777336036479523 3
0.167938558577852 0.689927619996506 0.414703528512257 5
0.0380692673175556 0.68662055546841 0.920241323819556 2
0.346658754789089 0.317056296101765 0.509549604223624 1
0.86580584967256 0.62046325526068 0.621223674965083 6
0.846265294503486 0.670380871028034 0.784552395491285 6
0.0789956067203528 0.745116969601504 0.971029255309792 2
0.170601044913847 0.0996827000287075 0.465520776504099 9
0.259440483260554 0.102544326509656 0.118245170541329 8
0.264930665246498 0.23013864254757 0.194393836874688 8
0.289870404939891 0.260477595022355 0.511848501705369 1
0.94255262194389 0.618619680371455 0.689863801936213 6
0.729901785144112 0.652345389469772 0.79737788387048 6
0.126190709545157 0.561924848864687 0.686115821027671 4
0.229596851670822 0.209765821726608 0.140038478491707 8
0.0637229865616911 0.5999444855743 0.871758012293323 7
0.225674890441923 0.105857297569059 0.550285382344312 9
0.712332311339455 0.715333738968455 0.547027381841681 6
0.293763566328101 0.230996567999998 0.703812790721319 3
0.0636549175847314 0.591093686159072 0.839927594795599 7
0.194945965402753 0.168729104948561 0.738815047541491 3
0.0643151722980963 0.620446781376519 0.817965387371973 7
0.192628202735357 0.0920192366277001 0.580650990927512 9
0.217502571705739 0.0780121004113024 0.584461908541757 9
0.315399727038121 0.162302429962507 0.134617354980297 8
0.271589630327503 0.0156435435848366 0.552136670025357 9
0.0118071423189625 0.627031299824015 0.83136784029082 7
0.282065566559129 0.289078467595843 0.500314391147068 1
0.0591244824770759 0.690141877740443 0.621501518193441 4
0.049475487556257 0.698142603413626 0.936824255575962 2
0.999452059166101 0.514043937711481 0.617038847166012 6
0.81292344909399 0.656002169968846 0.618602169260655 6
0.223141730924732 0.232701073667095 0.791515736401076 3
0.10589332627581 0.609780178626033 0.57554376933897 4
0.051147868457602 0.613025998652415 0.845161865161093 7
0.17134547334429 0.0479762185318462 0.505180284322055 9
0.781966947243319 0.66613338462499 0.616210298910103 6
0.0766480670067375 0.574127705770453 0.834785983603942 7
0.252105372813496 0.19960940145857 0.653519174815222 3
0.752590600977747 0.82592153897077 0.565993558468237 6
0.310733687127801 0.205408719014393 0.208169790864857 8
0.190484198717128 0.0780148657052289 0.573757883299464 9
0.813655535485136 0.533942774301135 0.547464509464916 6
0.143830875669619 0.657971998813452 0.560831919380683 4
0.93461131717653 0.563519727896535 0.557413010517932 6
0.300197633706838 0.285717449974338 0.496803170468773 1
0.897845539010498 0.430090808361652 0.610819959542953 6
0.90936877449538 0.826549359672197 0.685348281651491 6
0.813287484776016 0.560094883638025 0.510421000324092 6
0.118750243999873 0.0829176128034932 0.52071164238662 9
0.798545192391416 0.68187615500765 0.708741637289189 6
0.0513048427666409 0.632955485792246 0.774929908000472 7
0.254657263341547 0.285049977105515 0.504660001203562 1
0.647594256551842 0.635290812376348 0.650458183531271 6
0.155841560181646 0.0509719088287606 0.42949795960986 9
0.850483388290346 0.730418154538156 0.599103559735133 6
0.202877446051385 0.555735057100694 0.590702986380325 4
0.294561561078705 0.242452529528785 0.50776229358429 1
0.059141428579561 0.568999235356979 0.84420847104208 7
0.826894418919011 0.444150288898712 0.389664472091727 6
0.254017274563908 0.291405147601042 0.497132208883359 1
0.185340172392767 0.0405775430115153 0.504927297375724 9
0.829349744062899 0.547154647406747 0.722261925525881 6
0.22900437094132 0.0387127765212393 0.639594745835507 3
0.338472167290299 0.103613380204836 0.108498491899997 8
0.11180231080146 0.581206391245216 0.645880694737514 4
0.305494509606642 0.0789149335259639 0.135126989932493 8
0.0258754686095335 0.600848132724426 0.901859332563805 7
0.248559531728997 0.225978287946813 0.499263003015155 1
0.28017895861368 0.274495969208947 0.457822136134245 1
0.137858805592639 0.668021700757074 0.639840105231004 4
0.185763667927602 0.626459662229572 0.628090924877329 4
0.879218031230223 0.595951341980333 0.566851751466831 6
0.312604438856445 0.240632627886807 0.199066996424455 8
0.282599381517569 0.238579581521201 0.503669766942434 1
0.168423838825674 0.65946629961303 0.693244305426401 4
0.818982726726822 0.541967554969222 0.476603374716836 6
0.192797425107479 0.101767997326434 0.451203542943714 9
0.26886343641629 0.766270999297811 0.414291409526885 5
0.117568566140692 0.663637811454107 0.525275998438759 4
0.266298113540754 0.314569899764449 0.466076046779607 1
0.261836885038421 0.325492814496358 0.539188242591789 1
0.169715807343352 0.0639987583411844 0.521268039939833 9
0.954641222114837 0.644301145841137 0.691141480595516 6
0.784770704929806 0.481549319300564 0.712100638093777 6
0.161498083959054 -0.0196960433474451 0.455442419378097 9
0.138093069915786 0.525084434270135 0.625376189033188 4
0.31373723224783 0.311354688018542 0.486141517777745 1
0.124911252268411 0.107913561835798 0.473728804246667 9
0.23730040939827 0.0962040643902605 0.68965778942875 3
0.164144461794796 -0.0930025046792563 0.485376094842032 9
0.153978168179636 0.0655046098602199 0.477778959402786 9
0.341662170065144 0.0910019778477043 0.228638068433778 8
0.126101911962109 0.765753526291202 0.952189594338697 2
0.926686397018716 0.586869240341897 0.649121088399199 6
0.0594112835616413 0.731714323171137 0.956869393026776 2
0.741567041598075 0.862188377632027 0.731918329788142 6
0.780528416134856 0.611330946473749 0.592984651712675 6
0.208108035595572 0.122136146482649 0.423821388655504 9
0.206631052609939 0.690033811481154 0.451451388040967 5
0.125156493255769 0.640723528784212 0.652910267943638 4
0.0743268993815598 0.740895480813313 0.934174978950347 2
0.335094060426856 0.205408834841875 0.129191785289238 8
0.213001512482899 0.286418705719065 0.476394424778361 1
0.128058755702877 0.021799206393201 0.506165363517203 9
0.333809871987015 0.166022126968624 0.645637360918633 3
0.131171840092453 0.0163986443606585 0.51189879616515 9
0.173435978291159 0.00818109851155263 0.528897808998844 9
0.941157368513602 0.457188968608167 0.61531991659227 6
0.0670973287584881 0.641276687216586 0.822149482747173 7
0.824436944407481 0.525596554128019 0.568760253924904 6
0.331691671500863 0.206179897834097 0.52036301033388 1
0.154503241343876 0.625105129484281 0.63880004674193 4
0.736895340896862 0.892633341109365 0.668318437854021 6
0.170221011044891 0.101081360756601 0.46642108324609 9
0.206009706338088 0.76334244204626 0.390146040711198 5
0.0375031372688812 0.625469363263451 0.844268373631103 7
0.0359625976804105 0.714327348951794 0.968723599338081 2
0.15044401651739 0.541839638916002 0.655667581641113 4
0.147375906794779 0.605835909681372 0.627941004192566 4
0.860052811647095 0.518476144398402 0.700122061563897 6
0.0247083560754402 0.766367309281729 0.929990905805307 2
0.296237337736665 0.259756601454084 0.549799183186528 1
0.173980482606886 0.109782992804982 0.445532384374613 9
0.206700761784425 0.580265984712935 0.592947464821058 4
0.940881902265913 0.70956936685396 0.68482553779849 6
0.295436073251138 0.187786686676205 0.196400185830553 8
0.24567313054698 0.628041382705824 0.648611425876803 4
0.289754860144459 0.353230777861719 0.432034086035382 1
0.912806694470807 0.581062979603998 0.658449171724002 6
0.269883209930925 0.11595141660264 0.685006828055508 3
0.310707531922518 0.295224654391061 0.460500281981004 1
0.156583353886882 0.604360201563575 0.656237482061198 4
0.250206438358924 0.0956787406369253 0.482610623539347 9
0.0576975917332899 0.704713647332386 0.964251331405796 2
0.125936068709204 0.0558003546424041 0.446945362486211 9
0.257335925171438 0.259993669234292 0.227466307549408 8
0.96454712005147 0.558798643502425 0.589756730065464 6
0.202229990268328 0.220785323337187 0.753364024952724 3
0.384181702323111 0.103597652146104 0.753560576157449 3
0.823049641555187 0.600435096009933 0.468335110397258 6
0.201144053275603 0.301767069667358 0.555967763467119 1
0.315199278280486 0.324093222621366 0.474057851552008 1
0.183865051572598 0.0196864687633369 0.498947220719774 9
0.269743606144347 0.158661089825451 0.67257242398667 3
0.307642648038202 0.144858868621774 0.692325473843492 3
0.727390759100034 0.37913252162479 0.703931125080419 6
0.0761190678064585 0.619151968158718 0.870784461556166 7
0.138234713298719 0.0494804174662354 0.476435333358108 9
0.761661732729502 0.623808993613409 0.66811749543556 6
0.131748073720137 -0.0408285394646576 0.513063787797639 9
0.238126600308184 0.283808409160126 0.53361442155624 1
0.753437862169622 0.534956858996039 0.734213148169591 6
0.192229324303194 0.0777089964863116 0.469915724231139 9
0.176386768964738 -0.0115588310835708 0.504933197643718 9
0.119470098731366 -0.0036707786080175 0.563146371030408 9
0.923451596862078 0.723239283655195 0.573081850136744 6
0.0549822403991654 0.618710845764601 0.835351040246829 7
0.200553617048848 0.62123655021487 0.57955775641918 4
0.157276342801423 0.577403472811857 0.612168551140304 4
0.22184961500145 0.334634491147575 0.489443277509264 1
0.2062563331821 0.730721057425274 0.670065915778119 4
0.318746592959661 0.245736737666623 0.476212562871711 1
0.275684500273245 0.652058430714088 0.445397014005135 5
1.02184604203186 0.719385026442193 0.545868726720167 6
0.278942774811508 0.289997203382206 0.498325939406523 1
0.315064118671538 0.193615219209403 0.707325427015945 3
0.114887974591407 0.590729956458513 0.80026026465892 7
0.176395349671241 0.552403977386679 0.489651518628979 4
0.192672844734415 0.0718811517470029 0.500122211401262 9
0.11399053320135 0.162531345136448 0.502047452672194 9
0.00571884857162153 0.770314563244522 0.906002519436266 2
0.743732462617431 0.703125620516116 0.49312167874657 6
0.198661801166652 0.128145918124888 0.180898827238691 8
0.165260061931942 0.0289854006256451 0.578938212706798 9
0.0206264049511096 0.722358492836463 0.978138037987175 2
0.346717326071268 0.113426606477102 0.747492752011625 3
0.274822854296593 0.197427348375609 0.0954941809894057 8
0.215234266984973 0.0705833997782047 0.485089250342221 9
0.085981345469102 0.725174687480617 0.407097788819143 5
0.880579538784734 0.552303493175566 0.534773543616988 6
0.287594172194115 0.22354838042441 0.605324031572721 1
0.264220443844537 0.205694764668494 0.711941776946839 3
0.149216056733262 0.215427377839699 0.721163064266645 3
0.298099536498559 0.129047546303389 0.693511787949038 3
0.20535418920554 0.0932775776811897 0.464881388930018 9
0.709212272566497 0.79568717215422 0.738157578864966 6
0.0565192640843965 0.607371125353461 0.838157824423855 7
0.184407369192935 0.616548980704497 0.596638982811494 4
0.687600292282052 0.482306764447155 0.705276186960176 6
0.169912275229784 0.102554071058139 0.445955430418684 9
0.230095763542988 0.165398047153101 0.689882797146362 3
0.71522400998343 0.665971769443014 0.56861975384714 6
0.277718380959173 0.258238546309162 0.521011691480495 1
0.126486336787839 0.63860584236755 0.544162116672848 4
0.318513641852322 0.155256358903794 0.701100555134691 3
0.0837225495125702 0.732611820593102 0.996842617392768 2
0.243064995384066 0.170432470708711 0.26861107953742 8
0.0419144890652343 0.739366636023334 0.937655537288945 2
0.198279523398111 0.176546615575346 0.729316307661238 3
0.193020772289439 0.0712486127758464 0.497370464824631 9
0.303512989170807 0.17968577560392 0.672179902680223 3
0.305029758928452 0.27467751797618 0.491527154611687 1
0.257012561797068 0.158923211460156 0.735020130135599 3
0.0551507309606006 0.715432202533615 0.979573726858705 2
0.947568743574688 0.779516386700775 0.52027242057012 6
0.0443196375761223 0.590028187845925 0.802901295239426 7
0.32409419547197 0.137508618620877 0.662990794650329 3
0.969753010370505 0.54009785926831 0.603879305304953 6
0.244411689074042 0.260904049102918 0.432338722341348 1
0.885468508432674 0.731767206747891 0.776087027316122 6
0.170746875140604 0.0105991386416662 0.515208303204759 9
0.269311321212473 0.275973146876179 0.532843200573192 1
0.287477515977179 0.266070152367851 0.46196971892149 1
0.137209677123553 0.534109114680778 0.531898888014795 4
1.06174825041426 0.497792261274374 0.916433086714447 6
0.185477673216833 0.648946177590627 0.566584507443491 4
0.045309726258617 0.613754569891077 0.867832001766069 7
0.066477998977497 0.728471870854925 0.966783182790091 2
0.0598381066125001 0.692084903523064 0.906310162450064 2
0.182251015840186 0.513116953025584 0.674745223639603 4
0.0590381487126924 0.591879078429684 0.818440612114244 7
0.910952523806812 0.559737245857713 0.760957218256122 6
0.837947796738747 0.537038471273596 0.776297974091527 6
0.208912771805585 0.562196451577369 0.666208558970729 4
0.0527134117026642 0.751796710029015 0.95227562808463 2
0.142420188672379 0.629517744668209 0.625067235287397 4
0.285183644638104 0.33670119158298 0.47033252155029 1
0.22590493157084 0.0582699798396487 0.47793676740075 9
0.0404581379889595 0.642285176622765 0.841473196850056 7
0.123207713089211 -0.00540063484861346 0.554946041353919 9
0.352627221713432 0.158324096187958 0.681801295902312 3
0.250127127454972 0.574812980440384 0.534832448122116 4
0.967655921274219 0.376401213546498 0.798966469442025 6
0.206253779320324 0.267475263633549 0.495874496327918 1
0.0406992629874525 0.751706266173438 0.883574878845452 2
0.234672278293656 0.674636739182364 0.637952646794368 4
0.239310377824607 0.317814739392519 0.48066472768621 1
0.173135413222744 0.149216340980206 0.466201865980736 9
0.855490678719452 0.602091129953244 0.694262831053702 6
0.271775459168736 0.585480646517613 0.55023353843851 4
0.0585154456453514 0.706448732884411 0.952078767248119 2
0.266181416240986 0.177202199678268 0.672963471916864 3
0.217961869575354 0.745139817636308 0.427882390989246 5
0.230169484066539 0.638725789760748 0.614786609489672 4
0.106289557561696 0.733443678936182 0.519581632342688 4
0.75850552975041 0.578433663842166 0.576919160911067 6
0.180825587714286 0.56817172885172 0.569801320211546 4
0.784949130482648 0.462277692209407 0.535093320184882 6
0.162032508058796 0.636766608257788 0.678739751909664 4
0.149725495179728 0.0418434764921829 0.50782407665165 9
0.288035063939408 0.161280807345968 0.705394097640699 3
0.230940976960053 0.113698409261784 0.492045224850345 9
0.114708885863006 0.622428088130523 0.837694909165538 7
