0.57986211055696 0.675688264684343 0.473661058701915 0.889158841955738 5
0.434958429627268 0.223265274287709 0.702888467942385 0.614167847688298 3
0.174085045145962 0.676307736567204 0.336713267445627 -0.116394745527991 2
0.143525221651349 0.448336759753906 0.357542096153533 0.371672107077319 2
0.180517808307843 0.472827413626424 0.189197182655191 0.307297532939024 2
-0.0159096887414784 0.510238013833639 0.387705440711351 0.312110447105022 2
0.484851461717969 0.24254976867841 0.719345321735418 0.713396014443622 3
0.479565670998748 0.272776409871622 0.705276965513127 0.665168760135306 3
0.768668188523054 0.366411460140803 0.770709841787067 -0.0223628700987963 1
0.517835787133989 0.646820635702965 0.44610769789655 0.902105251827343 5
0.142970526922337 0.712452731069724 0.347601773765216 1.00222640349308 4
0.622231121444993 0.545005572918875 0.67923650200115 0.252043114316674 1
0.568651049806908 0.253805974875279 0.655146059011701 0.787513297977979 3
0.167862790061228 0.71114218887683 0.485642801228568 0.920834532308864 4
0.562948222324282 0.357273681969616 0.818611372301866 0.654705776139706 3
0.380149172789819 0.190610301856974 0.716824438561803 0.566654834003505 3
0.577634027529749 0.653448558941384 0.506371761782179 0.91351174092398 5
0.740852270883952 0.517663051611118 0.629964092952143 0.32678970110828 1
0.671350770140623 0.477761170224393 0.604178976597023 0.116674651223999 1
0.626276560337568 0.388612885279488 0.747852918901951 0.661935530939455 3
0.621679053904947 0.267760281777395 0.73550779353905 0.376846469713492 1
0.715952925898769 0.483567523506632 0.792283805603138 0.207263011787546 1
0.679783012816989 0.538111215496081 0.602437574401054 0.0495223931563148 1
0.546657138561829 0.665433173957625 0.493695921825078 0.884639251961999 5
0.460328695056476 0.6427103503969 0.517730227831837 0.841453545162837 5
0.415780101488488 0.19611930244245 0.574687647840189 0.722518249832595 3
0.68312289435584 0.552483002157344 0.693515651212341 0.200918689111167 1
0.464949782626901 0.387585257644388 0.719438931377077 0.755863408671411 3
0.0759465805708757 0.763631522226071 0.460158980274016 0.945756612017353 4
0.822920644739834 0.625193597991913 0.648333987533545 0.196618255009946 1
0.129855075561962 0.675030762674474 0.618165355873087 0.810918058465844 4
0.152563983877838 0.641522631614543 0.472868896072438 0.942857238800936 4
0.311906983405085 0.615541525245256 0.49726558543434 0.911962012605626 4
0.472974695954242 0.313478212717927 0.74293834376243 0.725912321230391 3
0.70363151269557 0.332333921513846 0.699746463287047 -0.115961649708771 1
0.66963131883659 0.525674271851947 0.730384638632063 0.144344380243018 1
0.701184914014273 0.31106802937037 0.745933659177876 -0.0274278039322705 1
0.426917298126993 0.276218018965225 0.761159498066098 0.712754247926715 3
0.66854811378737 0.520035074539227 0.681948857063109 -0.0458865634113166 1
0.610318784449355 0.479402799258358 0.797163051226744 0.279806663148773 1
-0.0349798133263306 0.654844136288711 0.484775696282586 0.864201650414736 4
0.732454769628056 0.475248992029388 0.838868263808917 0.132969259019649 1
0.659963713889219 0.361235603041687 0.732535737181151 0.73987711897469 3
0.615063815821526 0.745081225715923 0.451369710047983 0.960217034538584 5
0.775906157250381 0.57902334144321 0.762675481400553 0.100126631058849 1
0.465999757363406 0.590871091269992 0.577344869985913 0.892920389645789 5
0.825260829830955 0.448328647055983 0.733078970338317 0.189729038149481 1
0.78175434210821 0.501394968260927 0.6120421951278 0.133770138592742 1
0.68749583317702 0.656092907177793 0.873467878850819 0.0565077926799534 1
0.176967815007164 0.497936687816026 0.454906135052887 0.129820264442575 2
-0.0264363608385414 0.663491156752854 0.43573965570629 0.947477914441098 4
0.65213875631583 0.548027993632056 0.772509283782054 0.0498684526428215 1
0.622512084518937 0.541133049354257 0.635063935914286 0.135806805171131 1
0.77939342273441 0.598084764422016 0.656109794595671 0.235011912424929 1
0.096056604272101 0.624587642332783 0.440669400957517 0.972205909044912 4
0.560053461344965 0.32100052754523 0.653082150372499 0.87241128689027 3
0.136294769383783 0.780555066234661 0.5233264349577 0.878400369017923 4
0.71676980214217 0.573703443947699 0.695871227970897 -0.106453703237106 1
0.591558447655712 0.698121274960363 0.64068287702813 0.0617437588458935 1
0.497088032728997 0.198086049173943 0.716965966314632 0.712556274803172 3
0.0880625489356025 0.840005811757851 0.465507025964627 0.822073712114109 4
0.798294779816333 0.469080709445234 0.644005623172681 0.0889388383131272 1
0.45512138364751 0.405853860138572 0.551133264073253 0.68668265880678 3
0.641948200380013 0.168462536873179 0.723076549121084 0.607560863940284 3
0.217280220021021 0.763140222188503 0.498456404366601 0.809768443715403 4
0.516113269720992 0.341297158845694 0.603706128364159 0.814623598188409 3
0.768555745800829 0.49317861492751 0.702512910060523 -0.0126874434641813 1
0.510882731284606 0.352208674400895 0.626583118563919 0.810625491995617 3
0.0431000229447911 0.727468674878951 0.521485891746832 0.881128831509062 4
-0.0209919990373847 0.62302776348222 0.0458660687277348 0.21236178572993 2
0.824087625418024 0.292712556949344 0.568287791731818 0.0199816920273649 1
0.434213468004256 0.364254924576564 0.626871173634782 0.754858209053871 3
0.609449905869218 0.660194866640911 0.607848309878004 0.847409626562444 5
0.403261200165475 0.686549486515509 0.638175936499957 0.982261179902532 5
0.674894554979003 0.514373550599016 0.592066937718274 0.0668454382284149 1
0.0501525325302418 0.346957693679101 0.268534680629999 0.0798711897845542 2
0.537487523111563 0.675596901538691 0.458815472675011 0.928330589502335 5
0.567094541275718 0.377461128073395 0.708112441331036 0.108570411904384 1
0.653054943009116 0.420462848259487 0.743679889764093 0.0247224175174979 1
0.0642680934628985 0.669955057635123 0.5384140981767 0.95102748947386 4
0.155486586015811 0.511696652772296 0.258687698607311 0.184313993457704 2
0.639958371776653 0.589111045001204 0.586574259587495 0.085605623826561 1
0.460388284508348 0.327478753817488 0.934646377179836 0.67892353872516 3
0.704212874278935 0.365030077355364 0.677381060739029 0.305495772191956 1
0.027507567399924 0.674445880508629 0.440449421165161 0.851679102309821 4
0.457509269046253 0.674488691802863 0.515317942462931 0.878451361410402 5
0.495809920710269 0.2133462987848 0.670268682473465 0.721870720068712 3
0.551506228778725 0.23149991885292 0.751207276200104 0.642179233130162 3
0.896823635718404 0.611126229165481 0.565175052156361 0.142425039688486 1
0.680036378169104 0.253306238614878 0.712785362965089 0.626757867962489 3
0.081217038432768 0.700069960089726 0.580634823557464 0.880752612024755 4
0.650682780174974 0.205002436374714 0.593783632112684 0.742816108431932 3
0.516833521087554 0.425675084507912 0.658346851048174 0.0477325024660547 1
0.470663176660512 0.2301357641996 0.734923820767009 0.741414630621448 3
0.524960665132102 0.640217854093415 0.556623415932689 0.80800159967771 5
0.0817851574078187 0.694043978125428 0.591479803237922 0.887470474439001 4
0.120376972874787 0.638205118434651 0.414680364247687 0.890665857798182 4
0.0647212772246726 0.447552611183726 0.551652235497666 0.0440904951068242 2
0.0974756927088812 0.676734859025829 0.549537561687287 1.0160779335523 4
0.105706284857205 0.693820539416297 0.543511432891613 0.929245307129285 4
0.258015588113071 0.737488336133596 0.527060188475568 1.00509794962741 4
0.0976106356181723 0.710211322943447 0.491295479273554 0.79974907873259 4
0.433011238315693 0.664143355098231 0.514101167607646 0.86466808936552 5
0.473025769809757 0.140105114233486 0.805189860723166 0.611695903609702 3
0.0946494257551106 0.675037295389175 0.435142112940585 0.952488730749784 4
0.825503040007824 0.454679560095997 0.726629344567148 0.0993647996390582 1
0.180365703085056 0.753054588658674 0.470074986107 0.841267081237654 4
0.750932659165792 0.48527857828159 0.670575391832996 0.178380398078178 1
0.220952131066079 0.800938452427163 0.439883308480386 0.955877453521282 4
0.0471470324488683 0.732401670775135 0.457106588297454 0.826959000250746 4
0.119199951186211 0.763287872377294 0.463626908421909 0.980337627711938 4
0.0347132028111642 0.711226804757443 0.507593306637409 0.83560154492821 4
0.564760195514821 0.252181035016886 0.679137937422957 0.636190996828937 3
0.135322460031432 0.764955619350652 0.583325778352605 0.95681047290449 4
0.101921898994445 0.679649991410254 0.548837797000193 0.804323182753942 4
0.126950744910452 0.604535499481099 0.540284022629056 0.860055867165303 4
-0.00490237227046576 0.541934805197266 0.564112790058645 0.0551055172313866 2
0.714217141515089 0.538152512799191 0.678192521850084 -0.0725358637182824 1
0.14712689483507 0.785132803033534 0.529198315919986 0.822710142799901 4
0.589835370894812 0.707803712098102 0.673892024991391 0.156647301029657 1
0.203266187101156 0.57258989610597 0.40582460714833 0.0697424921002575 2
0.603461016111222 0.378809840099576 0.57938517535778 0.21399681121111 1
0.0220143999500199 0.70284965928551 0.463068360823578 0.935507990842681 4
0.778836403232497 0.647639062468472 0.623846776586504 0.000575670834760178 1
0.147571387784856 0.466889799511161 0.301514506755426 0.214664065452414 2
-0.0931328128033891 0.577591770831589 0.363739898000357 -0.0656454697507212 2
0.0768844589645345 0.636130636088772 0.496565342690881 0.839420931748231 4
0.176504108833211 0.740855809238515 0.432016588530246 0.885694282029523 4
0.571242772036544 0.493822068576204 0.611282411224048 0.144258793868205 1
0.620890104078912 0.263789602366193 0.736811185629144 0.685711530254715 3
0.605111930581716 0.384488819565449 0.769341234800169 0.0410173799153847 1
0.0132663432768953 0.674732966417488 0.381635585681918 0.0443179656122182 2
0.0667098703232857 0.754507289037728 0.479910191239297 0.936229858238719 4
0.511994774833099 0.331171301564628 0.650167013947699 0.687812985096403 3
0.713587773400306 0.519485772440934 0.616177427928645 0.0486311456953548 1
0.107111701073096 0.600693714081751 0.473693221036851 0.856122981443435 4
0.686587745209709 0.642525401268785 0.731592606408504 0.167348685672372 1
-0.0961739577574484 0.503355055757664 0.157443778225983 0.108615154465399 2
0.654058566509825 0.660712383260299 0.841273098993075 -0.108170515022201 1
0.499463573180612 0.257662904066637 0.776348935566703 0.629425289460431 3
0.568443182672639 0.59657986058384 0.556812991550005 0.763841260358925 5
0.430451888727503 0.354153944845756 0.650506210201872 0.705620168486988 3
0.0665274161255661 0.803506083076601 0.449584504393374 0.866333171241543 4
0.563875259949769 0.720072590579933 0.531318063333807 0.924507010297925 5
0.486880465772644 0.400229042900088 0.635638414898534 0.784801211576882 3
0.701542155201427 0.4435007736736 0.846102312101903 -0.0285034786174697 1
0.101124725525702 0.639017996561986 0.518219290091639 0.926219675652129 4
0.543550393528866 0.211343918234777 0.682773763319543 0.622205341192212 3
0.644231859191813 0.438351352552535 0.694134533341624 0.126169968916659 1
0.508978450042397 0.775653582586615 0.505166026304001 0.889270398789647 5
0.67974455960374 0.604264459162644 0.63484638070667 0.156717136805763 1
0.764367202145617 0.468699823033209 0.711817329861391 0.05173556220008 1
0.0823097860605544 0.802406192233985 0.578823773057812 0.806410188643588 4
0.417348877575094 0.20747527424975 0.781578420093922 0.738531372196136 3
0.0151243609973007 0.725296256800277 0.43397153856231 0.838585572017358 4
0.607986894580959 0.33382280929354 0.757420348443673 0.648512899020851 3
0.122478411115298 0.681381475377952 0.425612428884368 0.949435070624592 4
0.0473415214911838 0.691817533917266 0.545691295688555 0.831960451669302 4
0.579252980653616 0.336661257113218 0.676009280913459 0.600164455557192 3
0.0591140435656101 0.482296261474917 0.471627449791867 -0.0691160272652798 2
0.0996840114337723 0.680990680563891 0.484789035482955 0.889809740197795 4
0.799225248179672 0.495267383180051 0.656298724019132 0.0857772459810508 1
0.842150193657674 0.475685639749092 0.820884202773138 0.170094596010867 1
0.638403125030305 0.482383880544661 0.656389830903069 0.127159549383955 1
0.562267422143323 0.607149546579594 0.537723927313103 0.214945758121849 1
0.106817594540464 0.702184911468353 0.449224658080628 0.968206037190161 4
0.515478246884277 0.23918026204091 0.662963882815166 0.75818972785858 3
0.807682972839161 0.501696463641404 0.924277357807435 0.146225525099631 1
0.240384346259625 0.640168699785648 0.140509726955512 0.221134564958086 2
0.718350439114202 0.457913443995181 0.620789906479834 0.0702715823420215 1
0.119173878019262 0.487455661471406 0.206880675300352 -0.0676239815022499 2
0.618363180735046 0.495630077211673 0.769471114135786 -0.141203059554492 1
0.743084562867256 0.471383559521855 0.631697125397365 0.115096871156342 1
0.183679048910001 0.788826547606734 0.431641724376522 0.92836400232591 4
0.118891028726059 0.691855370400456 0.503814875299201 0.860214577517736 4
0.400288674620571 0.323875985825962 0.689777602193066 0.623432655286316 3
0.0237418574179889 0.44534140912302 0.251514919822628 0.23239103679455 2
0.538082495292097 0.33412118758581 0.822775010458383 0.617245561404963 3
0.780876053801667 0.590725426210278 0.627350867304499 0.0577555369877987 1
0.551859808556608 0.187676622748663 0.751496286615019 0.74031764949905 3
0.110724810185159 0.421901384726824 0.4298107182388 -0.0499264427626732 2
-0.00852852688684604 0.727007483365483 0.610075026815581 0.836093880489796 4
0.204084064482669 0.430495610359541 0.319943887567557 0.0068046406845015 2
0.493692744718603 0.595202051459552 0.485177952845853 0.0684914897730528 1
0.594438283405793 0.209071966117323 0.744200306378893 0.61210997807749 3
0.171661240492528 0.711453706488223 0.410238313788141 0.831908962021508 4
0.000718408206347346 0.64510310813766 0.266357886884521 0.0224740797752715 2
0.472840749896994 0.420789366782677 0.735109350462284 0.653235878065642 3
0.00837038909922398 0.650974233694487 0.5650102670469 0.933091856151678 4
0.468032762632211 0.286192750679147 0.709100851924531 0.725489341064114 3
0.563073319279856 0.453168781674121 0.63362017863081 -0.0595940829433571 1
0.16731954765488 0.650930124030439 0.540530304763565 0.869998390809815 4
0.0291020843164457 0.725290309284242 0.515576696401792 0.872032841329525 4
0.0866484286214838 0.680952776616885 0.543527579337002 0.856918003033092 4
0.54401543049687 0.327496084416436 0.612559716445452 0.752479841836517 3
0.117183991180159 0.730798812828695 0.412984162389641 0.833135563640182 4
0.138897757265001 0.77327393636291 0.56227173629887 0.929891928443669 4
-0.0505190450436538 0.646742531307436 0.520694433921961 0.875592316961897 4
0.198154306706555 0.416336908953444 0.407502755833271 0.141375180107962 2
0.891794445370715 0.712681410944029 0.653253385360491 0.088527049934811 1
0.688366232380716 0.57431107272591 0.686071023100023 0.0687995115811842 1
0.871958213219463 0.599447997876179 0.710850098781909 0.0524503127482612 1
0.815296055724492 0.537423987206666 0.853969288109382 0.229905053758342 1
