0.399814088161075 0.32916946450156 0.874564442545288 0.722227503142226 5
0.187775463625483 0.422896079477495 0.259940016140203 0.690888849921911 3
0.751119705002357 0.953412997214721 0.842482901041821 0.647623486068011 2
1.01672250066527 0.468374256285845 0.927144671351939 0.457984808041741 2
0.339626074017121 0.888043825866106 0.644830950290969 0.0788478084515853 4
0.0566236334823075 0.976237173419864 0.804262418987394 0.0985221161914667 4
0.826136303017586 0.792705996035728 0.814798494128943 0.390020617829509 2
0.294075247561071 0.392554460064 0.943409293144804 0.599279792779515 5
0.732720372068482 0.79101010952268 0.754538301508501 0.450931803266267 2
0.413685354456702 0.299270181056986 0.33531568639817 0.688171681536533 3
1.01083247380084 0.63998669044596 0.943625488359388 0.563172837426255 2
0.116039516185245 0.2130971461366 0.743958483769284 0.471801742271609 5
0.947199340130892 0.789335124332994 0.640509712793141 0.450706735196828 2
0.408298476065768 0.215483320600987 0.314415750017689 0.759516937943778 3
0.447171755864835 0.108019085363461 0.234663644679157 0.322264590730979 1
0.207517078364673 0.598904119340817 0.961619875214763 0.0810115328250947 4
0.365007979918439 0.357547507708805 0.838186567059268 0.559130366552367 5
0.8891650217092 0.67308427239834 0.819651697138177 0.646453046619495 2
0.47318172173333 0.322217184302275 0.754009861554876 0.686098627395371 5
0.1817837276431 0.35476619313247 0.673462928805532 0.617805140160568 5
0.969283782355324 0.951753114898261 0.877176185602684 0.588741842992277 2
0.260956184736992 0.388954829900694 0.254548946878588 0.661210071660989 3
0.255860179410859 0.425845969761691 0.359783847768206 0.531053615397071 3
0.474532133798496 0.49062046501317 0.258976903313139 0.674562568738528 3
0.442473979799479 0.313441614753409 0.785860295376318 0.543272197567362 5
0.119913114959796 0.791329722884191 0.961256109966945 -0.0546423905802937 4
0.350921205202481 0.827087468498523 0.623675954037558 0.18208004900531 4
0.867983452382898 0.65569546577367 0.971823999296462 0.292141254015895 2
0.718865011211683 0.810062177982453 0.955637329749297 0.327481410597837 2
0.4984441506196 0.0767619583004972 0.331336824769455 0.401270230564333 1
0.679764688768618 0.868692069114608 0.722348589941803 0.538509364078816 2
0.313034333261173 0.265748403961148 0.707334939177918 0.847599190478686 5
0.47707965272064 0.0878059254174847 0.315373573586273 0.275790633043077 1
0.390742686049334 0.275055304197325 0.386829533198475 0.831489949642685 3
0.346813696411431 0.152824330563831 0.307747249645651 0.669524007659699 3
0.975288522750782 0.489762127851924 0.926651867676949 0.48243689179657 2
0.38226921978885 1.07591487736534 0.891771672941498 0.155590903664728 4
0.264653293075701 0.251759992737059 0.879110665544781 0.797692698058517 5
0.310816601995239 0.261848023278567 0.847868590211753 0.669200639070344 5
0.588042174925814 0.164218149507547 0.267636429519511 0.266239502221405 1
0.469710253703467 0.458177234410664 0.772514316152301 0.6795386005835 5
0.578805500498125 0.165907570232868 0.358963202461193 0.329167214594859 1
0.28003658085157 0.318468395613674 1.06007214570893 0.824225321551076 5
-0.0456086189906987 0.774473660845138 0.803523247395895 0.282058191995537 4
0.124171709201753 0.898566922119349 0.584350648545078 0.319961847932771 4
0.462112307313032 0.132821034337489 0.170453007757508 0.345472910745525 1
0.879272250033184 0.495579513535129 0.900626116965067 0.278614668486697 2
0.592994534013638 0.026946248416829 0.340844433978749 0.282676331337993 1
0.64167909979742 0.603660353259538 0.828455142907951 0.788669621771113 2
0.489998881622853 0.0459911565269908 0.300881425212943 0.284452972874677 1
-0.130294484595084 0.8183520065681 0.730229293645211 -0.169009102185848 4
0.493986840995159 0.111291373441327 0.302201198525606 0.279679969642164 1
0.582677991407774 0.248134686975704 1.20849827232978 0.719106691534696 2
0.0944315690202489 0.366807550479421 1.20489018001083 0.605662894720953 5
0.599639617280792 0.0703893832938544 0.480334934093098 0.306787307586451 1
0.369714773760305 0.238939307143611 0.124324746166556 0.827018386240845 3
0.277657986649105 0.413877651482998 0.953067367382539 0.656034335874612 5
0.290566249815907 0.42877139474513 0.919716327961526 0.788127790383365 5
0.879114181408511 0.746146699294831 0.878302090932269 0.37522867740719 2
0.266189511057509 0.297696137410374 0.84401082993934 0.634650087228941 5
0.233071102133115 0.868481410385154 0.823041216929971 0.0468366099469227 4
0.327619739880271 0.40959131093894 0.930172351412112 0.852635963114656 5
-0.074464718596005 1.14678225376099 0.702188034546664 0.424396752474271 4
0.338406791328182 0.380932555526533 0.759790169048858 0.902765309017175 5
0.318696222309799 0.208965489972981 0.325287011516583 0.853357416691763 3
0.166747385195041 0.930028826854655 0.695576700682931 -0.0883495784386253 4
0.32691812825348 0.310896932406888 0.194056818141914 0.802319268265725 3
0.303761383223724 0.104425214025712 0.845603139087019 0.862611297815045 5
-0.0682082692365261 0.96979345933041 0.764001053565619 -0.0447706111098103 4
-0.0573578780370474 0.849057043975844 0.462720883742619 0.0696351295996731 4
0.259744916752814 0.990414761783387 0.702851707912837 0.252029052346004 4
-7.76702730323209e-05 0.688085964763832 0.613346145306138 0.180175285254817 4
0.0839102070012379 0.849844343689236 0.883165660482632 0.0864865723903482 4
0.246768852266442 0.394239217496162 0.790495709943396 0.694027572527699 5
0.281924259925701 1.0630279637369 0.642402191516631 0.0761703714909192 4
0.511364792957201 0.0628215308405411 0.411335687521035 0.223288483349734 1
-0.133042337117292 0.869003500273677 0.769849909500497 0.318746181822203 4
0.589597276478117 0.0581035085662398 0.338207319143978 0.441793273865466 1
0.587453240090924 0.48522694628403 0.313935460075438 0.528246801396857 3
0.562502589831332 0.153243038198339 0.207897646080319 0.199057104522705 1
0.40432575821945 1.03411365626369 0.7454991354279 0.109570026299277 4
0.0966809127850553 0.377211929774323 0.987200577595333 0.764973253419104 5
0.456431114666257 -0.00477161365768887 0.367695059317056 0.310417935023164 1
0.498690601088356 -0.0690459929040544 0.328352083381557 0.16787241362511 1
-0.00974129271345653 0.832692955869457 0.693520181149088 0.228464545336162 4
0.883685188129418 0.767774868144072 0.964674131764042 0.435129579740792 2
0.314860521367686 0.310606201413872 0.35935751446483 0.612881095281337 3
0.833878675875677 0.708340257272597 0.92087739498634 0.499511777779147 2
-0.102336530873047 1.01869391610915 0.677720375705324 0.0574049457937739 4
0.480648989854856 0.323525943899449 0.722704286164595 0.731486163796517 5
0.326147352753775 0.28275225500931 0.256290112167483 0.574735060389779 3
0.0116857964956942 0.953449339556868 0.536180769684475 0.276075438191287 4
0.522716998105224 0.241017365618916 0.389438274082943 0.300465896569658 1
0.526382548247632 0.0402517567327551 0.343394467385095 0.308292240510562 1
0.222729083642802 0.406493873771546 0.898020087508659 0.757260276941475 5
0.34477403170381 -0.0321376749117382 0.359702910945912 0.203336337658621 1
0.643014064837929 0.100780702367779 0.26786792575474 0.268659031381872 1
0.453062341664235 0.920243737421631 0.767087338195966 -0.139046893649847 4
0.251673332255357 0.323241926957838 0.805409163917339 0.852263651286385 5
0.283084261769947 0.322648194479735 0.810862759469047 0.775065762539153 5
0.316823269957067 0.278416889182392 0.991956356553956 0.895145217073635 5
0.211576062352847 0.395880532091104 0.973987289811454 0.674224983797393 5
0.529676271992366 0.140195584674445 0.255065215001332 0.293397778319246 1
0.846704902185337 0.971471333476492 1.12571353310432 0.549791678011371 2
0.0892408849104414 0.232124048644974 0.955471481136424 0.91476997104065 5
0.976684092332835 0.764131381116649 0.82085024258464 0.679196500086822 2
0.482880489631314 0.120417769383938 0.349862322565801 0.297561237141358 1
0.356095835480618 0.377389964082083 1.04983307617103 0.727575268375048 5
0.886183393371546 0.692213213260153 0.869118101773869 0.503152552682024 2
0.471589932067272 0.198372691177434 0.358174078719421 0.350577519956702 1
0.297576783739629 0.347470184321781 0.932171435738493 0.798843452306704 5
1.22512057345748 0.610151168680628 1.02209134394483 0.608558166019646 2
0.283980435175434 0.257373142808639 0.281499642157344 0.640857358769122 3
0.102141570905652 0.34205670601207 0.950999113900418 0.772203890645141 5
0.322998637888163 0.323133706718916 0.896234995736826 0.704872855425045 5
0.159426857872373 0.873423950970803 0.648054436647815 -0.0247624660003153 4
0.920627851746975 0.723099047339804 0.956689918727802 0.659917071325167 2
0.130399607836892 0.885967961734073 0.924540448547312 0.0591750634656754 4
0.319055176433454 0.459657429676224 0.261372733933613 0.656566587954808 3
0.282734009011283 0.318645549572654 0.269486982817346 0.564762169455676 3
0.448559943445561 0.00934137954777814 0.215297017046113 0.45739781196462 1
0.302525957626815 0.372447491301911 0.214975435110682 0.622404386427317 3
0.393219782772673 0.31850115043229 0.858720368729566 0.687850022813658 5
1.00849115772546 0.723571086779454 0.881202745304161 0.644174188138016 2
0.321117465489256 0.358216894641036 0.303695431375947 0.62193660934949 3
-0.00300977318227186 0.838724702240697 0.738353690870017 0.0942608361382661 4
0.248162808565366 0.752359611092624 0.549989184535932 0.00602375168725794 4
0.294522982964971 0.463822049080569 0.982116555365135 0.763827832016155 5
0.340837266822258 0.458906705130388 0.88453803742185 0.632713625732728 5
0.956271813420831 0.683652872168459 1.00770830788161 0.772106411267774 2
0.297756893519314 0.391611616959226 0.955526983859168 0.791680248736693 5
0.333721158692735 0.168654349404857 1.05729751967732 0.721282015389715 5
0.429376750116105 0.0290921435008129 0.411183029983256 0.343955626167559 1
-0.147583404556337 0.851892995189131 0.799911942978252 0.135429432612663 4
0.358966774102813 0.376174914384494 0.292319994321674 0.595699823071032 3
0.141501224236242 0.500502096746844 0.402310020376104 0.697224484788978 3
0.266135367743839 0.957689931718264 0.594082372349095 0.292426810322413 4
0.946129243926161 0.715344584101341 0.930428062722566 0.335080875493267 2
0.479073349324565 0.0775725028057556 0.306848711094743 0.27879420433397 1
0.516724476915957 0.102893281291601 0.372619439356162 0.3198121278337 1
0.247171365504829 0.254736405774781 0.280947684632795 0.636640808679057 3
0.313170279482449 0.377635983694095 0.764931400731485 0.639229984960993 5
0.405346320821041 0.39154007623935 0.427994106377852 0.689319523855631 3
0.170615308014046 0.421571291039143 0.949961435870444 0.787333721030219 5
0.392952020692279 0.261553458357684 0.870125682156387 0.756640003102684 5
0.0908611812413162 0.954318626056649 0.844348236415984 0.118829774142755 4
0.676544146331188 0.0752488716032799 0.285557888205353 0.44149891096756 1
0.441955208362191 0.0764431784453588 0.4748684775282 0.378646759939446 1
0.52747556027567 0.0931811812923006 0.172273839444525 0.280531812652167 1
0.414795389366443 0.193529067608428 0.380555963776163 0.345245827979646 1
0.291623480473627 1.20451650643263 0.970567982143619 0.207424054245232 4
0.280785547434075 0.429245442753762 0.153118062446045 0.775674965425752 3
0.357223018895899 0.171006136426492 0.175599833784158 0.337692368204478 1
0.192281886811797 0.85501594022168 0.704806020020462 0.120609860013674 4
0.331821920950601 0.185385613768286 0.843564939706274 0.718546170207535 5
0.555639557682139 0.0244336585835805 0.189086805144004 0.303504206077491 1
0.417001179148065 0.0197040374934201 0.355443357989079 0.598058047961717 3
0.345303916236704 0.257105633728837 0.83645715501177 0.584460470956337 5
0.581452389857457 0.0148768548630013 0.380316961144898 0.39180087537047 1
0.661801265716219 0.0642118307952439 0.352760334963404 0.278864761317403 1
0.265004328413362 0.25903202015609 0.341498849309039 0.757520495928281 3
0.219285738994849 0.268567457419856 0.311799742368125 0.665067929767696 3
0.856090362784891 0.979639589923002 0.897117945982659 0.596129455131779 2
0.322021593738392 0.307354962484188 0.253183727439911 0.779377466724839 3
-0.0971716749492064 1.07310758075684 0.834783125330958 -0.175431796465848 4
0.529734170728013 0.0860134609559538 0.394970599167883 0.432310315975393 1
0.969453618345212 0.573360930099805 0.852392210998542 0.291056493350318 2
0.838524364547394 0.704381733154195 0.957683821041438 0.425647939755096 2
0.301471912747574 0.410597216532192 0.270190197705302 0.741633420442171 3
0.399447426760478 0.0263390367889414 0.399884498500256 0.351498375211479 1
0.59324204366119 0.184674468359346 0.309156089559965 0.2319529754304 1
0.47587136141335 0.132390393422586 0.340750528463943 -0.00167664054245353 1
0.0885153682741619 0.784493330633625 0.565874685840819 -0.13702370100791 4
0.027162090107009 0.785766253897336 0.67191322745547 -0.0100860005264067 4
0.197990550282385 1.19660784913986 0.830657412163161 0.163777208476357 4
0.0809768946892327 0.826042120931099 0.614862655174893 0.171148272064226 4
1.16341356598836 0.8796027849501 1.0561161574266 0.533902205000136 2
0.324398346176158 0.42328821626366 0.903628097664159 0.661221716508129 5
0.107171620675337 0.998486893652231 0.821086667791429 0.205045333829433 4
0.369712891295415 0.195657698382268 0.207353178066485 0.725724938429849 3
0.545443401744278 0.206522437016121 0.32853728886847 0.176189797238886 1
0.310380130489472 0.377121717267759 0.303277471509084 0.746394053251701 3
0.309299908944967 0.176763412231192 0.914400130880935 0.779989339238227 5
0.476736204833064 0.277979364209993 0.410306772314194 0.714852700374862 3
0.398206237201786 0.280283797402989 0.771263927820141 0.669736639592175 5
0.272550538006963 0.320005452082886 0.954199444027771 0.706953813293117 5
0.280872763211642 0.454073346315672 0.876690776688223 0.674552336133221 5
0.218642745820453 0.571804027265042 0.794234814115731 0.321439574318513 4
0.355459729525493 0.170473643625873 0.965800256559581 0.677799689300941 5
0.571879042259023 0.0905905642009843 0.349104103637136 0.306710255962367 1
0.429120599226708 0.435633718036642 0.285455504591938 0.704671241097312 3
0.479497194025763 0.257102888025404 0.316419719533196 0.128494584872531 1
0.480935676874583 0.154329664396093 0.305652535726177 0.141081421853507 1
0.768526684272027 0.786311227205959 0.878063116935037 0.568142680706216 2
