0.0660997089914571 0.161494605304421 0.697802221757765 0.770621756900066 1
0.785486311218134 0.426879429680053 0.0458733561782296 0.531052215677302 4
0.142829375988927 0.425191180743851 0.507372446445118 0.930388473998375 1
0.560138213635772 0.564873273687409 0.0522998759681888 0.604723681786174 4
0.757999874532675 0.57906422293584 0.072451584611436 0.494967507606351 4
0.788427315807177 0.825864342379134 0.285268635270148 0.121400108248052 2
0.735262932994972 0.96804248424916 0.322585972824574 0.189290716783522 2
0.745110124891097 0.532444101031413 -0.00696172745606283 0.445343926863787 4
0.734955919199126 0.129912187853353 0.742797323875912 0.625995291005532 5
0.997140545418632 0.945297034789351 0.386906077284752 0.19697209604914 2
0.773644994299303 0.523745835422742 0.123651061599754 0.526837869445253 4
0.149167235377531 0.339905548796313 0.357497720186005 0.962833505869364 1
0.0138423039601049 0.385302264719511 0.630178383313445 0.799068453293938 1
0.954940905629049 0.959331515250426 0.17134168198203 0.101910121521917 2
0.713987413118709 -0.0774168603960343 0.706771959773229 0.410970114780948 5
0.930944151510383 0.663605202484917 0.294203010203891 0.755268465987816 3
0.104694814308378 0.294879250514508 0.443273594179172 0.831904322656628 1
0.776482371796631 0.553550238541071 0.0624014015935321 0.549333788484085 4
0.0602153573129063 0.430480884669961 0.583768423412425 0.935024854264314 1
0.0829618895609553 0.470604905899625 0.5319585775794 0.855427567313598 1
0.615405701121979 0.422888860675369 0.104438442787605 0.488587056824689 4
0.692206873577182 0.53745533059269 0.198850564535833 0.417415362629129 4
-0.0684796594174449 0.204022518145176 0.32251018533706 0.760789339041739 1
0.712837194098308 0.490595330808494 0.097983686052155 0.607969092251466 4
0.788605313059866 0.792681966768151 0.247302436443982 0.0534557459931916 2
0.887751756308077 0.649387667092752 0.324303707177398 0.786306114259306 3
0.883413863759517 0.101369865464231 0.876023333458676 0.522764386002752 5
0.832674102153977 0.985827543812383 0.320613973809022 0.201219361975454 2
0.848637311362152 0.967820445588118 0.448009515003112 0.138852508420379 2
-0.108178436638121 0.0836512451405491 0.352365912769093 0.953262039711751 1
0.199342915573066 0.116353271825738 0.598746134463835 0.92388364809955 1
0.764579251146415 0.694786176701327 0.190284413004056 0.741425137224996 3
0.909136999612988 0.947704459355753 0.252666346034515 0.136434373067226 2
0.636697256218024 0.0412922319351333 0.736522141930818 0.474059794802613 5
0.843339759284556 0.796641647567792 0.352447724609344 0.0120343263526677 2
0.19300658762184 0.359746115749977 0.419796966359697 0.976110504021113 1
0.849539668333146 0.691185812380627 0.273874914406824 0.714029143811043 3
0.681653666194719 0.555998909976445 0.118261111046706 0.482939775285867 4
0.668092301969571 0.504616684551437 0.134754606144537 0.528008566294367 4
0.285609022954663 0.208642205803821 0.455767707212146 1.00513886053626 1
0.654154684362771 0.574214279372802 0.0142170801511777 0.497012979261511 4
0.65244788954874 0.459462634146308 0.0562104671110474 0.482287252938956 4
-0.123020837412715 0.277370779221283 0.652172540631264 0.825636005998583 1
0.731756897901005 0.591116736166977 0.140469837510696 0.522355156803236 4
0.907518203535828 0.752761087434292 0.260745130458417 0.656004101564172 3
0.730884705132988 0.481574049090945 0.0841005514782349 0.464826307614227 4
0.693763674660551 0.537665012063705 0.0516362896284352 0.431596975965094 4
0.717123108184918 0.646754916313485 0.0867589092119995 0.480171541236676 4
0.873452193941934 0.997974192598351 0.312086904637069 0.0844011155339713 2
0.970865140951996 1.00495009304393 0.382301939969676 0.161576835669258 2
1.19787431840755 0.123969274180696 0.85548045247026 0.827274783626185 5
0.92894324242654 0.0512844025052727 0.817216226412544 0.631293334360753 5
0.705367090498035 0.937871799155564 0.377208663535966 0.114648618540633 2
0.00953676126397748 0.120535205232832 0.472867822004009 0.830137256740606 1
0.701731608997981 0.430760030339137 0.164669205931688 0.536106147581389 4
0.694884233074951 0.43572151143232 0.116490644235998 0.529533089003427 4
0.641599045851922 0.500368108480312 0.0430755829521295 0.452991737668189 4
0.0511534187442205 0.299645717646957 0.433810010696005 1.04998067368487 1
0.607930329733163 0.59318268700262 0.137976188554742 0.360569571476389 4
0.988897355239859 1.05910820901854 0.479131409906935 0.0548651815351722 2
0.185983523984489 0.245878045611952 0.611727060502004 0.920561341668851 1
0.901320399159676 1.04862718568232 0.310729965498833 0.115185827746564 2
0.60949310215646 0.453227214750203 0.0168320514359427 0.535255333230922 4
0.793875885625657 0.522783381649451 0.0426042490269815 0.51659563767779 4
0.873343075255042 0.837928774595452 0.340337345658153 -0.0314530812528901 2
0.88518961957255 0.64259644838227 0.278874423264143 0.682915339118939 3
0.20730755163883 0.272531081131679 0.476867092035488 1.02332625318736 1
0.923070970304447 0.185544830675425 0.647172144180965 0.731974379137526 5
0.825817051581769 -0.0317922231147865 0.700564800053053 0.243531955960967 5
-0.0192288422176134 0.378488647090204 0.371657751669051 0.858748554656549 1
0.923014783790111 0.143404940541859 0.644995581282287 0.49514813287689 5
0.813746991542072 0.923810410170768 0.324960459096523 0.271940416384064 2
-0.0607879121842508 0.185853584100442 0.680494259582768 0.99608234030823 1
0.832256735772643 0.0643174717149648 0.639449122150578 0.545069873972093 5
0.748333068710384 0.573031452511695 0.0874305553168358 0.426344201986092 4
0.792909853008882 0.47026585712037 0.114800501651435 0.557951637932058 4
0.171047219975428 0.480840991348506 0.327670825603492 0.866533708339639 1
0.859685431353444 0.711522439456124 0.312047852609267 0.114119727004574 2
0.827410123867743 0.721506161464861 0.37518163413362 0.649910008613882 3
1.00612900323865 0.901819537950946 0.280364961444302 0.112335374531075 2
0.848527189379549 0.315654881489748 0.592220075440803 0.535150931543546 5
0.137522286580523 0.231462183379363 0.516287422018164 0.96126976332361 1
0.963890673650021 -0.0433419876664539 0.731601884150384 0.639109067238911 5
0.637332407331067 0.49385576501254 0.146553637962616 0.581083564915371 4
0.989731751494983 0.0317824891963329 0.894967211628444 0.564017325381636 5
0.900361536721371 0.678799184388451 0.357972918926165 0.725731727392562 3
1.02001564115754 0.758459901043097 0.224265914697581 0.689507640677603 3
-0.156078185683519 0.289898084870366 0.544972956610117 0.904570057061921 1
0.734731457281535 0.513187177028659 0.231578205318389 0.451350513421919 4
0.33374689524047 0.371936628615421 0.305192410404526 0.89112629182652 1
0.803066609776905 0.541073801920043 0.180071338032741 0.525805931382068 4
-0.126506520338466 0.428191288564288 0.682082886723386 0.941430285926415 1
0.935585597653018 1.10521032009394 0.299200481696266 0.0513299875001222 2
0.610010422664487 1.04007724478452 0.192000544279902 0.115590226011994 2
0.735189038715467 0.556980544799238 0.062062343100323 0.497761201415238 4
0.602466987003659 0.544580211635983 0.179215163939762 0.512314436736056 4
0.875474455681566 0.0682984028734166 1.09200660242907 0.373943119136922 5
0.12313724414735 0.350404729467818 0.737674877582725 1.06723063268887 1
0.874563016289134 0.727749222953982 0.327002948053862 0.677720397644475 3
0.686188362014103 0.572656838304319 0.149220484354192 0.599907895150852 4
0.97305964056519 0.885805672824887 0.228718899650628 0.0476318138090938 2
0.78211850250498 0.620008352395794 0.197820738194676 0.799715783264388 3
0.0506693201365902 0.343139479149302 0.459205136333506 0.634353574297804 1
0.783018027914126 0.455361655661128 0.0363215311438818 0.561551902839852 4
0.0944240197116149 0.23657963805033 0.778604338418562 1.00974717549886 1
0.634163009562033 0.606593358478411 0.186230207494646 0.565461329296929 4
0.992533486244927 0.784392574448394 0.329527741229666 0.68897725522718 3
1.00093093346227 0.817178939855303 0.130538280829921 0.0526225678217849 2
0.797855574885222 -0.0729875609501326 0.918776185854763 0.417822918342873 5
0.0833460699478185 0.540551639986537 0.234442863456978 0.997421268231657 1
0.771672297734442 0.72087957876072 0.295288688709891 0.675704638187286 3
0.8973166505274 0.766202056260491 0.347308801889731 0.0586612921837219 2
0.949852569208754 -0.00307063895423262 0.748181326620149 0.639965863372063 5
0.911318834626388 0.0782680028916919 0.682681814288127 0.49594922430142 5
0.0356399144849279 0.388199127614393 0.552697581156808 0.851783036247158 1
0.825522186363983 0.70777012624125 0.23016074004786 0.433004680617949 3
0.188787057554046 0.324044633201974 0.504171238649329 0.651818307421121 1
1.08534821707558 0.961473756777375 0.404219402537697 -0.0958743589098166 2
0.872952114273143 -0.0313123865859894 0.523192799214856 0.468635554113102 5
0.841746094975922 -0.00418432448628399 0.453781587938675 0.523543066185046 5
1.06583345349368 0.996306779504193 0.325900651621033 0.031819728490047 2
0.954496241783394 0.849516165774971 0.240366089314737 -0.00114714316986313 2
0.897735648496171 0.734708069104336 0.251409700823434 0.683443330417921 3
0.119064817783177 0.21733877180404 0.744619719069194 0.979030284809413 1
0.110940468683707 0.455044997178885 0.47241432824099 0.920626569225768 1
1.03931649064686 0.656282356016758 0.298034863142898 0.207096395973291 2
0.994345142598537 0.904234661685068 0.115727564347037 0.0317757800475312 2
0.645565936873374 0.443486761208118 0.121036973419464 0.508997054549698 4
0.761105745231648 0.480983317626359 0.149803589020029 0.578549848583106 4
0.705593507607439 0.502394999854116 0.131473754425382 0.435776761455821 4
-0.00738984114011736 0.0661788508384391 0.529342370733411 0.725810281380743 1
0.753243368329249 0.493199168073265 0.0133082224534715 0.502197799817054 4
0.120221348423592 0.329473660725068 0.476211803158882 0.697778453031828 1
1.13656811875846 0.273654228290143 0.808178815400984 0.575215355789253 5
0.0972659588150556 0.34813391799256 0.570334914067109 0.82983839921026 1
0.188320692410781 0.277330527385749 0.682619294850494 0.828328663952748 1
0.738774336411951 0.411254231516455 0.0865971782795945 0.43841762744748 4
0.855182286808522 0.545735696756548 0.117818360595084 0.497577381623976 4
0.735016449528865 1.04799283479159 0.318533520332162 0.131532694864419 2
0.713564516020741 0.573015565363649 0.154288088065483 0.603993602695193 4
1.0073535767307 0.945927536770063 0.300069572028225 0.000477502827693058 2
0.793528188046367 1.10358222598777 0.361231692290116 0.0167131909935175 2
0.614489043314507 0.48932160159546 0.168646543965618 0.472836802190738 4
0.819474323532215 0.647822690046371 0.335310250528707 0.665666388135246 3
0.664817015283344 0.575329252206516 0.0850512800464388 0.42054746693619 4
0.940872585886833 1.03494890542951 0.178208718374579 0.125804081080672 2
0.940640035367475 0.721812223297449 0.28125919188384 0.82121272211923 3
0.785720858355643 0.747459185709937 0.340807990582058 0.677670551873498 3
0.152388102036013 0.297458895541809 0.38238692884715 0.946052920784813 1
0.273468032367415 0.370126670903671 0.411185497862624 0.885013436568254 1
0.193730753537637 0.318027247144474 0.403653858888415 0.958671172717797 1
0.972411882629961 0.044256364723593 0.676676445727685 0.564659643265392 5
0.0656247553751791 0.153012065635066 0.358575369140683 0.858803337480239 1
1.0625730647182 0.919482858230724 0.479771968284629 0.0402244532648857 2
0.790096184532863 0.847574769652712 0.456618761513624 0.183449490307554 2
0.926033087672573 0.926813448404127 0.102997555298074 -0.00346764403684788 2
0.22465955151272 0.425013944665225 0.502388460093748 0.901217107293464 1
0.889922615884231 0.802803138053122 0.328858342587588 0.185246357528298 2
0.762572590189666 0.957184886258061 0.195691665885612 0.28265392681817 2
0.886786688216462 0.725889646315717 0.285242431609339 0.66525099257501 3
0.0197836372679405 0.257519640603612 0.499470801355666 0.84455876869635 1
0.082527072484834 0.47706725561756 0.781135328746471 1.1562718176202 1
0.0779974989631969 0.473147904470905 0.56241146187163 0.797532794036221 1
0.0650044858139166 0.235528641416117 0.465510139330331 0.692364147914129 1
0.808275740638061 0.765590954905949 0.280633754368092 0.707501597041053 3
0.154124245969269 0.275288228659117 0.621435203990677 0.972382205513695 1
0.737898151718062 0.547526004607007 0.0519310920881854 0.449805753122052 4
0.700202145240317 0.579400125333956 0.0907443315967817 0.413401613193066 4
1.06410660966101 0.965766320944986 0.316966702562552 0.161413533491772 2
0.822248840041459 0.782438239290611 0.194909064726809 0.173002891942286 2
0.950945784859336 0.953799078152992 0.284564445226773 -0.0171964793264709 2
0.0279978965698792 0.460214103384403 0.373279854669349 1.11447200477778 1
0.185585341634866 0.220502034968387 0.461330696316929 0.868293329788372 1
0.750748556408774 0.0100371794285181 0.674633559916278 0.414073479870854 5
0.692197294719414 0.523098954946872 0.0657925059910117 0.545913703408756 4
0.734076977649089 0.028966347894856 0.517278866973872 0.56045322849839 5
1.06635561923959 0.174175200142874 0.770819845461341 0.609911190941991 5
0.735236121754882 0.473831839374734 0.113446073004323 0.537943003033008 4
1.07511785582851 0.224562572886446 0.749714668025856 0.609517392506426 5
0.531980766423854 0.608287253893062 0.120525675409427 0.530942972413801 4
0.104028956667924 0.371963130110725 0.515983740129158 0.66935093624072 1
0.883547467216629 0.861898907744461 0.192840072245506 0.120565564521469 2
0.0585692099311617 0.216291800598334 0.493834367648182 0.953788640031723 1
0.942841584683065 0.253530427274712 0.68264896809543 0.443995756048973 5
0.799503089182998 0.579351382924365 0.115358778645824 0.421803055283474 4
0.906390848164536 0.129308760956729 0.631859797566422 0.350523091293847 5
0.878424916113185 0.720608330986495 0.296957182550876 0.629711792034847 3
1.09725447733208 0.809084028864716 0.287306234087687 0.0406391856967183 2
0.00266049512457073 0.456966808146626 0.395860680444407 1.03338480821545 1
0.769851689726469 0.731894157671438 0.248022225077 0.610590909594512 3
0.809227479765628 0.704670611477982 0.319972490220519 0.738224938520641 3
0.654798105708335 0.505279979417522 0.159111659532724 0.443356754757456 4
0.0312882622393656 0.232188666800229 0.47528532027604 0.886857685576615 1
0.759557310962169 0.0717526888574537 0.74724301834483 0.564983012670256 5
0.0343955900588695 0.306125567647077 0.535086576782069 0.835402833870633 1
0.788032440078869 0.467799778991188 0.00761019762030744 0.551047645268626 4
0.775524437497009 -0.141081127323006 0.666233879429879 0.348774770423664 5
0.921882272983291 0.796904047830497 0.314948918001313 0.226950186644654 2
0.848338642319864 0.896615374492132 0.147622429960904 0.198275178865472 2
-0.177882646954799 0.251144428868443 0.455518182860731 0.886617906464249 1
0.958712756727465 0.750502088045199 0.344195619549975 0.613575524656258 3
0.182409892583609 0.402713559668477 0.342359391902574 0.88048212468431 1
0.646109067865771 0.513950762239849 0.159438777057887 0.518988227693632 4
0.0795827364418819 0.296377738094876 0.418876168258301 0.842453332735034 1
1.03065821883747 0.825907765002122 0.317433557487141 0.114253137581968 2
0.9798614437901 0.295807818823237 0.314751673847816 0.468558488618442 5
0.809612047597441 0.566258220193456 0.129376793304095 0.474721725751689 4
0.966113022288534 0.632721920721824 0.417326840026307 0.667764126289192 3
-0.0173973222345421 0.226684621969768 0.322208869892547 1.00650098644709 1
0.834669215489177 0.904013929247281 0.274501417561333 -0.0379646965655153 2
0.928163026115937 0.676141165995871 0.43886582005383 0.629617906152299 3
0.18549228794351 0.366699306813013 0.586794010505454 0.963633276815635 1
0.67985636577061 0.585224080419008 0.0550870775579518 0.499576117581378 4
0.685949188487709 0.510629463454879 0.0754630581564965 0.541612062391204 4
0.645449549130277 0.491513319579388 0.255120020742895 0.485036038375683 4
0.802503038952559 0.923093178315633 0.355056324061144 0.163097429854416 2
1.02484336657669 0.173508313336975 0.653905875030367 0.65710356930671 5
0.00561659276163286 0.342072092046113 0.484086712596615 1.04516405081065 1
0.726017543559622 0.581325837201967 0.0500502524242674 0.511719378105285 4
0.879195968362009 0.833176318295024 0.138001272639314 0.0787447421607592 2
0.126538656477577 0.245010672112705 0.506938474482718 0.979028798168456 1
-0.0114798366195178 0.37866773713127 0.420632836589058 0.7920816914285 1
0.874718248417916 0.953739773666921 0.190210719617876 0.201630897118256 2
