0.230060172159306 0.872491632046069 0.223968680313584 0.588522524316288 4
0.725237136836063 0.502566877201272 0.753928404740306 0.868326439480226 1
0.196476187935413 1.06476443164527 0.0778279485906691 0.408175295633756 4
0.654229447115324 0.328448536085602 0.857672182653811 0.26659881382858 2
0.725142686719357 0.100331204164339 0.8110731200635 0.237869842492149 2
0.684510764734148 0.489607910704908 0.979908429284291 0.195907391617008 2
0.772955302175093 0.932478011568633 0.334082924019487 0.923494957169113 3
0.936857567671816 0.842805063963847 0.360606361435638 1.08996904455701 3
0.497954697412461 0.29938191802277 0.633128107533963 0.0641754808291048 2
0.942596997658361 0.480779475061212 0.659058289499637 0.914582574164507 1
0.846785520418697 0.415205483263276 1.07367495238222 -0.073995242405094 2
0.472939197324452 0.661218384884831 0.604996206965368 0.939171771479467 5
1.06486958967755 0.933837214339337 0.230829140587904 1.0919468920806 3
0.915129252267676 0.476727212148296 0.725875300199734 0.850000508100164 1
0.240825411664601 0.924076244438067 0.0925169120121166 0.428258980453678 4
0.964771852560163 0.936259765611977 0.172277307935721 0.881560521582534 3
0.950030847419017 1.03429570954998 0.341359833330625 0.930750904757239 3
0.218342460089407 0.874983391879172 0.193201104619373 0.403857528394151 4
0.744235970955804 1.23169991484441 0.247040956249448 0.991846073778458 3
0.614749734192508 0.218841293101275 0.864170097894783 -0.027170449409785 2
0.917836422510784 0.527849900007045 0.698977736594336 0.968613484482362 1
0.218299439496718 0.217097689312308 1.0565657683753 0.0419847286167698 2
0.296327988863556 1.26373572154318 0.190961779950043 0.633314738064414 4
0.925662380545975 0.87951945389054 0.345870152437578 0.817517502813649 3
0.467200441396157 0.195963105253059 0.739578956298734 0.281598350164171 2
0.933853556691563 0.82079801043526 0.298579645656916 0.699876629145603 3
0.846992215079364 0.884991774729732 0.114924267547069 1.04580341940911 3
0.414614468067598 0.350213954267594 0.949437527987291 0.445364877085957 2
0.899593282428106 0.456386033601737 0.730687023062597 0.780178433279679 1
0.641666581297794 0.90175048801659 0.402262464694609 1.04353926075721 3
0.388353231442896 0.682775446777513 0.153957863941481 0.663818853868796 4
0.819260442680876 0.490832650512029 0.767692469942441 0.987230750896168 1
0.704244913099331 0.341302065639231 0.836912067894712 -0.0180506834304798 2
0.899575039980574 0.55882128613573 0.745464402392475 1.02748152105032 1
0.924108689573039 0.481023208966214 0.686132753919113 0.902777343719447 1
1.05060140457868 0.871016668811314 0.393909871471593 1.1065404419986 3
1.00464601873315 0.911470196387011 0.542337075168039 0.945436391290102 3
0.865466985992921 0.420166211544803 0.611081464923756 0.914120892098921 1
0.472777301693513 0.772362817596238 0.689684395011173 0.924774640800985 5
0.910674206467894 0.870142001418674 0.315554206941709 0.859102832875166 3
0.836925115259875 0.37137815997215 0.865484402620351 0.877747866031191 1
0.508834054415921 0.218381024912365 0.952916326744285 0.197264194544978 2
0.60383830325354 0.732218401219276 0.786176271773779 0.834184433539996 5
1.07454142030698 0.814545394145408 0.194947218585106 0.853174643826728 3
0.416527860512942 0.0843783183243746 0.966239798073165 0.00227492500220754 2
0.440186150437444 0.199742195276593 0.831838418333115 0.00882460490243649 2
0.938086489864552 0.4543221870952 0.576514007162681 0.914393139981549 1
0.212649741263791 0.847203816246966 0.112312744687959 0.375169190889439 4
0.900075840348662 0.576715855765003 0.728893477974544 1.04295738548495 1
0.287317182488626 1.07754411924552 0.296176499810384 0.448522577366944 4
0.778829847551395 0.522999679574641 0.7397085927678 0.960709458253184 1
0.439498262731145 0.527288535174273 1.2711438676043 -0.0574671207770753 2
0.555797905052431 0.403376251749633 0.954772460459859 -0.105773466162709 2
0.356933699189665 0.234544221381794 0.873098520221195 -0.160302331360405 2
0.329800217275605 0.901655547052816 0.0574844010284989 0.411275897527152 4
0.982378580255361 0.355444576188443 0.578577181898041 0.940984527134027 1
0.894468049737326 0.632341880074653 0.733957616367473 0.991948003632228 1
0.801355972194966 0.882817371604097 0.47778343083006 1.16822814818726 3
0.570299976135017 0.27558112756395 0.958661264742398 0.0716759191245393 2
0.96797182550628 0.817130084316238 0.298781914795971 0.943767864967281 3
0.386490462043067 0.331649397024681 1.27270730364925 0.165095707106981 2
0.69648114720838 -0.154898594364311 0.793763819889351 0.115350893883099 2
0.484521451157011 0.895651086417345 0.0842866501088792 0.562568664660652 4
0.972657923593812 0.797414398140643 0.63334390125401 0.865047264445246 3
0.503886108037593 0.617873649541484 0.746945740936078 0.90353766751108 5
0.50851702368596 0.21088654585584 0.610244092463438 0.0240393094196344 2
0.941596969386102 0.910359460360881 0.241875635960013 0.827334912594681 3
0.519739082743007 0.352415394990507 0.60605046454216 -0.114347818966109 2
0.859848048473275 0.591152378449552 0.693205525486975 0.847407819325053 1
0.920751420788772 0.805205907544148 0.313458927785896 1.13014566874091 3
0.289969173749884 0.698178660908031 0.0283087300593966 0.50603026054721 4
0.702469003380402 0.417296467906863 1.170797151796 0.0386456588274439 2
0.959193394834835 0.457484488917286 0.671052479367753 0.862689903131718 1
0.876844306091278 0.830555801914522 0.316586819718035 0.840729703747857 3
0.378637224050661 0.3611740574345 0.823759691634789 0.164028997173521 2
0.841349421231493 0.549447828748081 0.29728059415454 1.05770614078854 3
0.545008827328321 0.701328566858201 0.542220695626849 0.953875277023606 5
0.721308381434678 0.0312548892936128 0.936433071265127 -0.154123109045869 2
0.450759048841395 0.216588216226358 1.01589644333298 -0.045199186264737 2
0.649406340148988 0.892130909569722 0.373387376336209 0.915065043774767 3
0.283213190603901 1.0640956562119 0.0250493309506904 0.579556198750316 4
0.832186112861948 0.874867056267351 0.39059108395889 0.907513089715279 3
0.911442363275933 0.516737953644071 0.61187048481949 0.880547562149225 1
0.106758167664326 1.10943093115173 0.275239868659287 0.520689488181463 4
0.382802048837543 0.769053211902313 0.79530502163328 0.998890671569801 5
0.446119124522994 0.649893232176663 0.641177785071328 1.00018768250376 5
1.11915236535245 0.869410951936702 0.153608976820096 0.770347755829586 3
0.986836005599954 0.36656660191461 0.61937044552668 0.735455283523666 1
0.518425784901092 0.500356228215326 1.16370540274041 0.205649551378063 2
0.358416300171115 0.163487398203101 0.864142216673482 0.109869896381691 2
1.01813092815125 0.851570549458241 0.137954601979377 0.905350844393344 3
0.849911833632867 0.365114299080674 0.562160820389576 0.918016108244584 1
0.316397336225732 0.796384562112739 0.114678973180895 0.521080811605829 4
1.019200691302 0.55471335268039 0.659082204929621 0.765382264254604 1
0.795210442809748 0.528285924484542 0.806785578927584 0.910135396905009 1
0.972246229892131 0.626780120018476 0.678951525813728 1.00353928038681 1
0.804164890642758 0.556955781585706 0.681759694560128 0.968217479935917 1
0.931315602793821 0.953522183886949 0.194722681791235 0.884897299069522 3
1.04661348927988 0.890194011335177 0.317023355073292 0.909966077610338 3
0.966642447933905 1.0258842173743 0.267813367803379 0.950596344958746 3
1.21363011993695 0.995251189118445 0.302504408031489 0.82410379981622 3
1.03912316869319 0.462678197887904 0.723824598881685 0.890137307620157 1
0.857287027106651 0.881110104545971 0.280781153984044 0.730442833608497 3
0.430007907994274 0.31609296158135 0.965861748669818 0.207367624788474 2
0.574606199233119 0.30279395245939 0.818459017593968 0.358881029422419 2
0.920978683201641 0.460162655210131 0.58472544310609 0.803814102037667 1
0.237920272729037 1.0414157253058 0.108707390736122 0.394182067759143 4
0.420150988257654 0.255705090909499 0.61803428388315 -0.109208892387922 2
0.167080846712526 0.994679999326035 0.01443856530746 0.542600637004492 4
0.588669259625271 0.493180715612336 0.994302367021734 0.303095143579525 2
0.887206288638689 0.497746771962482 0.704948897456172 0.905690835142461 1
0.971817252677326 0.463291723384898 0.676700544914471 0.767423472637324 1
0.306563252406137 0.665588406543268 -0.00232514497509151 0.420420831637666 4
0.52589788468543 0.283448935859357 0.873541264576584 -0.223183819920904 2
0.240062142841287 0.963832021409002 -0.00416959281711841 0.753799423364767 4
0.680458802695676 0.282807030476562 1.02773284888693 0.116693834920985 2
0.469058045583929 0.779535030724888 0.623486076380838 0.791833905069808 5
0.307022331131855 0.630605048808074 0.812897751039356 -0.0353379020738854 2
0.419338562388141 0.802361573959702 0.0446434784652072 0.539693381596425 4
1.0017611815822 0.930006900197274 0.211384956206687 0.907545609883679 3
0.959525223992318 0.502588486651889 0.680389752274921 0.894139030185881 1
0.941565146490931 1.13225902577209 0.334532717996665 0.991957941637099 3
0.337478912294997 1.03422050928824 0.0310949876039358 0.471033126358974 4
0.942510307480701 0.719658657917857 0.323447104132266 0.8014155508802 3
0.449820308110647 0.855938719825312 0.0639164691352387 0.773029239569409 4
0.911757953783365 0.553568417181708 0.890434743260034 1.02966595500958 1
0.340822435893853 0.843304856169869 0.240145874511118 0.309192647853241 4
0.786642511572195 0.665732946112818 0.261625975077911 0.928490855738247 3
0.292282882115507 1.03712002484811 0.00542512887519041 0.52846238814574 4
0.275273361619278 0.134935307208304 0.69961878287547 -0.0056244289434748 2
0.932530668159665 0.558645685083712 0.791222775518577 0.789412298091068 1
0.566188003611547 0.785424889142909 0.634944860443288 1.03743992704161 5
0.272413658613795 1.04362609674085 0.054716830015531 0.473300107180436 4
0.577402651393464 0.155564655498957 0.964375278812264 0.135625217489872 2
0.61370101165804 0.723211791458873 0.737976809725253 0.926069329993839 5
0.920500692609422 0.488552064684101 0.783659018297453 0.917695521507523 1
0.546755964366373 0.682476923135647 0.537844257190486 0.923993803967315 5
0.977177642259108 0.789207992059158 0.356401946892754 0.839804376140478 3
0.50997557575695 0.870557013742321 0.0145157505189652 0.421043597226132 4
0.248328343092889 0.980005531113591 0.280728510356894 0.575687923969315 4
0.799930062296254 0.835573131704181 0.387567437561704 0.897858623103223 3
0.387920140843004 0.837505877371905 0.129520773636046 0.439168197455269 4
0.522380443678544 0.763656628028649 0.121774335592527 0.41953370130718 4
0.934883906602624 1.00076085504753 0.225322749711729 0.97751368632293 3
0.80574661895236 0.889114357853987 0.272484265060877 0.836645281440005 3
0.424357483641161 0.667675817664666 0.716847749446834 0.918166535694234 5
0.628231391683032 0.237908166960729 1.06188429377541 0.341272865922787 2
0.256533275933684 1.03803475800706 -0.0417695829347746 0.385561261643258 4
1.03569593053081 0.760381093027527 0.156921508067931 0.953364426263788 3
0.364235707682185 0.679998457291438 0.71611293229005 0.890053081752856 5
0.211554616927264 0.833349152866432 0.0761256786683812 0.317284535308366 4
0.97786790614591 0.42741332662738 0.835065856474088 0.890169301763113 1
0.553049628585102 0.642775187509453 0.5854076781878 0.946824484484198 5
0.490509681785706 0.014932194119061 0.828360537894863 -0.124020845091548 2
0.637191769756085 0.116136146980241 0.950236786477785 0.0101914823722067 2
0.535997466607696 0.0344262120521276 0.694427519040824 0.150715163728678 2
0.192925086906748 0.319842851951855 1.05857333318839 0.27754199147476 2
0.883597669765778 0.856495041665389 0.311025582401831 0.836988508527716 3
0.363223477013681 0.991523421374373 0.11406351360388 0.446849686096384 4
1.01309830683556 0.491801226259456 0.65671610014126 0.878439977338524 1
0.401758496026154 0.666472262909035 0.0662627891986233 0.440750275471872 4
0.90710714988094 0.798643714490997 0.492305795864601 0.880485851512656 3
0.556268954170019 0.625700091403198 0.758878522900224 0.976113270295002 5
0.470963463854057 0.217454086264362 0.853167700711387 0.221811233562801 2
0.26195054051255 0.935612298069725 0.312035481503757 0.38134610252448 4
0.667158966674394 0.552983761123217 0.610751122137483 0.854387035886679 1
0.83535996311478 0.959162905371751 0.296437523582731 0.972046795949533 3
0.639024554159839 0.126276351084611 0.704969619706411 0.307537470428244 2
0.350490822317895 1.015895547876 -0.162819683365339 0.448442421705384 4
0.387659237979519 0.520557328850564 1.05300362962525 0.340631216538121 2
0.840297613126558 0.599817449023539 0.646089848021904 0.677143316514706 1
0.979048138565799 0.498086455055679 0.815366631152652 0.852470607652075 1
0.734629227360357 0.49832892625553 0.646429159451675 0.851659911590521 1
0.990693390541459 0.751245574302045 0.37516518295971 0.942371331582552 3
0.912188849584488 0.947135727061099 0.221613381270807 0.895550825095475 3
0.902485462000504 0.925112002921508 0.48858934704324 1.02766343926039 3
0.63612293938038 0.7754130108566 0.684657605114674 0.856875987851031 5
0.404897300349088 0.41098789097663 0.901286591445193 0.198023985505104 2
0.470428059764941 0.30357297215061 0.756006282430645 0.194334763796858 2
0.12120135435058 0.809757586678888 0.0233879032447691 0.541549463203148 4
0.571615462824107 0.361014689041019 0.741446246237797 0.166231015005932 2
0.712184339785584 0.906293205347419 0.324625030751566 0.960024704288229 3
0.984091607433308 0.833466247053517 0.327154498003982 0.96047720024118 3
0.563019158587385 0.884019570066439 0.108001090628797 0.228443057078243 4
0.988599742695251 0.872933778259954 0.184123304224888 0.836221460867295 3
0.487936710415628 0.728636004617439 0.10861085623536 0.685513809087611 4
0.585905318177552 0.263947551011042 0.684560110060629 -0.115244692978448 2
0.77461354948124 0.995488795915437 0.433815884174535 0.797104582584549 3
0.889687426252984 0.829523049779724 0.3365969194873 0.995784146025868 3
0.43841245850947 0.848408382069147 0.198648184503518 0.690148091939417 4
0.566107572312177 0.22502488470627 0.738055882903239 0.125277024719911 2
0.982601367272041 0.791400469407542 0.448881932311363 0.885275707392024 3
0.425577408285904 1.12053836279626 -0.34590657664494 0.354477687587258 4
0.930838632148138 0.520441814883503 0.73170130857314 0.832297105622365 1
0.341259129934524 0.812299351736871 0.240684345607694 0.53327457973284 4
0.376283397369885 0.557139632977997 0.143124498826716 0.527896376441672 4
0.511531370799061 0.964437041651702 -0.0140745234830282 0.733403130216609 4
0.905504843312309 0.407303038364089 0.573505525725739 0.816063607251062 1
0.588563435566489 1.00658618535517 0.326711970708098 1.0769601499044 3
0.963944015284123 1.01571722517607 0.208958368674469 0.84923623374328 3
0.533118587804862 0.615081099219277 0.812431784504368 1.03500828628293 5
0.967169937437017 0.624910832191772 0.73712675313417 0.756903031996869 1
0.520284146561222 0.324271247504984 1.00111487996226 0.49686266896185 2
1.02383277952719 0.890438954254825 0.266621168999147 0.973779217122776 3
1.00165413194112 0.474930722561535 0.719852531388018 0.982956290444305 1
0.320377921350302 0.98892294814332 0.10033193809915 0.500677696903616 4
0.916502975994717 0.899211664532482 0.195000855467148 0.872387434680436 3
0.93304504015358 0.923019451039245 0.404921864653804 1.00147344450886 3
0.468740884927918 0.195897219719562 0.876756352485083 0.0397665184270901 2
0.91315601343114 0.526663983815145 0.762800188676815 0.882902114983217 1
0.33228583715059 0.963715389945204 -0.00690010906308702 0.545516115885334 4
0.484356498496336 0.0760253527288223 1.10813217373602 0.120838709846296 2
0.986873479815439 0.864432332169344 0.237280372987676 0.935666229128514 3
1.00984974237229 0.600975415406117 0.253864005282212 0.951465027017402 3
0.943704897682405 0.86288769481967 0.394297585839195 1.05003338789754 3
0.833351465750858 0.424891068427883 0.721544349634285 0.790933873309389 1
0.384240212766319 0.783775305799338 0.237868312437024 0.414856726236122 4
0.884010266184108 0.916194063786936 0.408615877172666 0.808995456963451 3
0.392568417105522 1.08144462175133 0.336647592099207 0.659602506073624 4
0.463203352993228 0.151005044426988 0.95753478685961 0.0999590287449651 2
0.198945342333545 0.862342673153659 0.0546171790050597 0.548131003588892 4
