0.0381968781693249 0.509959854944946 0.28963819543218 0.829483077727632 3
0.316813124545404 0.260501595341594 0.806526313966379 0.191118647002852 4
0.419550496628163 0.492052397259787 0.924770428880602 0.903216714809747 5
0.15808125143939 0.527656557100492 0.326280150807308 0.96156328533588 3
0.247201875599548 0.491025949225067 0.252721907328099 1.12564661822124 3
0.291579339186654 0.403534069621218 0.863490202056126 0.627026640947614 5
0.270364475644859 0.39533624197832 0.732033799578959 0.319158482983228 4
0.195610416185968 0.705773681942953 0.213956404372722 0.941142409887906 3
0.144590705951658 0.492776100084767 0.774694227529054 0.561796237548113 5
0.03146753374161 0.7975237275107 0.302391609770519 0.242997551895587 2
0.289032292502116 0.206444425189839 0.612817503883043 0.217916259909335 4
0.200823575846626 0.287611805815882 0.595200207273664 0.804245938162248 1
0.203762384111366 0.315593097785247 0.584011652230912 0.353454597710635 4
0.0746779341702295 0.81844051824115 -0.0389957928489827 0.777399411411194 3
0.492384026548478 0.567262297255965 0.966953488073272 0.569137954999824 5
0.202452537425123 0.499329237290602 0.842713937745344 0.74784886328573 5
0.408415528221114 0.531934906418246 0.942297692449985 0.846705362254869 5
0.314684450606999 0.348288512325595 0.685050852190428 0.324199396429615 4
0.4063557703937 0.34217151268523 0.739981978668963 0.376870476463027 4
0.144172066968798 0.136856795109912 0.615399902723907 0.428633113361667 4
0.318044210864474 0.362284236768507 0.936299902230418 0.635790006931515 5
0.451764615935502 0.59803000135949 0.901087987734648 0.72964577585146 5
0.115661965703056 0.291571907804144 0.435978837973235 0.705609323534461 1
0.187429267673057 0.657798175089824 0.346557930277805 0.12823204379332 2
0.166754641419104 0.415076591295926 0.432856051538366 0.911642275969709 1
0.343175729379364 0.51549397831302 0.950804119118086 0.587158018588887 5
0.236367810230564 0.276034817753105 0.86124639339522 0.130782152966601 4
0.163583095243218 0.19904839846411 0.47961570084323 0.707090092525748 1
0.42349836470766 0.331639290202626 0.610922465787944 0.211609260963563 4
0.273781931946493 0.207779502918127 0.671291697810236 0.227285541606277 4
0.0230787090469965 0.30173961734076 0.459365074082196 0.581300344477332 1
0.416312651444499 0.43295244592099 0.938743496223593 0.33092959273146 4
0.0437149130337467 0.64343681282756 0.042674839168392 1.02721469429333 3
0.0536398131177615 0.383161821061342 0.521619615180475 0.592213741032391 1
0.315466853351904 0.525080257613459 0.904045215652187 0.605139056718338 5
0.105078041013823 0.502208248315971 0.363595034965763 0.211689902844834 2
0.338212031999237 0.364859859149284 0.924280856900699 0.727961087966711 5
-0.0809508031940797 0.795236107760869 0.236960228249983 0.996151130323659 3
0.217831846013141 0.0832109958324106 0.683156378308188 0.333902504103497 4
0.34961405615616 0.531829233478484 0.922671238034438 0.684770197443528 5
0.0430729629672794 0.2793043745833 0.682046620771784 0.582225593029035 1
0.22077194320959 0.203205775711787 0.473910936702847 0.663211572274532 1
0.11163998797779 0.131063294454631 0.459845946322259 0.820824686518582 1
0.15842841863034 0.678921890871437 0.201830108258331 0.736953024807373 3
-0.0194315551114406 0.749020649799577 0.510581771119615 0.105467349677276 2
0.186575095681965 0.436210969701138 0.508211930017262 0.611672832467225 1
0.0186721127950265 0.394942539889978 0.477251012697108 0.783947841816243 1
0.0280601900732148 0.184261135226868 0.589474497772819 0.668405435329283 1
0.0692214055222248 0.280379843317976 0.447209509786173 0.649177221672006 1
0.18585227378867 0.183051016410459 0.725800647249042 0.209967359969739 4
0.0103410848039537 0.815235189678123 0.160376933760181 0.823596658726781 3
0.151219514444186 0.291522284805684 0.855064030737429 0.216289686285131 4
-0.0106368789121424 0.343537020822449 0.417345526655534 0.751773858194933 1
0.214068019375195 0.211594385523536 0.746399829042901 0.210447364712015 4
0.0437961749978432 0.32844618043824 0.424867982678108 0.645444206483582 1
0.289676281878583 0.52981835212931 0.0358713172941509 0.942923453243948 3
0.412133438432452 0.259342530308726 0.797846417547698 0.267846727458806 4
0.338582667319678 0.437255685498064 0.906405016377126 0.770408325163173 5
0.297567893266209 0.377997743839107 0.873531774592349 0.180755239254848 4
0.229660881042223 0.874015906204878 0.340200618482895 0.0287438689451433 2
0.139736261075687 0.502044824984821 0.99085932230448 0.631814352343823 5
0.351010356918393 0.38936525234963 0.825982051387334 0.139491397695541 4
0.376803897136928 0.324851315836938 0.672254154870851 0.397430339576783 4
0.256001775169995 0.255067291632114 0.630871403125763 0.076449836906202 4
0.10631620093403 0.752438012178892 0.214539220836312 0.619820869077096 3
0.48814339303041 0.386353912785341 0.603058166180375 0.121191032018975 4
0.106530958888411 0.864139023513497 0.0811917107920281 0.890015158025691 3
0.447731856822971 0.411307504341235 0.551049369186206 0.356593171726257 4
-0.0986645060626113 0.260163686239174 0.576751548819648 0.77668706098583 1
0.0766416245952582 0.401670815030544 0.600852579408353 0.520868869304157 1
0.34327021342005 0.31425757048104 0.782999151088718 0.79471989404661 5
0.118906713962712 0.744347097715211 0.100078090791452 1.07019412214793 3
0.128464571346634 0.912653666675479 0.258683516359615 0.0479784539937891 2
0.0170875915279573 0.541060416549749 0.40155995180039 0.705499573851967 1
0.0343604653387437 0.682910062936597 0.0868124108281565 0.95190203703848 3
0.167344147543149 0.29868236446161 0.5158845669116 0.712301713240649 1
0.219830032831473 0.213947183067463 0.427544091199329 0.734171092757409 1
0.207258412477521 0.261893946594594 0.659565435642248 0.266673728958623 4
0.0598597815100377 0.303481293062191 0.498641255873786 0.688135860333971 1
0.320520839708708 0.39411634547279 0.640143889892043 0.389904898379106 4
0.0653011786241818 0.708982947730479 -0.0536302170229876 0.923490569957726 3
0.065551538714595 0.582728618638944 -0.124247712434037 1.00927614527565 3
0.131701867076845 0.629476195005454 0.0482824163900935 0.938376275620281 3
0.190527322031335 0.579510775764091 0.887471424771423 0.685386505537405 5
0.0239220764739583 0.300387677335927 0.584757236883048 0.560387358185913 1
0.295341509164332 0.686290897780695 0.238771504576441 1.0718694064082 3
-0.0183563536008748 0.46850238886326 0.408962684563608 0.57282269229489 1
0.217540268296436 0.387728950734122 0.520342186074234 0.652108533995348 1
0.122329741833328 0.337488544480605 0.69465448533628 0.562172627011966 1
0.0990189405695413 0.0956828590180029 0.495162802031295 0.623412680099667 1
0.11453841588315 0.203188821751784 0.497987859185279 0.75865272524295 1
0.00169098345524102 0.290412449035841 0.636230700584395 0.739066730872135 1
0.344489675338073 0.472188445887341 0.930274651295834 0.80608506079052 5
0.163517575610677 0.201771617089186 0.573795460814882 0.391246384034881 4
0.308472888608036 0.285816959829848 1.08497616432085 0.663840593793825 5
0.318091670001032 0.394127584175584 0.710969449323474 0.30860760156107 4
-0.113280951080318 0.298311535126423 0.573302611924686 0.637622050462813 1
-0.0630844524413604 0.771272212523593 0.410530260130682 0.0256792829044991 2
0.234024712507777 0.194909917993764 0.717799824058911 0.185037449357246 4
0.0765100917012601 0.618576210293345 0.130014377863126 0.903011483755791 3
0.281153554633742 0.4486824717541 0.702873923261858 0.341641908698773 4
0.0542426984642495 0.648658023276437 0.274769235980267 1.02248036318226 3
0.222640395061179 0.628817454939379 0.913382002250012 0.881836184424415 5
0.259140889427856 0.473903930176702 0.879641325870253 0.612399590479029 5
0.241843834805362 0.382961723667499 0.784920914867214 0.553202693417191 4
0.250665270505434 0.479944555823742 0.84888980243805 0.715385722374627 5
0.20891361913034 0.711223618553527 0.199814735495581 0.902091566366123 3
-0.129819578262465 0.715242345231325 0.0707915624100352 0.109546393861283 2
0.120229337110536 0.344462672000317 0.63038971974449 0.379083235237073 4
0.285838248266462 0.560591962974109 1.012867767054 0.713077348414699 5
0.246966428769064 0.290137416300967 0.406911918334809 0.562179103762056 1
0.279087885381028 0.538523844104319 0.822333891724189 0.794135153691506 5
0.419075746659795 0.461426821831994 0.789361922114218 0.408522188301981 4
0.232289267334491 0.637172716684266 -0.076085188900019 0.976245534138461 3
0.294474305058392 0.528298701420604 0.796347092318348 0.738353079425781 5
0.0818951082238743 0.654730274822675 0.254801841489059 0.273544208078224 2
0.317354706476616 0.434957946984098 0.829208691083153 0.790775355386248 5
0.232674092523239 0.548315612076986 0.124415390976567 1.05125558422884 3
0.296066898302031 0.317019539641466 0.699556442072284 0.217607710051413 4
0.274518011031578 0.440164350569833 0.806008222953922 0.678181434338054 5
0.248880715953019 0.368639475435435 0.567543682620528 0.841680332945471 1
0.346744620557164 0.463463686390374 0.767263644776105 0.265479985864932 4
0.221756477726279 0.34256417156819 0.51489770183944 0.591329532976372 1
0.2834731177369 0.638567681520295 -0.159573285874883 0.834269823388624 3
0.0691041545659626 0.702008173856292 0.102809231761826 -0.0340834574740365 2
0.117334350216642 0.220993794879839 0.469798103694158 0.683578579867953 1
0.214187970723583 0.251751628109848 0.721769362695573 0.273549372883341 4
0.208895371530835 0.287263483259244 0.749924667415389 0.438160631873142 4
0.0866633626216291 0.85152644866463 0.144786841726496 0.185073003063065 2
0.302862573075812 0.471695535080208 0.930399779132919 0.7518456225459 5
0.319600750739182 0.478482809189256 0.675745727049461 0.21324018811435 4
0.158095647320579 0.36286944555023 0.552708269169883 0.619009138689923 1
-0.0952268373837568 0.514940347204539 0.27019284311553 1.04589687066726 3
0.114690673633533 0.364363779545809 0.531858602402745 0.743385128029627 1
0.203063899449742 0.407580661230915 0.815552438212696 0.308985361635039 4
0.291961083128344 0.232111536380633 0.754968934091978 0.213963705154934 4
0.216568422446105 0.348209966022862 0.841604276570278 0.630398938059607 5
0.470186119711485 0.437486080945372 0.911532225176903 0.679756826099063 5
0.177856510089954 0.703708838327655 0.400669372570254 0.0892591224649993 2
0.341375129818582 0.389128993250471 0.670575580368997 0.353913544097371 4
0.272541398537364 0.328881713148986 0.789582196826246 0.387646540460264 4
0.0889394904722221 0.614451342533603 -0.0343302945178297 0.933928422034437 3
0.0453775016303641 0.378456335424783 0.420678812757387 0.681402274978985 1
0.143162406904299 0.758916753064462 0.126667730168758 1.04849972769777 3
0.211569575731061 0.308153160424613 0.877002476096149 0.201980614184423 4
0.215717455778393 0.275805175256348 0.593042366649101 0.757875836752523 1
0.230918688387361 0.494803326752341 0.883487124488668 0.56061034087021 5
0.446642356662768 0.402413631782871 0.832012813223634 0.461982054538479 4
0.0832281899053154 0.296620605769102 0.455851042042044 0.738233514593757 1
0.141767746678102 0.0926942991306009 0.45696951999589 0.767526027607553 1
0.296839179751365 0.32515530060273 0.68722550506037 0.249181260467847 4
0.224866171706469 0.3159495342084 0.442896471292655 0.679800011536769 1
0.294425848783711 0.395705351378673 0.857255782235834 0.29751522924526 4
0.0302598126707456 0.477728339614545 -0.116279168488089 0.844966180696416 3
0.105348150581859 0.755665251424865 0.219905002186043 0.0348567293758787 2
0.140578151957216 0.17234027912737 0.537517073955045 0.971897269893804 1
0.0583710874827545 0.229072239976448 0.475132959228287 0.594176865831092 1
0.348255384096713 0.427473053775272 0.971431968633584 0.897530848795989 5
0.394205063718208 0.4715054039089 0.817423706661723 0.56628405194571 5
0.398397772762333 0.229815027486486 0.682155571089671 0.350972498541914 4
-0.0568404229008719 0.858105516713926 0.366631671067403 0.288342830533539 2
0.104998796515863 0.602243304222701 0.402381507631527 0.276456158776604 2
0.16514375488452 0.19950688342504 0.634926525394011 0.295856751564368 4
0.397286595206291 0.43910745253148 0.589263508881401 0.2679642863071 4
-0.0241274063981101 0.462483487601808 0.163878018019242 1.10174812748043 3
0.354904647955606 0.245260918966086 0.653766728393651 0.439713762788009 4
0.186443882752593 0.860251497685655 0.295516873778675 0.157630557349041 2
0.285784466582173 0.432443179064027 0.988562481094255 0.755567391145539 5
0.217437441067349 0.280174205142394 0.762336167886234 0.396443057088836 4
0.00703292641627648 0.391926371765725 0.461706493245159 0.688757325434449 1
0.0581560049536906 0.580697428048946 0.122485854100355 1.1223321912338 3
0.416942384349809 0.179624415282359 0.6370787569371 0.300247622394564 4
0.333687987951229 0.553837567207811 0.82356611962502 0.656385824199534 5
0.141067126639694 0.851801092687975 0.150117619728385 0.902410731424117 3
0.0320085551162332 0.274840164793824 0.642418563569651 0.772411462081212 1
0.305736321400025 0.412940057366179 0.598534870661344 0.301189106301351 4
0.0388746654245396 0.281309487828497 0.428578215524624 0.626981574695574 1
0.00742573012949251 0.674687771193466 0.0458208802205868 0.952651817299509 3
0.208958612040355 0.258482844850372 0.398957967471363 0.893848199811869 1
0.363762439045974 0.523954738157364 0.822779505237237 0.712547543199831 5
0.0795784287106638 0.144015491364487 0.722569226855975 0.380711181851772 4
0.485549923915899 0.383713723555017 0.752986190695537 0.250093892102021 4
0.214015667702919 0.696727386006309 -0.0172686999551625 0.889460343781391 3
0.483916250312442 0.454837235336783 0.909097833703638 0.674334372249605 5
0.23455108968275 0.381220390349701 0.82704870114149 0.375926431170515 4
0.426574044561071 0.495257528727879 1.1227387098903 0.586440596727557 5
0.214140932846495 0.464647168764303 0.986183070303902 0.790519281860515 5
0.0989177524047676 0.333951141911902 0.501306007606376 0.567661274421558 1
0.253159845452967 0.312490100640479 0.633857256132967 0.789339118538784 5
0.13033785820218 0.471909521931359 0.477319650106765 0.59724148629413 1
0.0998524253309489 0.461017405119693 0.00783997761236011 0.970043178836483 3
0.0291795308195774 0.353847295393859 0.552953629577689 0.809484303317269 1
0.136028503543036 0.528118153405925 0.199282986483694 0.870503222918016 3
0.319673677528535 0.444957146552924 0.681908466029222 0.119913040909748 4
0.0673852592993149 0.343432843091604 0.480374757602218 0.845885374057316 1
0.343811292632275 0.523354240707639 0.869957190231367 0.725526707931775 5
0.12936273213126 0.41624513898677 0.366301007013859 0.636428954235695 1
0.185590894094457 0.237761076180215 0.787452118583445 0.460486647963945 4
0.130438150545558 0.827671677644745 0.153134040451688 0.900491164787354 3
0.34337895507308 0.263082900599636 0.752512470307529 0.397812775285795 4
0.0505950714341035 0.608542559180534 0.16384007097893 1.11962290403042 3
0.338235604841465 0.321511304299497 0.603685048387127 0.335187919243904 4
0.228139125684043 0.259105033022255 0.61890173538639 0.288140068771119 4
-0.00168627099220829 0.884482343013929 0.314479019591644 -0.00381407054039455 2
0.247970809658033 0.679920378645909 0.960724804823991 0.71591731253637 5
0.0259838718607358 0.391164775486356 0.547559898898488 0.836053349750314 1
0.294140466654934 0.473383338541226 0.935644258684089 0.757539229775288 5
0.328334352314241 0.527386200164425 1.01686007285483 0.566562385674065 5
0.222013014516901 0.453629659558505 0.532237013808396 0.611353306058596 1
0.0599293123364892 0.606027062029218 0.151256265508149 0.859867710520975 3
0.229448787137238 0.352082255467319 0.713795706962722 0.28782666412308 4
0.170715301355782 0.226304155211011 0.424770745013144 0.801220788893196 1
0.452815859917072 0.238042784251771 0.674111747807838 0.139214398858057 4
0.419348017032455 0.781212011958421 0.028023417910243 -0.0478985143873653 2
0.185469161844925 0.334547214214664 0.346689990662092 0.573025185427761 1
0.296234756834649 0.414058266530741 0.689337947500898 0.20086442841574 4
-0.0313618370580688 0.733062540740416 0.0940758716024182 0.746119424638284 3
0.399971617248036 0.264362982560005 0.695306685750978 0.328241815375639 4
0.18206117242669 0.288477139010562 0.769595421971396 0.288671067732397 4
0.246962910434207 0.438386936135263 0.62234149146097 0.289824292958492 4
-0.0444440454026326 0.24060421830632 0.574139011729818 0.605041754521586 1
0.0901101679733902 0.656837925678745 -0.00297647034075994 0.846225957784675 3
0.222990662953351 0.319215814793427 0.655598337732601 0.164607342997305 4
0.165603332459725 0.736330782220321 -0.0454173964916362 0.920192772514747 3
-0.0241656861753944 0.296083510485806 0.590150058819456 0.724323083370943 1
0.176542872923506 0.360377206530286 1.01351125260406 0.608081138922649 5
0.0297251850760669 0.731750139437669 -0.0167038043581228 0.80053393395793 3
0.0786321097586661 0.339582943183005 0.617765526320895 0.686897542185044 1
-0.102935452545894 0.599748237590977 0.251185810011379 1.07263353041217 3
0.0687062287591125 0.236086947431438 0.373114818258587 0.745066065331449 1
0.333941720741827 0.389312825577807 0.796313435399897 0.278677904848312 4
-0.129219794144959 0.69943637117971 0.163952416690759 0.17246007419199 2
0.185634204411131 0.362287272973446 0.454181959771065 0.734165012971076 1
0.105418483307804 0.669425016643095 0.0113241157727551 0.867992220838714 3
-0.0250558305399468 0.63023141356117 0.189453810926301 0.869403689364423 3
0.197863251202643 0.227710025306285 0.560287133357865 0.674887227178526 1
0.247159023598955 0.441997900815809 1.02882195754482 0.663907061268882 5
0.210029203524721 0.298802016055928 0.904933755101268 0.247271460333295 4
0.280225469757964 0.323602057574104 0.347776449875028 0.70390649258264 1
0.0909929771484377 0.535718447020017 0.3379887389925 0.717751716152706 1
0.39453172592813 0.293484922168463 0.542315674792078 0.241651185074982 4
0.186387463026766 0.802092531315202 -0.0142285962941166 0.937169124040304 3
0.29401771302042 0.174563186790953 0.646334238195955 0.188252825117007 4
0.163999574705598 0.202547745352201 0.384326934256085 0.733525365618609 1
0.332002815281586 0.363474062195498 0.651042194214984 0.264357907595793 4
0.166181503012928 0.272200877846035 0.652716294096728 0.279846537902339 4
0.102451089576882 0.692480977856558 0.174152583586282 0.819743455139123 3
0.200431818272787 0.246985517357783 0.374075411885681 0.565733378164402 1
0.135639320259267 0.11366012970062 0.360953540611886 0.657562548925011 1
0.191282191480997 0.375805463827485 0.773059496047936 0.494700630104258 5
0.203687937163481 0.20249183375095 0.69991982247948 0.452154416132254 4
