0.703879763645861 0.239442844011899 0.174341197331602 0.327039504111863 3
0.781506649401394 0.516836711072929 0.267601058043855 0.744008825627842 6
0.997891246735936 0.0566514360778829 0.213155859921126 0.749245112504657 1
0.542200241045814 0.245735202638539 0.59278244267976 0.55886661747005 5
-0.0573137016755247 0.0178341247390484 1.01822089782508 0.607636044100853 2
0.494463327616855 0.909361998817656 0.924968868504183 0.850407534251839 4
0.0287503152576365 0.118164458858115 0.948975466435591 0.249024503418201 2
0.90051255770334 -0.0953580410674675 0.245380306506659 0.78403800934475 1
0.0719843325653554 0.1392140405351 0.856979424281154 0.53176272382597 2
0.843063869777129 0.463947138039059 0.378210862522933 0.679764568667014 6
0.694741179767503 0.224782330700076 0.153100151050697 0.596232655468713 3
0.726239727225496 0.401366699603435 0.394949933406854 0.344750884207586 3
-0.00115561136675571 0.0923551514529065 1.0290903378402 0.515511908811914 2
0.634716342751844 0.420728293662096 0.446482032821966 0.766698584268863 6
0.809948525173214 0.462775094058112 0.542039814511649 0.778498342743104 6
0.810269294230348 0.443709476617465 0.430627318343199 0.68363006649612 6
0.530089576236497 0.394256223448332 0.400169158007951 0.593230620716809 6
0.776931547203502 0.331307488459624 0.315957415895719 0.334937429049163 3
0.533283720720635 1.05877576238703 0.829501680390062 0.88979385908486 4
0.948200104043772 0.0943587884985206 0.269264046698707 0.647089550087707 1
0.866368814904214 0.0897369962852519 0.207910481485632 0.801207213714274 1
0.446810258289933 0.797822964452403 0.981816547955973 0.830748333593692 4
0.376812138692684 0.261741846719945 0.62634227693025 0.551014476435019 5
0.790346224714419 0.0999853261250769 0.339227633102306 0.689442022774921 1
0.987102557456511 0.0370073290070374 0.312396059383144 0.75629524862873 1
0.50333998677685 0.236914291658834 0.528233195220227 0.497882772252426 5
0.625047362025359 0.87606955191613 0.998904041367705 0.83453244315839 4
0.80817308254041 0.431608301974007 0.455740139284973 0.568016637817257 6
0.808901263636238 0.837879324065887 0.968065946374765 1.08989430996361 4
0.726790598760964 0.357197567946304 0.467306211904598 0.711463333148658 6
0.249826197039164 0.0825588689556226 0.948132210205556 0.59296307884338 2
0.110620237515436 -0.0474410036104431 0.895915709463571 0.258618522328353 2
0.629908634622397 0.934273800845592 0.895525149052958 0.796898473084511 4
0.612869224576691 0.166493542547514 0.238353954197419 0.299690553923803 3
0.897749779324271 0.235050623345394 0.309561704343329 0.74563639312403 1
1.08862133865587 -0.0386395105487298 0.258995696416267 0.639117358344058 1
0.0303891472151247 -0.124757709105738 0.849293060745773 0.546950416714427 2
0.88067187516847 0.224385641327852 0.23578962405336 0.559657701017101 3
0.719059350539845 1.04671684762542 0.888817676263476 0.957077829841237 4
0.960212545251706 0.11590743203329 0.2461560145093 0.613054931262959 1
0.885735906434159 0.0297262640674448 0.229187328399414 0.67610025283994 1
0.804222430598021 0.42440223025622 0.529963440389264 0.738256086275276 6
0.585145935479648 0.81047394427346 0.669593442561979 0.698812834574119 4
0.804110815890583 0.727769785979777 0.902026429698962 0.875714747246578 4
0.45811862414593 0.237001362405782 0.592251630576923 0.527044836894294 5
0.632441632727288 0.827944045580646 1.13666854908875 0.789529949057852 4
0.781524235409637 0.0394012162751195 0.316113836000226 0.690165626506403 1
0.799846378651385 1.12499785629252 1.02355849679291 1.00313866585662 4
0.654936323911868 0.443723975031005 0.559162581648146 0.647310626042985 6
0.981288670258387 -0.00912831103204413 0.316941716727001 0.761342458967475 1
0.328393986619658 0.317393629805842 0.664467196351123 0.52638289840969 5
0.715815150999196 0.523055022905396 0.381182928900485 0.826096385099132 6
0.872264247222678 0.591103515087271 0.332730543966818 0.791527358756059 6
0.555178242448535 0.299551331075836 0.644723143991451 0.630899176898868 5
0.821702793727829 0.128191642390148 0.263609509877522 0.818811010360874 1
0.140136620727043 0.117222948143299 1.01120651946368 0.333086575810505 2
0.921389472993432 0.08768427559683 0.277275134013927 0.766384808483764 1
0.159088938255968 0.134971639842573 0.943339306225973 0.392548113732804 2
0.958475333082316 0.12226876262143 0.21783159761817 0.772136009887058 1
0.3465911775606 0.393685848027015 0.63518061857785 0.531534869127787 5
0.149620773680609 0.145988084925663 0.813744239855465 0.439502736157435 2
-0.0552157101514002 0.12810449451878 0.942720811075995 0.445858280052509 2
0.633836754044461 0.940754553572655 0.830573897506055 0.888906707292542 4
0.0704174565981416 0.179668934302095 0.930293455270611 0.46475434354365 2
0.597963140348305 0.818455459648535 0.810568850460052 0.738133654187874 4
0.181990576939734 0.116035064114692 1.02206574805135 0.195311968124702 2
0.0860532559536128 0.0426677728163398 0.809546854856269 0.559206165946913 2
0.265894182854749 -0.0176463649173455 1.04437449123378 0.47597920908922 2
0.025627327359234 -0.0381713074995547 1.06955516162001 0.402470628230443 2
0.0373597501113081 0.0811711213020613 1.17946292628311 0.385050382663823 2
0.893193321090954 0.072284169483487 0.242461084896798 0.802170562490139 1
0.837227665539134 0.181618536050295 0.382441786275977 0.665173930023504 1
0.470480548266904 0.307761099049625 0.617230121716494 0.683269884053888 5
0.673376172089498 0.520706442505788 0.443256917594259 0.80610152133197 6
0.70269454174122 1.00682380935939 0.936510681218806 1.10102616451534 4
0.159851869053951 0.0293052787440395 0.922664358215315 0.280339677527007 2
0.819516703825883 0.0992601353404276 0.243963042899482 0.683010594724455 1
0.201830688072956 0.112579385943161 1.05229231528358 0.431092866726026 2
0.106917501512934 0.0413962381738101 1.03049301263747 0.352027693067405 2
0.476131986997046 0.322068005002423 0.549332633476329 0.519187269969747 5
0.838996896718267 0.186204963506284 0.14858396080104 0.597563178363385 1
1.02446951747379 0.0928110157292587 0.366655797544658 0.775435478722457 1
0.877505540485814 0.218188670717469 0.190566865238004 0.68469677812934 1
0.843992330049607 0.115430454785438 0.213938394362372 0.852797787047203 1
0.483746032394107 0.890584835938599 1.00682587253343 0.927741947329932 4
0.378692461516975 0.485519185846649 0.475642031738403 0.540077668470909 5
0.964114020195887 0.069260610782051 0.171183428152481 0.806768024138336 1
0.126513085472223 0.140700007355709 0.858071090161555 0.472664983238829 2
0.258354612450121 0.291580988320932 0.510785192009481 0.598946307021745 5
0.803601147266541 0.234803417082969 0.247293578818377 0.452281697614327 3
0.837213754093879 0.511899147058265 0.380870256030161 0.906032704585572 6
0.785361662460577 0.33063239726044 0.4901714695234 0.665967549995192 6
0.835939657684518 0.317796877852318 0.373741029169352 0.753515993558515 6
0.611468899620615 1.12076969358341 0.941665916784099 0.922374301159242 4
0.209058033159664 0.0667793900693799 0.824721878614122 0.5239169603266 2
0.536152621560175 0.863628673091332 0.786730411324796 1.20682833662426 4
0.45155697148295 0.906901285942067 0.827440768002523 0.828608374783557 4
0.66996213453944 0.856037309284474 0.9779855464748 0.984595405668799 4
0.869443173916437 0.140145118645136 0.211599451691967 0.730923110595422 1
0.471510174359457 0.905235714196958 0.849989614847361 1.17008948150364 4
0.879140442395393 -0.12011072064559 0.116040839685062 0.726400804584393 1
0.734827390301141 0.876366736309607 0.988327541613329 0.710850902363292 4
0.898427856000004 0.997861028340876 1.00537609525844 0.723534160934051 4
1.00441260038185 0.142312742822211 0.346700380805619 0.782070198219727 1
0.800815507594762 0.4828171077187 0.407310237218422 0.783748497158795 6
0.752571253781436 0.33840603482012 0.548496319683286 0.76550856124283 6
0.607937886796407 0.265147446956165 0.684658973509311 0.433516167156633 5
0.0182387724245555 0.00784369473846942 0.943289340991326 0.427494838293975 2
0.411464966517301 1.03130852217199 0.906736627953734 0.875234336996459 4
0.871413165106566 0.0957672338457832 0.178120354068243 0.802234353732718 1
0.0114823095731575 0.134654094608011 0.784718091217975 0.61446193719533 2
0.781499634391302 0.885685077307368 0.957249365136458 0.849388426730102 4
0.864135077691592 0.0228582159423374 0.372687482854603 0.760081262373791 1
0.123072217093794 0.0331654670501577 1.01031553305116 0.598769553778682 2
0.731053476482568 0.491131156450092 0.48111793157152 0.651040749668668 6
0.802095739530759 0.226315232490029 0.363729527068916 0.488503780199439 3
0.0294058508588782 0.0779013029201524 0.831198154606956 0.402439046249703 2
0.765851548813301 0.201004601979666 0.323346331834794 0.336775331496251 3
0.841084450220284 -0.0226757541228675 0.122697087100718 0.748702322882847 1
0.811932829675846 0.54967382500622 0.407878044119322 0.807000223339198 6
0.747771881149308 0.441274728873007 0.423163586178066 0.766345523873912 6
0.736894515259057 0.4069585925995 0.387065074165194 0.810154547066645 6
0.78430119338254 0.175849885740793 0.249817435731866 0.492903669296702 3
0.747694253907907 0.757435045595245 0.959807884420628 0.936242407348409 4
0.647044211788029 0.0845743815089357 0.273567530408952 0.436766332491029 3
0.739512008384788 0.31357513626055 0.204864134948658 0.43679439697373 3
0.615985959410768 0.828260667835391 0.990308851897736 0.799714980398802 4
0.198088763318413 0.140604014820823 0.90620898959596 0.37148496921543 2
0.775920012157409 0.919257555154346 0.799729402620849 0.816884132901901 4
0.441773824521228 1.06006059155644 0.912492417022469 0.960287014998324 4
0.715703362927526 0.264008602846817 0.198657413558936 0.449526179547914 3
0.79124352434936 0.235357369293824 0.221360583395756 0.469321383752553 3
0.552003346631735 0.958870171046367 0.928832510386095 0.739320346476577 4
0.815046706922239 0.381389210915099 0.300763249914429 0.826423184757451 6
0.774294237616668 0.545936165305733 0.387207138203422 0.711630564461804 6
0.754631462437717 0.430666754463111 0.340642448086367 0.78277267645601 6
0.612727013331546 0.835721120053198 0.749810207440968 0.988552880871287 4
0.494553785076665 0.25398787936956 0.44704381590839 0.625308295962205 5
0.915056570461475 0.50167990617463 0.383106774244531 0.718518294280042 6
0.706243766327195 0.165224327902244 0.272760399197787 0.470671042613832 3
0.893874835513594 0.499324238174822 0.511728961751279 0.790453850623002 6
0.577165072257559 0.362264671352435 0.499210746144175 0.719825578083021 5
0.769442834446254 -0.0102992292154699 0.215966126824275 0.701302332953662 1
0.0138420131352322 -0.0611146061524292 0.835130424014912 0.41102423503963 2
0.629899949589822 0.903143742655937 0.587640654667266 1.10399892594708 4
0.775752759341299 0.249337282082674 0.190882927364415 0.773743464061212 1
0.062067084764347 0.112583552114322 0.845726190592399 0.427399256843088 2
0.746504989417695 0.513479379435042 0.487041229567885 0.666406579714086 6
0.483769545269524 0.218685084741843 0.562673152930312 0.544893464822956 5
0.558180512768079 0.244588638282989 0.675817541375975 0.54752650626245 5
0.790912491125496 0.425647902259803 0.421332435960437 0.757844820554615 6
0.859261478753499 0.208587073990249 0.213367690504076 0.817706463027381 1
0.764564026705415 0.466468080095531 0.438451156040612 0.779408300352352 6
0.688944259273361 0.174310068384717 0.309401938519921 0.48825505802263 3
0.927161583786763 0.0267099765526271 0.280823653619367 0.758817147273326 1
0.987530998996602 0.110619118599861 0.323194251224678 0.61830373933975 1
0.621945680278732 0.235809955909329 0.199505603982607 0.254930509492967 3
0.81331860971849 0.306960386270506 0.450101253339498 0.963672395243096 6
0.863526774814124 0.224787237394579 0.209757854780747 0.37657092877822 3
0.523675701746228 1.00454481704629 1.06965604719686 0.791730790594589 4
0.897102725481896 0.123071821234466 0.259517598534974 0.68527548823399 1
0.399054861697884 0.991924070310598 0.776312692496055 0.961627003452255 4
0.0428599666610857 -0.027552380384606 1.04185023294712 0.416528991137078 2
0.303888009205788 0.030732011784694 0.523477188395233 0.628154539837219 5
0.808990484786023 0.11229800823942 0.205781598179876 0.74131035106451 1
-0.00275969679553778 0.0527874842650685 0.845817857869 0.358927539289862 2
0.81922124025626 0.824582724987051 0.696521744449004 1.13979091594622 4
0.796630823796753 0.395776033719658 0.417444899019296 0.823655364062329 6
0.367026609178773 0.0705099537055045 0.939680419275532 0.383570044383212 2
0.58414510971283 0.969098426563886 1.02266492040283 0.666672081524479 4
0.684688692255832 0.284325388150013 0.395500901723722 0.756280192382054 6
0.982098483954862 0.134895045668805 0.202319727004042 0.828237029168229 1
0.973554544727533 0.0298304877571404 0.23769976193813 0.740464569309532 1
0.362935657537167 0.991374796606216 0.798424111539637 1.00849731457187 4
0.77745440229701 0.0252064563659558 0.232047826320239 0.791794749135017 1
0.814697499131071 0.0208012284331748 0.192337675632791 0.886590947624129 1
0.966616602868542 0.652920288553003 0.809802222553229 1.07242766334711 4
0.890289734070517 0.407993329320316 0.519855488901826 0.769531243586097 6
0.470603701448125 0.778332984157525 0.949782685986204 1.0065070445292 4
0.784841466912854 0.544172931400271 0.478111350053805 0.723318605904245 6
0.481985515539264 0.222670737514502 0.451970781197857 0.65058658852712 5
0.0633696871926359 -0.108340598329803 0.997874391759438 0.432287242489544 2
0.515402315822824 0.854658104823395 1.17532264777952 0.742547750514869 4
0.773039656128546 1.19522473422059 0.833826348800911 1.07982330643992 4
0.0037535391296238 0.176970913755219 0.729137425997949 0.34370798143349 2
0.0166148135231956 0.0108221824646873 1.12994030262888 0.502813863215554 2
0.685674791230081 0.76151792002425 1.01629411576289 1.14104293523667 4
0.356659146751335 0.234937828780784 0.744685174312693 0.548546255129312 5
-0.00507282619206503 0.098561633420401 0.872750969466522 0.49711369355669 2
0.0745921219772041 0.067410643574495 0.843817886798284 0.435192136789402 2
0.623889026860644 0.886344794358605 0.77465716032326 0.714603293672662 4
0.664100643779098 1.08384196954303 1.04517308578088 0.806162642068571 4
0.885563501304213 0.0376324960260337 0.266049983384364 0.615242169723945 1
0.828969191267391 0.267884229634845 0.143540296121737 0.413376449897053 3
0.981935909575854 0.0755942415054262 0.333644723744494 0.767126558974029 1
0.949069364600197 0.143283030878552 0.218329395560351 0.737195107605175 1
0.671027917851981 0.309388377722952 0.184794353183989 0.613152633092418 3
0.433041010192783 0.944365889104383 0.977057753343012 0.949174513154039 4
-0.0350446437765174 0.103931633757579 0.932590376728949 0.489749715631053 2
0.809689465815359 0.131585767139274 0.282774562970177 0.816309264281853 1
1.00051425708105 -0.0833344914673484 0.22826930067357 0.734932897366201 1
0.828381242997644 0.254904827891611 0.220212074788135 0.414666085336282 3
0.152556677537627 0.0992690649192499 0.934900012083206 0.409033727216072 2
0.727017426183255 0.138696619951628 0.308735996498195 0.382412930615991 3
0.519044106980945 0.615110327644339 1.03612677096576 0.996574467963182 4
0.647826743764327 0.931277147239486 0.948119811017048 0.71570191952473 4
0.926994582645577 0.0118747486111579 0.291559321762213 0.705417887194096 1
0.741238042727338 0.210096947879523 0.263085155711007 0.363321435196532 3
0.555447110377415 1.09157568398013 1.01933318666196 0.666230046764829 4
0.893878297099346 0.089307757185572 0.261423405070498 0.783876988060973 1
0.801287977211119 0.388277850981323 0.284394086916042 0.742197520985495 6
0.823821907570102 0.230823890719804 0.365869364037821 0.588076925424196 3
0.141682554212176 0.23409678569324 0.873807930652726 0.548468111001078 2
0.407152175883019 0.265849703522017 0.655794691184825 0.672490508935661 5
0.743197948461302 0.454400075173819 0.413873237275305 0.797791720326385 6
0.116887780798305 0.0989927147337619 0.963683689617722 0.5235311834589 2
0.872630812140954 0.414679662658313 0.345468324324702 0.873478055822133 6
0.758244100315706 0.4502283756644 0.361761599316674 0.6865534081475 6
0.938086481541267 0.154851820694326 0.246082156280951 0.760811493952012 1
0.0103959524311503 0.185078607079036 0.994724862190998 0.318239367002012 2
0.976528048874353 0.11023189299854 0.244109954304928 0.56462870317312 1
0.874670244011028 0.0273898749928708 0.406600819081813 0.788351583912548 1
0.719479904463925 0.420525035759795 0.313802569135817 0.744195351072817 6
0.365202890477828 0.240095113577691 0.479474052595085 0.470620646793478 5
0.5283366217725 0.132367184246272 0.5708337565801 0.652435220786228 5
0.79204389279317 0.574784974174263 0.892056566262357 0.926208776088658 4
0.853606720102808 0.120245667439559 0.26773470582327 0.785802717335271 1
0.631975418222987 0.927737130698302 0.82325216987014 0.944481226711364 4
0.047203489634823 0.0904648296817179 1.01761194598874 0.384121800437537 2
0.945446726571638 -0.0605051881436095 0.267561392692327 0.655813272641355 1
0.833841541917195 0.233476938321896 0.316229642308581 0.417490171126192 3
0.784636691345935 0.209944229780296 0.347991308380422 0.462306227611248 3
0.850129433262569 0.180632215388594 0.194747016752639 0.752804381982073 1
0.914220141725192 0.00779382649481333 0.11567776416396 0.853372620283511 1
0.798389114308504 0.467747669334771 0.447657764655134 0.758253075037644 6
0.537983626358038 0.342755195239719 0.56232132609321 0.703926130263664 5
0.802381237677151 0.352175322037636 0.331340785640544 0.647795182680786 6
0.883403886965616 0.240948852238752 0.0652372015015921 0.25829051073612 3
0.0803677773816024 -0.0256244422708612 1.02366094859966 0.41321527989887 2
0.199833087072663 0.255125539433326 0.82736186241106 0.544247646370062 2
0.964393305386102 0.0667256587795715 0.350770811340715 0.744778373745925 1
0.0722214741517156 0.114949353213148 0.932772080696356 0.371157346050012 2
0.889243410996755 0.1616293862945 0.103239585542772 0.788322871757042 1
0.410039162486952 1.14667486216723 0.8404603558841 0.866118593812042 4
0.879521156106157 0.107393755949081 0.326478659135108 0.823353730433427 1
