0.337360650003689 0.935302778551764 0.557601945972609 0.711928399556273 2
0.349935735440132 0.483868268375084 -0.0173262262685253 0.415702556164821 6
1.16663276367748 0.130552399691508 -0.0597949375803519 0.13582821480518 6
0.440147312557537 0.731028014185638 0.460289817972503 0.729859513398964 1
0.418644199967172 0.733527580819587 0.406727395171739 0.738255427473093 1
0.435060455030345 0.799245890259602 0.41218002875584 0.788381428713017 1
0.399269533805189 0.718113811007077 0.481617450978218 0.778306188636553 1
0.371665101220506 0.752374018326069 0.380450374510745 0.739324787135822 1
0.397127947333962 0.973780646844602 0.538461469607885 0.724097723447418 2
0.547531263616921 0.708096288257073 0.422956064294915 0.90577972972791 4
0.205160146165427 0.63128917717901 0.805898849062073 0.677340462283792 3
0.784950395832313 0.179440900529438 0.0199555147027019 0.218525480496227 6
0.41177417754052 0.74498315872871 0.456955832911151 0.765155336530002 1
0.454752501635933 0.748685202707816 0.399047109570086 0.739416704964793 1
0.810491083483931 0.317355834633449 0.165226306075674 -0.15208375397538 6
0.0683322316888213 0.683394385498759 0.966026482526025 0.523126452419473 5
0.596455417767467 0.827360943544877 0.463085760762868 0.974007539576713 4
0.658504912026622 0.124483286955866 0.245083581921126 0.199290750187268 6
0.193772842720287 0.664482214051644 0.891476130040934 0.39554101548781 5
0.545607927082126 0.356045310191158 -0.00032483342204348 0.118920924344254 6
0.610675405954645 0.157955674537889 0.102391751559158 0.114442370776805 6
0.442786960711988 0.793021731684193 0.413419187497471 0.822803993641753 1
0.123107333801402 0.442761357439631 0.982968275604439 0.426052013461457 5
0.127522031797754 0.562263257399224 0.845965760850234 0.268047426867376 5
0.192264687304542 0.718556615290666 0.793532318599462 0.501155123958225 5
0.405108272709223 0.70961932406395 0.430109313082399 0.699649635530083 1
0.406156149055007 0.673120891688197 0.386649786896932 0.728104148832428 1
0.816701050610824 0.279079421156833 0.0577370396790408 0.235419249980232 6
0.028752709883234 0.57838491437574 0.853057327086364 0.360234085748754 5
0.591543093435612 0.290686100934424 0.205258306283255 -0.165857405766882 6
0.313332717381028 0.665274669090758 0.678188826876723 0.781701571632908 3
0.390183658650645 0.720249840754594 0.428091762719364 0.735079549945823 1
0.435210613594427 0.824965430897818 0.424248111930883 0.735653231415569 1
0.971650563182155 0.016101022129216 0.158106983180857 0.100711657054116 6
0.309709756775825 0.605593193385045 0.839921646509538 0.687632615253602 3
0.649143889227539 0.784803374879822 0.469246787196972 0.946784567660505 4
0.550187734675824 0.324450701070624 0.174064225706052 0.292419427213592 6
0.66460685401278 0.758832010337925 0.412348498715925 0.968774571801352 4
0.371628336746669 0.92270421919103 0.58977420349517 0.823361414827726 2
0.41412238575157 0.703803987730988 0.494858916706247 0.695400594581202 1
0.721040713155474 0.394555216649005 0.0684820195502973 0.174148175624608 6
0.400087559059883 0.933256416289921 0.638218194179378 0.763569385952952 2
0.230317897766496 0.547897989818927 0.604758033291228 0.748177702148068 3
0.804522622644983 0.203698177938981 0.162308144168766 -0.0204950108049456 6
0.430072428799519 0.755745876553265 0.395188254976825 0.68952541156575 1
0.587947275234455 0.219146318552954 0.145821525932385 0.183598944580851 6
0.134038698609646 0.560128460997682 0.68553365872638 0.35046777235398 5
0.227454141914037 0.553496755725785 0.829570226524056 0.841781989084078 3
0.3866509857142 0.930162296119765 0.535109158074527 0.73434599418763 2
0.425532631077757 0.823155807177598 0.580416816445552 0.726143765970821 2
0.385803531514199 0.939973451658824 0.625455141653075 0.76196712343888 2
0.163824900978713 0.402402931137616 1.01362501306359 0.396271551790018 5
0.557143791900764 0.345786789687076 0.104633677260661 -0.0818416256391484 6
0.224295674126427 0.593770497102559 0.771097900269441 0.787837018231811 3
0.610546553534347 0.713752654791496 0.509631328677595 0.878123348011567 4
0.465312191147329 0.668403279772825 0.461673470810198 0.693107791577633 1
0.851053210785842 0.156376214441545 0.0143297511873402 0.173494981132748 6
0.609024254982686 0.769829741168741 0.356944205097614 0.951383401680451 4
0.339118465439968 0.521480565071745 0.726982169199652 0.662304496806498 3
0.982942166331444 0.384846072054543 0.0790996635706146 -0.04786569455699 6
0.768983012888257 -0.0850250854091787 0.162671218675203 0.367950003201721 6
0.0934754399997089 0.54144986065056 0.934236612111702 0.40206864655937 5
0.57368566817154 0.766561525591919 0.415933804899064 0.913072012504375 4
0.279877466607726 0.496791542065456 0.671847216424479 0.837221342298851 3
0.0694497961594011 0.70812667429622 1.02959914217028 0.392369197966314 5
0.202270195177617 0.57324692217115 0.726564696192017 0.682595433003561 3
0.772778360136428 0.231709272104347 0.081360208843904 0.137425705741065 6
0.405851654892386 0.858412092583372 0.575795974451067 0.779594260572939 2
0.483425297925655 0.75928512745047 0.499671258088724 0.809665112453876 1
0.421374548607985 0.92157799693964 0.531962548516085 0.736817611893317 2
0.227406298786645 0.622187024118033 0.697723113778396 0.752195178156432 3
0.232166796328981 0.57374231293441 0.663130982737165 0.786373787914748 3
0.786800430360194 -0.0377441746540307 0.067134677472486 0.0515266801784697 6
0.414509637118593 0.814980280284223 0.363684678620966 0.819648542265919 1
1.15071759126772 -0.15085771773142 0.0712107552031199 -0.0943848796372052 6
0.840813533724833 0.241763486952643 0.307561362772303 0.115310847762404 6
0.211046105697993 0.627017514837285 0.974652903066205 0.395400128553149 5
0.164820075469232 0.637393189819741 0.959806868234603 0.428692473641021 5
0.714359633441245 0.104481253652532 0.285531916608732 0.0151965681462105 6
0.440845539159803 0.862893921463102 0.618019357522468 0.727980640327691 2
0.62010261548063 -0.0565649621960873 0.122742261402575 0.0250539983856813 6
0.749398234115893 0.327953004821009 0.10880363789105 -0.16771048065366 6
0.453793188041275 0.696819009066377 0.424913375711451 0.735995286454311 1
0.526338939479863 0.715952797067034 0.373012806051598 0.903590050195671 4
0.930372216096915 0.23594393299424 0.0987442606304497 -0.0289107037006638 6
1.01355861958975 0.128358791434347 0.158457992178632 0.382606069835133 6
0.42408195153164 0.907447797663611 0.603297968994227 0.710153381863223 2
0.418900461901863 0.890143459609089 0.502590246828693 0.667363672365979 2
0.398598495571629 0.919760570526167 0.578310389172586 0.733920962645609 2
0.0403938306376331 0.620542346146072 0.951428771058185 0.499610660234905 5
0.0703148175649199 0.549061258694419 0.942692857053922 0.354613134681473 5
0.280779214861967 0.469070598272944 0.822064085347574 0.755069454087762 3
0.662432291788252 0.194469429937427 -0.0821627687644402 -0.0304823796040827 6
0.104590033371643 0.490363510135748 0.874014570387443 0.343816724712189 5
0.270011933179886 0.506891095931922 0.695687106379416 0.913207046195647 3
0.29869868161083 0.165989459152894 -0.0256809244473202 0.143003568898158 6
0.42193233920977 0.778504177648662 0.405253587900774 0.75496737960653 1
0.600330784948035 0.721366893248141 0.426859114483548 0.934170488628464 4
0.54064528589221 0.713909025029108 0.401720725006192 0.870185951614097 4
0.358794086504314 0.942176524606568 0.551406076184992 0.737003407273015 2
0.383925538979714 0.94249716033388 0.563428290526841 0.746395424460849 2
0.78853631507626 0.611302997655933 -0.110404028656943 -0.203142253981832 6
0.670413083918929 0.309267567870555 0.0957567966653726 0.360121267268417 6
0.416249251008648 0.864661537047088 0.516954422612431 0.778290894804313 2
0.138946760026895 0.592251647520687 1.01407780918663 0.284829877153621 5
0.412256651673226 0.95494436755194 0.587068021973923 0.750650707885233 2
0.795947966542304 -0.0312374443418634 0.148967219960209 0.0152472402598237 6
0.375770854394455 0.912346633079905 0.604695871640142 0.700350236433421 2
0.403972918149413 0.899467973568131 0.591509755149699 0.788141476545473 2
0.439538125216879 0.964788578751999 0.593154208378536 0.729831814798926 2
0.535129432645416 0.702250135976237 0.355965901178331 0.894969766349245 4
0.382568118765901 0.759270878896379 0.384845126795693 0.732245488903167 1
0.122871706573836 0.542511523042516 0.999764503567937 0.432663727344131 5
0.461278811670112 0.798499845717806 0.386206021926432 0.736702600062715 1
0.441925655543178 0.834429108550559 0.540911782695177 0.821399048811536 2
0.348312310438071 0.958945602050377 0.506917523878169 0.726668190550047 2
0.857621359981059 0.11631996412061 -0.0501922255031754 0.113208507340456 6
0.192858477962058 0.635691289257222 1.0119103595983 0.279343827120524 5
0.410770186226233 0.950454597574453 0.603230858575421 0.798169866150803 2
0.392817583984865 0.843587784414613 0.348799884637804 0.677489266756812 1
0.539910574163055 0.129321613966616 0.0429896097342925 0.0203065986537184 6
0.583825116607049 0.0268144237940495 0.0838864391376749 0.163725664366853 6
0.866501656799456 0.379586023705114 0.156666712575821 0.300365734517269 6
0.390193132382844 0.929157543263224 0.612421145209354 0.821758320794984 2
0.453328481930201 0.829222407606847 0.37209210553144 0.723273418226794 1
0.362349869406654 0.899649131617272 0.571366583232507 0.736957229128455 2
0.348691948726103 0.795672666482202 0.366264620946691 0.726103386144406 1
0.145405798032068 0.682899248892039 0.76481925097356 0.789454100398185 3
0.229385460753977 0.502084636607137 0.781409949131414 0.680795169833252 3
0.862735325938449 0.116443014394991 -0.00428351785133488 0.297785437086178 6
0.254730363761386 0.579684387730777 0.711060673481992 0.634423195217622 3
0.569822002999025 0.728203291036669 0.3995169961309 0.904255389385658 4
0.306233792179893 0.520153218868537 0.742116000443871 0.691321962873065 3
0.353416467277741 0.974690473579109 0.599896320241574 0.71050269750777 2
0.473670377496103 0.791450688878945 0.399539062321433 0.758809373383242 1
0.43800063938904 0.977498812078917 0.585000136160093 0.722784855973064 2
0.614729670022468 0.187919435115581 -0.0701618158710927 0.367950860904732 6
0.384906743739177 0.797591870006066 0.406554002362976 0.726701617899812 1
0.884633714938289 0.537038726124779 0.208169328329924 0.167306488387724 6
0.39475422984355 0.869286655444135 0.608760890899367 0.723602348908834 2
0.631798256300847 0.780094066426423 0.469153537770363 0.903725194786533 4
0.581701011935134 0.708475321144312 0.42628992796167 1.01685594552064 4
0.272756949634043 0.698394214524857 0.864602784621873 0.435398275595335 5
0.101473969468608 0.681021361536085 0.785793897153395 0.273884847502521 5
0.429413793548109 0.760756215217373 0.466406035068132 0.703789375504312 1
0.461509247907627 0.899422850495944 0.559742366167656 0.773353712646324 2
0.615548776819861 0.288915963126419 0.513956957738277 -0.0944431743152481 6
0.420814891010508 0.908772430381157 0.59177202328388 0.731468407784746 2
0.166023313616294 0.702143879562309 0.769728735609209 0.695571957358263 3
0.419298945481318 0.952987550100976 0.568663410708773 0.790011487410518 2
0.137479429152528 0.696916457663407 0.975370343322691 0.527371298536063 5
0.525803870356431 0.320230334782464 -0.0752378838344378 0.0476574866892244 6
0.488554412363774 -0.0920537145726274 -0.0202110977156471 0.359368189998497 6
0.542849328746574 0.729864745711765 0.406488234337536 0.797389695645235 1
0.387527424859065 0.857225919501671 0.545901635552423 0.840685718984376 2
0.472675794293044 0.896232047446191 0.647950480452979 0.74201490087863 2
0.750674575233053 0.434758286506149 0.143974338219729 -0.0356016739316846 6
0.796855395272934 0.0624886638041512 0.178305536376544 0.72197445153743 6
0.47799776671857 0.172453365208209 -0.179023359248113 0.0524368896158447 6
0.765246245190818 -0.00480523370799857 0.321082409388411 0.30281697017142 6
0.194872925901896 0.496775066372573 0.810800478518526 0.414027294683531 5
0.396057652902593 0.850889228508053 0.563931673111151 0.773960938627769 2
0.58750692270029 0.22897058608182 -0.0598422346078517 -0.118063776479223 6
0.434964737974426 0.784009680694778 0.445016897792581 0.770441602977716 1
0.0257196887021666 0.553294260990823 0.913573891337263 0.469004543780259 5
0.98713481081631 0.1606215723394 0.26432159132183 0.26632145860455 6
0.459088712643043 0.924327134565994 0.585060024917642 0.806654910821051 2
0.521491418379691 0.767854746519006 0.504775527502777 0.857404288903424 4
0.41308534613385 0.988027382038357 0.518526103498576 0.726603849611129 2
0.342545850123839 0.907957193603484 0.513987269716222 0.688880991516157 2
0.665800481181074 0.198388902515326 0.124903820667799 0.303536133198026 6
0.458688728884632 0.696083742584377 0.398273445688322 0.742539515434065 1
0.693682870189064 0.255846982000931 0.174455175132574 0.0028921357939501 6
0.375472367845192 0.762809700043912 0.401733443026707 0.757462311025047 1
0.486797601845398 0.970765457402624 0.590665009300627 0.705349701477711 2
0.113167828361818 0.551610973125451 0.796412740175359 0.466306132958561 5
0.46742903186501 0.871278196008897 0.638247990975632 0.760323588512185 2
0.189897999451673 0.662532760145777 1.04987334601801 0.403226546512927 5
0.361754791336549 0.874140058052742 0.591271937219836 0.725344653543747 2
0.320391802646909 0.911756575665817 0.54603802673349 0.723309955162556 2
0.65009044212036 0.565493602348894 0.0459598544355692 -0.0809723749743345 6
0.429038544295561 0.740208208649837 0.393734535398644 0.767010019424572 1
-0.00455017325240226 0.788589507151841 0.993455092578122 0.445202944829078 5
0.357387506284039 0.984705854155707 0.590667754521862 0.705143837008872 2
0.211093025659852 0.561409178831544 0.667743436134037 0.709967089046652 3
0.154578658370177 0.64999369658129 0.66048601212035 0.743629238647014 3
0.782428727903729 0.204643760718066 0.171731887136068 -0.0467703386460983 6
0.63255999604202 0.477511584755526 0.392288642995043 0.064538972888418 6
0.0774584807509645 0.554073386414674 0.877387711674306 0.564357234664207 5
0.83731311440815 0.560463856529462 0.0137949314569666 0.0890565319765654 6
0.434082073064803 0.765310605357497 0.398406500699073 0.711472890527103 1
0.0724340081532742 0.470341018691795 0.826762489217589 0.266431075804856 5
0.108473490519609 0.692639118130732 0.896193092853205 0.371894010199933 5
0.396812081493276 0.882913327342217 0.598115654294359 0.739038882669233 2
0.367054936370396 0.792493744880865 0.351438770188651 0.708215052406747 1
0.487229381068707 0.901760952087286 0.66823706979077 0.733521390311567 2
0.215907064829273 0.533906265868307 0.808782539038315 0.538945929650783 5
0.490561559730168 0.841250111567922 0.338732785201145 0.756856892880417 1
0.639106017999615 0.261199177048095 -0.169931881455078 0.113610588991883 6
0.720342863700721 0.0956409064384522 0.10594526565526 0.444766892583502 6
0.628680047303857 0.768662464225072 0.484848423655317 0.983170173360578 4
0.148765115097509 0.491912052676982 0.85633982910025 0.447197030846863 5
1.23209789375727 0.556471415791242 0.141501124018443 0.227673242019583 6
0.405651443965677 0.979555641569402 0.621803114869454 0.712083121952777 2
0.378429821180294 0.990390698801161 0.5788568762558 0.734367166738637 2
0.730156690747949 0.148354185630721 -0.219733668560642 0.247092640095917 6
0.145122647801625 0.519998165650979 0.683916878461977 0.761388428625819 3
0.443632564168284 0.961745769857002 0.521941011107119 0.775275591107955 2
0.960613228858804 0.104856350242896 -0.00935972453942388 0.328373389554453 6
0.617927532497683 0.0639424895107861 0.20572120656509 0.233554292757416 6
0.353424774867505 0.747426691662211 0.451743795019834 0.790239378565746 1
0.89997984779793 -0.0341204716703053 -0.0122506380368022 0.147661395500088 6
1.05078092096397 0.203614657168146 0.0130005058153355 0.100996653767317 6
0.722589930112183 0.0371334737970078 0.165098587720105 -0.0543688216572846 6
0.701878161935942 -0.161133708160288 0.160679429303916 0.247149760986323 6
0.394740167120869 0.88563504239792 0.577508085771647 0.740960202609656 2
0.785512277186761 0.216210719408299 -0.0626493235461558 -0.103291243992976 6
0.843012379116891 0.190090805416819 0.243904076298913 0.0309737629024854 6
0.561539831369571 0.0579916710704724 -0.0665526591372234 -0.100090373380646 6
-0.0306767818411735 0.604168660167165 0.994151464093188 0.410190564930553 5
0.443050863478756 0.711652188985411 0.466626350801322 0.749326203172669 1
0.332146311117031 0.776943013183402 0.471526557615979 0.758450986000245 1
0.544019140476253 0.769190553686156 0.422055299965877 0.935347240380596 4
0.138394143487088 0.510226173940747 0.890025892443768 0.325489371360041 5
0.602604288742156 0.687907257490593 0.354815401010026 0.92395717488899 4
0.0285335923519212 0.667207189239062 0.934544546627825 0.464494787193579 5
0.608151363212958 0.260284281451162 0.158212852304964 0.167239520009722 6
0.38055395633919 1.00412737609808 0.536980551571206 0.705405964593637 2
0.383822122804169 0.908945927711313 0.500325965407609 0.702707256620274 2
0.402677334433654 0.722847126620199 0.460583478334092 0.70708891200612 1
0.447294747725909 0.893226452135133 0.62894638770811 0.746773433112358 2
0.993320304987029 0.209913781892349 0.0417555737596064 0.215924998364056 6
0.39216700868531 0.789617848274693 0.41017185945262 0.795882335316671 1
0.226727522152477 0.680198618771053 0.774439685734669 0.767067983274893 3
0.686229392533386 0.365759840272958 0.139222703419328 -0.230455410835678 6
0.924452528924109 0.415201884798292 0.222689467162939 0.0998570866906952 6
0.479869156772779 0.790574362946268 0.451344748470932 0.862188940769445 1
0.359662225915074 0.787900368447483 0.377954103034331 0.74703837627414 1
0.32756808754264 0.803662514729736 0.406308805299841 0.772783749541292 1
0.640351339626146 0.764333306928076 0.422698578483952 0.857711749144799 4
0.42269928798842 0.933648361922547 0.616504930399046 0.6908025398794 2
0.292688859864327 0.563911340210574 0.749462099505677 0.862779558986205 3
0.0287887978413302 0.507668574858184 0.897716761609541 0.373845013873109 5
0.421310478438996 0.883614709358656 0.602921226777388 0.773164563939275 2
-0.0235117923540467 0.609822145737565 0.824628910508571 0.452381282910788 5
0.367592518974095 0.691684912973924 0.422619493394553 0.754251780373122 1
