0.536113510041 0.398218663174191 0.453027658937092 0.814776789081633 5
0.913410059449708 0.968660159422106 0.398463400234791 0.387662763475437 1
0.511727905659084 0.740873267103679 0.442230049962797 0.948088953710362 3
0.742143852727167 0.857353314213545 0.412352533215783 0.385363786445503 1
1.03733809489282 0.319159992901829 0.135010012851264 -0.0130086575615263 4
-0.07411804336466 0.313340249747681 0.783611340837385 1.20706269798757 2
0.747825598439844 0.994550940940606 0.435537238150628 0.691993190025664 1
0.618292577715441 0.461727197575239 0.394256502030224 0.618722408115287 5
1.05333908887568 -0.00567868108930254 -0.0160511059856948 -0.0923779518615894 4
0.863700398305202 0.919745691134388 0.514186732768364 0.401652675400576 1
0.790154951067773 0.300291783342643 0.12886580871546 0.0562815496263292 4
0.643419854847548 0.482123263023056 0.442104980197174 0.771062427389127 5
0.675180812299999 0.25717148796241 0.375717751108602 0.755315089091954 5
0.870098116451622 0.65798391003925 0.227016262041002 0.188705529354767 4
0.773201376039464 -0.32123897356089 0.151872711556586 -0.0459424237358249 4
0.667515829296488 0.934901917191804 0.394553526593714 0.410163967651558 1
-0.0969774504563229 1.08666058915316 0.281237175915276 -0.0790068594485485 6
0.885859658009327 -0.0384396234847557 0.053136017003216 0.34560333441332 4
0.0604647256148367 0.158680132071263 0.645369587835264 1.16632830415365 2
0.617056035015469 0.415558221773853 0.411128565054454 0.746576289365072 5
0.690932397542515 0.782310852407117 0.405734863094518 0.612704264151114 1
0.470162354202122 0.246986755329613 0.528165743475383 0.836059338679002 5
0.690130833893392 -0.0968242101905232 0.0104914044274555 0.1540086952908 4
0.557121493746578 0.435667349414358 0.416920304513631 0.693389210897356 5
0.0609384192459659 0.418384484222701 0.860665772353612 1.16037916411293 2
0.0973063830301148 0.780581384738807 0.569736111056903 0.0319107553050224 6
0.204033842037894 1.05623649820116 0.639533276694833 0.0599609916192167 6
0.677807703706094 0.394319717828553 0.460347419913396 0.76192101319837 5
0.613811473640538 0.150136263577145 0.250683446090787 0.108674323046616 4
1.06931051276805 0.226259421095579 0.173698963719645 0.189128284312577 4
0.916516638944371 0.224127755337213 -0.146730055353473 0.203170170514765 4
0.58445786050023 0.462772242427146 0.317716142055407 0.747668845073721 5
0.0437703174078849 1.10903786709433 0.496908337860183 0.245974502689478 6
1.13503713478361 -0.109775231815626 0.304865723376345 0.18673076739649 4
0.779543984920725 0.166683275685471 -0.0858030555562366 -0.00104703799290187 4
0.0741430734153786 0.233488740113319 0.877206596909471 0.870501346484154 2
0.0742183034129707 1.06142808134634 0.336509896857182 0.00198522369992743 6
0.658010096563703 0.891074586779946 0.481910567100507 0.365767482692484 1
0.0609545602803901 0.988405360211026 0.209471029129398 0.0814183217439518 6
1.03339163289024 -0.0736704834849185 -0.182156566252103 0.0512841577943579 4
0.078402503834466 0.810158908634501 0.375493581648439 -0.0588521503581655 6
0.927870399916644 -0.00390338050996443 -0.0212055223698586 0.0794653753860331 4
0.947311273927734 0.0248059402238784 -0.122213342000082 0.0292911063567394 4
0.764487705184168 0.924389920167371 0.486617237854526 0.52557536416063 1
0.740146684398486 0.981874858430025 0.219674712042622 0.448758508527801 1
-0.0239858882783937 0.879322880451811 0.641322940612162 -0.0587769052794049 6
0.71769707605464 0.903309404385703 0.515776553370061 0.282135687132848 1
0.98902510080667 0.0986620561417083 0.280680190111954 0.0675011670383267 4
0.535242605792261 0.514759693326608 0.363988770171921 0.821528187408247 5
0.869534938672976 0.785556383535456 0.459164739915552 0.5536768372832 1
0.167012013503239 0.878816386967484 0.462956637318274 0.143647150873849 6
0.572562846852245 0.675129317102989 0.402007872261618 0.90450330306823 3
0.591048895893604 0.433449416070257 0.417352628394205 0.830537883710699 5
0.282582144865989 1.1215676009657 0.143289809278224 0.112347149063185 6
0.151022826192539 1.13773897136237 0.620693724126029 0.0684072757503311 6
-0.00446405266337047 0.111461877815445 0.865733744553597 1.00677367950719 2
0.525754317223692 0.675448776787815 0.438986560033618 0.94049386873194 3
1.18508909546736 -0.10766632217851 0.364229201238406 0.0751047758018919 4
0.758459186598248 -0.00567513044999932 0.120970695213119 0.159671345337375 4
1.10491318406336 -0.0611166977463994 0.504873894716542 -0.22800623204764 4
-0.0840297565823452 0.670199871846568 0.310029937227752 0.162268510351642 6
0.558632808649327 0.411295725811211 0.417026552346406 0.682543232690735 5
0.207350864865408 1.10208625308833 0.623029902541371 0.0397537489018154 6
1.1195713903591 0.248863469787043 0.402784063317873 0.174455663938103 4
0.716155519388687 1.04920294605407 0.287136698537957 0.614464246980525 1
0.806199691971561 -0.0974746229209578 -0.0941730864628052 -0.116422385198012 4
0.0880808535198397 0.857893478091925 0.301457813677014 -0.250497852722499 6
0.941930243590922 0.836325616476808 0.51113687647727 0.575276220706513 1
1.31473293184195 0.0679439170415115 0.0393300058147803 -0.00739770789104971 4
-0.0701544979279721 1.02655730725421 0.454628149614362 0.0712921650194327 6
0.210826297410252 0.238820940084339 0.610962648201571 0.911226956310464 2
0.605207232364074 1.00264635282525 0.316279657561726 0.459545610998793 1
0.685337344072438 0.72181568813996 0.446950012901567 0.500755272601801 1
0.845187581351433 0.839636449680424 0.410581335402909 0.437467816353753 1
0.869281981567918 -0.119530363563056 0.129245467245573 -0.00271054354729934 4
0.747126958971769 0.8784581847579 0.462613508780437 0.357551269769574 1
0.602284251378807 0.313090064961027 0.36321750251201 0.633539857289081 5
0.711239672155578 0.271266583206738 0.384910892276257 0.822531925202466 5
0.722796501619936 0.981478972551903 0.388684924462655 0.553131120461294 1
0.656243431751074 0.862012787692172 0.352673845362238 0.485192121547597 1
0.564575177433398 0.335912928002603 0.313599019348888 0.739472654846592 5
0.625162201775856 0.429378082710691 0.352790046318545 0.728755714280016 5
0.741578578169982 1.01070950426617 0.413844190479637 0.374794226820236 1
0.479170788185428 0.933222075928961 0.462492279587654 0.420088665248313 1
0.210052937200623 0.48703987468493 0.724784550517771 1.1133845008602 2
0.571389737894765 0.7734298493228 0.442676546841791 0.930227525686461 3
0.0686627126337937 0.8138838709001 0.261998318510082 0.115321623284867 6
0.116736281654416 0.745385945176082 0.35302112272418 -0.0384306435788837 6
0.163390124024235 0.87535782743025 0.338969584033366 0.0242423875913978 6
0.839659867463953 1.10290043660735 0.265204325583822 0.341861562485686 1
0.829655718124146 0.265883644479036 0.164730804596462 -0.010573839693332 4
0.561135541639898 0.363074511327962 0.321512512368113 0.709211500072683 5
0.594755272596686 0.76623010736968 0.409235289843648 0.878852381575404 3
0.580905399543699 0.318792762007369 0.47791190758513 0.763147106284603 5
0.96207398290981 0.445841693480299 0.139856273057502 0.117079127342135 4
0.827085123106815 1.07403138776503 0.417260890461248 0.603718904644203 1
0.81123034263467 0.894652763640767 0.361910032887852 0.382633078031983 1
0.600805206487168 0.745371215435562 0.427054894207458 0.966447013937604 3
0.641888152707251 0.392043906920944 0.530205221026687 0.82737845250364 5
-0.119917044182849 0.207841253408134 0.7414507059131 1.00377317351998 2
0.782585033151581 -0.0421472060226579 -0.086684155746025 -0.0890620784292824 4
0.521528408578196 0.498761423121247 0.389094422787021 0.768921800770695 5
0.59014305350652 0.384193535027278 0.473017616627846 0.759919006708591 5
0.438364416284317 0.388370886341321 0.398717284935108 0.77413959056233 5
0.881825960896981 1.00603481136175 0.551805368029982 0.474853183111159 1
0.960332800751149 -0.246224791207948 0.0656450921638208 0.0677251065448036 4
0.648438224064769 0.815037208109518 0.407921643623581 0.840241971248512 3
0.691572896805676 0.349178802808709 0.396126480541 0.82585340220023 5
0.280983264430786 1.03411388760832 0.582219514874463 -0.151160140441224 6
0.965325778389952 -0.0897005712037332 0.27863719904844 0.139069461407563 4
0.757604409312185 0.817594890400048 0.522039610844098 0.338218657413534 1
-0.00303073730535966 0.866801772759759 0.501103669848839 0.205023507847876 6
0.66629003948582 0.895346649696609 0.558378431206252 0.479059933594027 1
-0.186026758357684 0.225425564384662 0.619151721275194 1.02672103672125 2
0.593456859049958 0.383341975324115 0.465383181368868 0.768893971918787 5
0.173141810302994 0.90628906626411 0.377994116346467 -0.103472224906367 6
1.04227829381946 0.180595248165578 -0.103303738238087 0.189646763771986 4
0.643396230142501 0.540780467477357 0.457687785112258 0.815374118425528 5
0.667610455899412 0.42440060276163 0.490419843069078 0.838555127296322 5
0.0174155867096845 0.95270459591165 0.239159996092087 -0.0946463497995908 6
0.501444803751912 0.718732213521504 0.39094966502604 0.975804994627762 3
0.852519959705642 0.0560305536989527 0.37999371302363 -0.0427872532461725 4
0.916295021625151 -0.110370665385275 0.0462605059093246 -0.251256709185486 4
0.900381609860232 0.985073351040347 0.398498694457959 0.524062449508862 1
0.118019209823779 1.03992910087607 0.449633655758007 0.13194071731333 6
0.250781045110161 0.994420512282203 0.421478205711631 0.339848384598651 6
0.686604654022478 0.526923281240385 0.526941620033353 0.788376438731673 5
0.638251984921137 0.64383203641463 0.414265047717178 0.905214487488977 3
0.0947975719607489 0.339938771775795 0.555426922982153 0.876140184683664 2
0.00170277678665592 0.209197854599781 0.625095213686181 0.916640209596303 2
0.812708808980348 1.07988049296408 0.512230620890656 0.359885095181083 1
0.676449718600559 0.988457710660189 0.411555151968902 0.139262450899365 1
0.99348094265054 0.152077023159371 0.101975482022633 0.153283225389085 4
0.710498586943921 -0.0176548104806566 -0.0620276472984554 0.271803512112164 4
0.278295519773349 0.968607357549645 0.445877896144673 0.252098048847166 6
0.955277711368413 -0.119711829695898 0.00692105840055336 -0.117721060348006 4
0.763381246143318 0.830126590243169 0.462589062266983 0.3533693332221 1
0.0923034931171073 0.818932757095052 0.205271195284623 0.163492321757088 6
0.138786041612203 0.0947476214363673 0.759978553843297 0.630108433240092 2
0.139746365333545 0.873382458791855 0.245121058175148 0.384494887797111 6
0.544466598564549 0.776245918175939 0.321117179516751 0.820242483590794 3
1.0328780603113 0.0188857295295276 0.331944700434144 0.0196914036742287 4
0.197563437082225 0.212235478776681 1.05606931605107 0.961525917940001 2
1.11421596642767 0.296779456634847 0.243757531483828 0.228448983441951 4
0.735983208220354 0.899129551894686 0.655304867617311 0.449359589874796 1
0.0682566716688632 0.308006792168827 0.70345110099592 0.921719448960577 2
0.253568040681719 0.681990017381149 0.746699740207987 0.254700459932747 6
0.567040871122458 0.444280960944068 0.362096333419735 0.720699881723477 5
-0.0548775651127066 1.00405915054344 0.409633103258035 0.242573646891644 6
0.569555650955225 0.692311813129304 0.395187302753703 0.945991013746512 3
0.486878106531117 0.731220153361883 0.385951041369266 0.892275436000671 3
0.800907452948245 0.107881577612728 0.28164159619714 0.140129909355527 4
0.0931227438402616 0.910311561030358 0.465743941901819 0.0382555323161133 6
0.84101803373638 0.0273029134996074 0.022054998836497 -0.0359031205903815 4
0.65308438797599 0.427897263347802 0.439579805980917 0.728822103866617 5
0.579341143797478 1.02582584505565 0.497373238353185 0.414374881246496 1
0.0290044203018091 1.01332398546174 0.479363830053194 -0.0796341282957984 6
0.995532876700438 0.0856876552410145 0.0402362693080087 -0.0636881732659709 4
0.971986240047796 0.0134179818590845 -0.096820849807977 0.101790808018211 4
0.70171281842917 0.348755249181427 0.359612178882456 0.83916669576579 5
0.235661134148096 1.01727116274219 0.350667758994611 0.0796789976989494 6
0.583454743418053 0.493184619536416 0.397838639618088 0.697531863658533 5
0.997099862455108 0.0964416913386459 -0.0566325946765883 0.211100221087056 4
0.575081154454365 0.419137474678462 0.343520746685404 0.784296031867234 5
-0.0295179606852665 0.289906377602926 0.580061022005378 0.977576269242871 2
0.0861251649217196 0.165751368305913 0.600458358959852 0.930239875396521 2
0.541606647284853 0.429898812972316 0.367884539714003 0.722714599303635 5
0.967092247891251 1.05913614701601 0.571724563110682 0.327382636437528 1
0.689210632433083 0.905964006168898 0.486690392998925 0.431216950656543 1
0.725464778033137 0.96602935999744 0.373558640778481 0.47124766465175 1
0.697288458557665 0.57837355152133 0.367876078111083 0.765467692055851 5
0.0586959155275119 0.602302646237725 0.536609333574973 0.163951964203908 6
0.67420142474806 0.193236677125635 0.285487017364296 0.907256577282717 5
0.709252566847236 0.780839511054448 0.498928632413094 0.918707878226317 3
0.520967708550941 0.373550544901983 0.334139228107768 0.715097246324638 5
0.542604413125267 0.428255867562779 0.497330721517392 0.744679007732912 5
0.145356890616656 0.272906503575857 0.815287233748056 0.885833480253139 2
1.04186125461378 -0.0844615078492953 0.22955785194263 0.0468819736737611 4
0.0743236332460341 0.978308483235809 0.530864728773527 0.0793896604639103 6
0.174030500706237 0.739324180544878 0.347178390429776 -0.00574468640282536 6
0.365416895559075 0.230957231519163 0.569602961818551 0.829007061921954 2
-0.106366481912094 0.702130194796586 0.432144466517412 0.252971063203864 6
0.599708794447128 0.362777501458696 0.275444111401316 0.837620755056568 5
0.505742207824228 0.425573331729208 0.516422597541096 0.724511533510927 5
0.775504441629552 0.0704938437522783 0.315597859977575 0.193153012927386 4
0.289883782060087 0.710556640039011 0.492084050579833 -0.0782949332910938 6
1.08444544303898 0.0118822552296088 0.0917026358696553 -0.11809069551695 4
0.585997596591364 0.343796146397916 0.364641990816575 0.623698538726639 5
0.634500370345637 0.503486751487652 0.386110713212937 0.816873980811285 5
0.502891806478291 0.799643463248916 0.555961627119474 1.0170870203086 3
0.910138864349933 0.794896666594728 0.456906498171774 0.457666429306046 1
0.213810409969861 0.942983002225874 0.614426397833108 0.311968377214129 6
-0.0939848569309773 0.939647578085898 0.307320344036853 0.301254815500454 6
0.928213085587604 -0.0872907842123229 -0.0676739353482553 0.181991083853414 4
0.00363924912136222 0.942490283173609 0.185371593943347 0.0272619138566627 6
1.00977596485209 0.258709079655633 0.0989897124649002 0.188998199546484 4
0.937827803267229 -0.213592256615863 0.127237489049281 0.105810467488197 4
0.550784021988667 0.419560505169316 0.466859622723574 0.719699684280366 5
0.497501755077339 0.873719949532454 0.317658762558606 0.862221687060509 3
0.1416844482743 0.143607395380721 0.812977877209173 0.719818727597057 2
0.979955504393635 0.0625969235447164 -0.0322682567859608 -0.0209025207185388 4
0.763910382844187 0.20129836122851 0.0811900277773184 0.0576621456924297 4
0.00464015174962251 1.07396465097714 0.326412095514091 0.187489426050071 6
0.783556100533926 0.784418972447073 0.343214230408414 0.515709429733388 1
0.485929431308236 0.366146917653956 0.480703152458262 0.822844076555939 5
0.629563600208596 0.686021917610232 0.498413593721612 0.902250304688966 3
0.603374929609426 0.763935821978238 0.420108628826712 0.921623469401473 3
0.704071643684067 0.869101669796098 0.216619039226508 0.395834621590396 1
0.846740905882129 0.817839379719807 0.44591251103641 0.333844165782844 1
0.10308989055429 0.917767723436486 0.500962771817882 0.0818802390638066 6
0.15673668350132 1.19491695225634 0.53834958017041 -0.0381778233072596 6
0.183025431846507 0.81506404107785 0.243001018204987 -0.0981667091749987 6
0.41646346142081 0.808597327102469 0.300706713370696 0.88151909879713 3
0.545072526941166 0.796020902592597 0.469640491961967 0.910960456695156 3
0.635177822337449 0.668620284099698 0.475041527596386 0.929515380057566 3
0.640624903178813 1.10028288655703 0.498325097965218 0.467945814290361 1
0.983341325113664 0.0770176737635762 -0.238306014503654 0.167218987603708 4
0.425901049747979 0.996300335936935 0.241918743818162 0.0981154950544979 6
0.777728265938672 0.820687102836152 0.336307603334517 0.392246481811112 1
0.731354835457947 0.866617465665851 0.347881413244945 0.39288896247028 1
0.586074517927105 0.418913179070926 0.34433851641069 0.719315774586251 5
0.305042698494872 1.00575841415478 0.445032373046407 0.0792585532194335 6
0.79284946422312 0.262156627691561 0.121170082549084 0.493592692923684 4
0.690316107368496 0.788531760176288 0.410382549366809 0.942956000103486 3
0.500217451151141 0.410747357602163 0.463412982021062 0.822069252740722 5
0.164786452915417 1.05955251442107 0.40820762852491 0.243773257035991 6
-0.0630218230209939 0.769426130477976 0.187788479674407 -0.121348342622378 6
1.17050358215886 0.189247341310399 -0.0717632935585081 0.0184794428593355 4
0.897810378466005 0.248794739569573 0.16682266191688 0.0447187833135835 4
0.379193956794526 1.04143692139042 0.488292571771105 -0.125943374167692 6
0.0927637685810202 0.651210899520337 0.30914477248133 0.0624309518743912 6
0.670866765078267 0.562904333855933 0.406085036053743 0.668296197126873 5
0.62499282470822 0.386827612783563 0.446987477759221 0.759797862234061 5
-0.00615589859144836 1.07075220556108 0.679621099665499 0.0596630067811881 6
0.658825431117194 0.433892236012252 0.370463831820158 0.746590899416121 5
-0.0789475694966039 0.823726987189762 0.380914514313638 0.0187184347640962 6
0.482573382122052 0.426344729524816 0.470229083959353 0.790509471238093 5
0.689918997286418 0.962122184260157 0.565506675866722 0.317259380086549 1
0.56312591716691 0.763860376717395 0.436553117146327 0.940557409463413 3
0.138584433878079 0.93035032494009 0.440503725860306 -0.267319669433328 6
0.005630992831945 0.764506321898117 0.452073226577677 0.184347961355485 6
0.55452031356364 0.459410652736596 0.30163443361926 0.822325794686089 5
0.838978322560107 0.0291829850507851 0.135387684364986 0.10657206993718 4
0.562701062337988 0.744603441966497 0.356017939609201 0.987128326814055 3
0.906144731949693 0.997307973118057 0.471926524688321 0.475490441744915 1
0.50931405071058 0.710033708950546 0.410346220518746 0.919472701720898 3
0.982693858968164 -0.122723994254667 0.0694782727659125 -0.00194983071116137 4
0.745231543628472 0.565664746409869 0.42993865670584 0.791123082643473 5
0.787379667948291 0.628121080269553 0.255528978081756 0.377621865612162 1
0.911083175060699 0.135297764693682 0.219015671601163 -0.0265383942012431 4
0.658489476991457 0.39378355740352 0.315390918066018 0.77530696798301 5
0.718370293542349 0.83141965690926 0.439595690076125 0.40460652301148 1
0.924430962423286 0.160188417606509 0.223960784893737 0.137999382810961 4
0.300442422897951 1.01271794240809 0.506189477832954 -0.0386610926237513 6
1.30611579183854 -0.250933349561717 0.39893068582022 0.454002929798624 4
0.889086948914185 0.301545558527023 0.373088405378876 0.177032671512345 4
0.576667259245786 0.908263872299864 0.375478980920275 0.478200991995355 1
0.618454612290929 1.00133544306297 0.352018591594328 0.277191736692789 1
0.654188648027821 0.37692239656505 0.397453871299205 0.679859180116915 5
0.338994471660859 0.889655362246956 0.418334858557177 0.0367127574366054 6
0.0416685488692322 0.0250950979587629 0.886845939204383 0.761813835676432 2
0.468025648207053 0.379795959730134 0.283843286202433 0.752263682352389 5
0.83556044631176 0.352662770407043 0.427760757510365 0.343482056716801 4
0.770377449777136 0.704607717696361 0.293042171687628 0.945859689891498 3
0.218061951453138 1.3054575369082 0.265071902668187 0.0442353238594078 6
0.62319715742211 0.715047401131816 0.398106375561667 1.0099506865544 3
0.956474410752173 0.882307241723463 0.588634170081407 0.396128174139015 1
0.792067431563556 0.770578950186603 0.382857113303284 0.434423933173785 1
0.000128635442769559 0.300978887126655 0.812554646709083 1.20208766720372 2
0.372432267838463 0.262775656162889 0.862250234456119 1.04488738778418 2
0.573798203812074 0.728429669099395 0.391517636831874 0.837926300868757 3
-0.0181652594184898 0.102637436609676 0.616210603119587 0.746504216064015 2
0.719044170110623 0.906289613109354 0.347494286485717 0.473906543732597 1
0.148205126431814 0.40345339816352 0.949409340724002 0.782637607650206 2
0.527433210763383 -0.0285484225878051 0.0335430448645417 0.0363586932062836 4
