0.376811299074143 0.963503789486629 0.371410337500333 0.773016873052631 6
0.145682081645934 0.999149163558549 0.309916285663797 0.236434939812953 5
1.09257841850404 0.662079497885263 0.601964667564399 0.754791964506882 4
0.304343474189943 0.852754273733381 0.297495695483296 0.783538492016343 6
0.275459245615993 0.685627829113777 0.224367920167497 0.836411041111516 1
0.357740359443078 0.919329409482443 0.461419964576311 0.801932993196027 6
0.197239393860343 0.99472592824879 0.264778649078706 0.1936445167871 5
0.010605449780535 0.573680044751811 0.440312427139267 0.52023051237634 2
0.287135074245463 0.861456744770902 0.545571490789343 0.705790843882772 6
0.296307786136511 0.993091427182294 0.490777897191822 0.730809667996197 6
0.291472116951181 0.909460062434043 0.393578324892012 0.712420772441628 6
0.150621490978802 0.996824009265719 0.25097619170657 0.318738075613874 5
0.264334965379848 0.557645730177757 0.272668038369454 0.844174509923586 1
0.151765432882511 1.00544085251942 0.255725195992739 0.154347927829294 5
0.000455581211905962 0.686014056772299 0.344304629795573 0.466458095035801 2
0.867471953672586 0.901712073383234 0.651813660259588 0.586475602971304 4
0.296732742112238 0.870177026624916 0.475534652292939 0.676921430536382 6
0.963055874958318 0.822440990467065 0.714755449841571 0.690492313700215 4
0.279730482440357 0.871558463696152 0.154680387808585 0.372601001819702 5
0.917349625181939 0.725931770896526 0.752030328219668 0.725290083767926 4
0.0906078373108641 0.568822595295269 0.460616861602923 0.431705859273777 2
0.376641077951274 0.558148164562903 0.283057185619177 0.769081044077939 1
-0.0156502876943494 0.596507617681422 0.429304934140466 0.423261764706602 2
0.138531776639565 0.640581042782194 0.455083325013525 0.348330451493742 2
0.330255185929104 0.891285756602528 0.280228578697256 0.247526165258269 5
0.278550862986176 0.862674165725178 0.498191151383541 0.790528721571444 6
0.431975076961967 0.909936207907859 0.246455747220526 0.330063209432462 5
0.134277135057226 0.91080420577979 0.428704875022383 0.775103994265753 6
0.215632836019091 1.02773971260345 0.400914822417516 0.704852945629797 6
0.176505999372781 0.465766712912841 0.436373240681803 0.426958871685865 2
1.04855916791944 0.696869766771471 0.672117870806322 0.568572836721112 4
0.400041300341695 0.0884457744901157 0.392115317875529 0.16241985497991 3
0.149569619001803 0.926963211250246 0.305127390078011 0.206182861565117 5
0.849826930805878 0.713528614344449 0.699053159435058 0.604009231292202 4
0.161724338648724 -0.106505912094096 0.464685980119549 -0.0485649154705556 3
0.247021422434227 0.998342052985154 0.456531449096621 0.741852257501702 6
0.223418678632691 0.590398159427338 0.260870797279655 0.769658379735672 1
1.09212122249073 0.739833166833687 0.633710782762824 0.632408076125389 4
0.37770871423405 0.997444873339305 0.278554923881092 0.394893118483273 5
0.839498334609787 0.707423126516797 0.810447928647673 0.483271372240726 4
0.158481639819207 0.80028996515826 0.219129599137924 0.0603728872456562 5
0.0748314479694792 0.575436357410162 0.452794356230364 0.286301175466035 2
0.1835982528891 0.851839394313114 0.367422211770919 0.857775438714909 6
0.386679890153985 0.831029945661915 0.434824009895071 0.719041965181154 6
0.162595543787198 0.863061423481817 0.367177668414472 0.693177606868146 6
0.1562763589008 0.0987514333895179 0.526633687207844 0.111444850194062 3
0.228776440520367 0.585890838230848 0.239515209227226 0.696885746539898 1
0.283726853257505 0.860945017934175 0.514509856623966 0.649359501538979 6
0.254674596371386 0.833842885365338 0.361952250794297 0.881777216451475 6
0.285121321253472 0.916274167036588 0.360057888285518 0.729073567325041 6
0.176054329942372 0.580882810237329 0.283328159748922 0.790256464589893 1
0.184399913661081 0.832681900366519 0.230196555596851 0.314975694139045 5
0.0165266280098852 0.447030744000973 0.311907080518056 0.417274227204452 2
0.233346833375479 1.01350299626512 0.314215687743273 0.172357107646908 5
0.210491552259921 0.811070086756086 0.487390451671155 0.751997992014277 6
0.188015728445526 0.736542272205533 0.279257473890065 0.24367071128931 5
0.2469375158145 0.08676107252695 0.517819300384379 0.165275388479948 3
0.157457718878209 0.574678821715409 0.354811717143286 0.53372743347719 2
0.974613936985428 0.853457303513749 0.76698799501877 0.390295311568684 4
0.193881914979315 0.535305643790143 0.469853391431242 0.434251773269016 2
0.235023604337517 0.701520231571359 0.330866713741415 0.696977309907087 1
0.278345355764988 0.642809660949771 0.126277622091472 0.772813893531813 1
0.270248709826088 0.646039780710081 0.280274042129814 0.626087261394726 1
0.2213018602738 0.852320148642021 0.329698164356588 0.81643379519169 6
0.873059093163114 0.767035480346373 0.662119984276407 0.76567740111098 4
0.170406408409854 0.840250407178833 0.341448991629221 0.331182530499461 5
0.162834837879277 0.0497321313197117 0.520577380801583 -0.00528401592822558 3
0.352131806896445 0.942784383706109 0.408811729513269 0.677044866298783 6
0.89105449849249 0.6892737037262 0.898449862714397 0.431085662357978 4
0.109646929430434 0.603724957990965 0.426317301642254 0.523440199510706 2
0.162107394225054 0.573489348770847 0.474088163680248 0.482157040438024 2
1.09664337213918 0.858232244928769 0.947264282886637 0.745838311951444 4
0.334913364570806 0.659404571330176 0.274091756080059 0.795282584314074 1
0.243555405844743 0.93949562512464 0.230293715678618 0.243681411044812 5
0.360115408211942 0.0474077338142308 0.456945111522636 0.158734977229702 3
0.0304277382241449 0.572763751250282 0.497772758515905 0.418433411342105 2
0.281329915480994 0.998389610502892 0.41975326528727 0.715928125101549 6
0.208231344127477 0.994501573867264 0.409904136915109 0.726946055020859 6
1.01544276311175 0.865839147764073 0.646678905362987 0.59884228356453 4
0.329461074185216 0.998506285391247 0.485084123586669 0.635279266416564 6
0.211339306887819 0.918478752756286 0.434310297039114 0.746530053743712 6
0.0224598925520214 0.537077122766906 0.35927645508105 0.278920079582193 2
0.261300699854071 0.805094944929131 0.340523468830335 0.771339935296181 6
0.147967163051439 0.658683466155742 0.445608131631177 0.430598921075512 2
0.0101380251453823 0.639310953831836 0.430564951289644 0.522873394437683 2
0.371429855936129 0.869347160019552 0.347810760998117 0.714002228410581 6
0.222252788960929 -0.106349475655933 0.552314437165055 0.115508625240176 3
0.259356728632645 0.512269767314491 0.369689377222837 0.689998624383771 1
0.214488440675189 0.55425466579828 0.203783423903864 0.691307842551227 1
0.191656210824898 0.791322632640425 0.382949627627785 0.186364816511447 5
0.102332350662982 0.594791745115666 0.409904655010404 0.406459653102864 2
0.392079805305209 0.662623579833784 0.225003242362448 0.665081925827248 1
0.242881133323901 0.878716990721085 0.463270949976422 0.711749992156857 6
0.361488695947943 0.178737777895696 0.557988344572657 0.158849351026044 3
0.3224965148043 0.987205149016721 0.381699648851869 0.8407775747855 6
0.338839349045666 0.960724850219688 0.384628854769254 0.741940829204749 6
0.267683186125106 0.884114372335322 0.424611383670647 0.712100873703078 6
0.320763845979114 -0.024206605594177 0.543123565236998 0.0681951648851341 3
0.210131423115343 0.0859844847270275 0.419966929664204 0.145058783870198 3
0.282659950373851 0.945387154723639 0.410497285368635 0.760640604029941 6
0.077951688776911 0.585673226611749 0.32006486165476 0.300296743430213 2
1.11026491161899 0.754425185554787 0.818648282297859 0.675485800890408 4
0.287131137727843 0.623732824553971 0.115630727802224 0.716434505962946 1
0.303143748044533 0.83432926521239 0.308224586857799 0.773816215107536 6
0.206119564147606 1.02355034659121 0.187879836932389 0.138082108434992 5
0.300256516127399 0.882364798655657 0.420927415137441 0.734819788969246 6
0.196601770788812 1.03976168512257 0.414739375006971 0.765865583322557 6
0.183090518562942 0.857601954728151 0.253341449357711 0.253949380682774 5
-0.00593744052682839 0.604825042948112 0.406051768263692 0.402697101302889 2
-0.0149090651231774 0.681771153637748 0.494553076085298 0.417151776604154 2
0.238032265172376 0.970345783954645 0.516716787194133 0.709721766516212 6
0.827649536773444 0.60087327943722 0.864027259763386 0.598650517385925 4
0.291698353484037 0.933750345781421 0.390930947916881 0.7284326755081 6
0.198433391540919 0.934766174790316 0.441577788185616 0.86906533033153 6
0.0855782058447906 0.595317148776849 0.363742800099592 0.417024042997014 2
0.270473084095816 0.882371150487513 0.325055544507656 0.171579417913426 5
0.103426577732097 0.619389569334183 0.494918482921276 0.54829231921061 2
0.140706378818515 0.582790307921689 0.274240176523698 0.419167575475525 2
0.165861007920096 0.385569068259526 0.422071735542346 0.172704780269776 3
0.27994180228427 0.909141089306827 0.214710959616078 0.172772497737916 5
0.142265737876569 0.590461280905381 0.265090342927666 0.500731609362232 2
0.240776890855483 0.690329452178031 0.271007154597997 0.650411464479263 1
0.12623701948163 0.0753600181150016 0.524623338676807 0.0437335929885218 3
0.124046517118574 0.0761458939276456 0.522065047308271 0.0123483185707306 3
0.234549049324911 0.920344631363164 0.416073066701976 0.555682267465024 6
0.369944869346371 1.03230188677247 0.199234429152034 0.17796278008047 5
0.161911227958182 0.610827465030232 0.406451079255189 0.420793747217821 2
0.974328249012274 0.669150301886077 0.740104768262574 0.855232286499058 4
0.236782794783716 0.926347076986483 0.533708576549523 0.73094721664606 6
0.204578989928248 0.882912360439086 0.422430018268903 0.754081288401732 6
0.191839235314998 0.909126315158946 0.400912367623619 0.65338383266509 6
0.335836159434653 0.90312454352626 0.275785494716749 0.291006360564927 5
0.265559909097022 1.00288708589848 0.174978689242285 0.238935875959529 5
0.222990141082345 0.988762069464373 0.468177277473507 0.78945264811652 6
0.247645755517023 0.924558488294146 0.396035150137778 0.767426298672439 6
0.266102128383712 0.903269212336609 0.41689105590534 0.774591875862551 6
0.38160374045357 0.935733115162276 0.545456094455229 0.711579250399293 6
0.195501463343426 0.804483933387886 0.324752126501373 0.303050656402993 5
0.184546676492225 0.857405438383323 0.403817544417991 0.781937770487043 6
0.100391570533043 0.43086536206219 0.323905379501204 0.376908348533211 2
0.112908939873826 0.639518192743956 0.384960617678106 0.443596897078012 2
0.241131206834443 0.894571988022012 0.468377488116366 0.74956121690432 6
0.0540752587082211 0.639229916571009 0.280170487008177 0.427796787961675 2
0.408384027036192 0.830855289541122 0.460159273876199 0.838131861532099 6
0.736642988752031 0.835718823849308 0.736376851420741 0.793388462744835 4
0.167269647828675 0.537896444996331 0.18067179752983 0.82429549577466 1
0.156911822173873 0.849181572076623 0.241925253666065 0.291753733636597 5
0.105485885145729 0.646521855103899 0.365581792077543 0.385538724010801 2
0.28683538979723 0.82713873285073 0.502836154219507 0.880370360206825 6
0.272069267818902 0.954116510897647 0.255107395749234 0.290485530659589 5
0.943609325400074 0.591081587051717 0.553287019062983 0.808255609497398 4
0.231576729077391 0.598836032613031 0.323514423688823 0.508556952549794 1
0.264285290629152 0.951270568735506 0.461686734224505 0.823650848234682 6
0.325739360785171 0.981819210549017 0.335092669102522 0.318859378410186 5
0.300135281870956 0.825868576517297 0.437246192534679 0.676212856956801 6
0.0739310699004806 0.590221390304519 0.468148383994124 0.471891851009365 2
0.346508159725249 -0.0337937248606537 0.243599346418782 -0.0203278863018823 3
0.341083199370711 0.967621640855842 0.358156341849669 0.197630969103888 5
0.0476971900859206 0.581528812321876 0.379997346410083 0.340424689663249 2
0.274472179592703 0.839660814024263 0.340470248245623 0.124633100671202 5
-0.0190541983145264 0.606378116338936 0.333731219611259 0.444941940464914 2
0.999978416898884 0.836970774595895 0.787580546145469 0.677379591962703 4
0.177328122356165 0.945367630993008 0.178532345216767 0.258448617095512 5
0.134717633218177 0.945190563117537 0.173483295974453 0.283816662032143 5
0.151881541887259 0.928072998230913 0.370469937522099 0.320582681118319 5
0.282751792265097 0.966159516207679 0.441554858024892 0.720995788914139 6
0.0495059280992373 0.554401256846707 0.441971930543158 0.517607779827781 2
0.222357760714873 0.980800714937569 0.478692468527277 0.741300436376595 6
0.0382265821959068 0.618676782989366 0.334052202017376 0.566938150952179 2
1.04055771624043 0.469277681685824 0.756679659706551 0.672310126782798 4
0.202261956128144 0.882615280250657 0.286441338228529 0.318752386924867 5
0.184826866989854 0.99339396268551 0.317659858572482 0.181154665694598 5
0.0898506578457485 0.220821134731915 0.219309381993042 0.133500498953231 3
0.284975020045778 0.622189187479801 0.297420936807548 0.691472240772187 1
0.220315780760608 0.855296473895863 0.237012659243313 0.309193759937443 5
0.17612841066004 0.858101365413701 0.348337084093721 0.232424116937732 5
0.21563605294897 0.925590894789649 0.310508536440439 0.347622603961655 5
0.136608730849301 0.762217919544269 0.467741665031888 0.511174331573985 2
0.289695064821648 0.927120009461566 0.408716328820163 0.698634640099252 6
0.0360631257008771 0.696038858531174 0.428683452280296 0.369103773017585 2
0.0667736325855413 0.490864968630161 0.38044622645564 0.375891576204177 2
0.249299805671402 -0.0228683527818527 0.417177387705048 0.0685266900951164 3
0.277267472668162 0.945118158956914 0.206903429243801 0.350040278728791 5
0.109403635482058 0.57083861185579 0.32674209101235 0.287982975622986 2
0.345469643477139 0.93206451514839 0.222029571725918 0.294367751218571 5
0.101209547664696 0.603847116489299 0.455046015328111 0.437817069718915 2
0.33426823952063 0.900602861740552 0.142993083487094 0.302786769810152 5
0.259526961930503 0.836614308025185 0.115886596858567 0.206497149635525 5
0.132600397637345 0.826780084052098 0.480521105484804 0.784415736288675 6
0.250544741143754 0.650410854767696 0.14885012309926 0.761641829513502 1
0.171675764139172 0.968977438766202 0.224520896581996 0.301232340872647 5
0.860792651122238 0.708319249724489 0.686982976222968 0.622975955408176 4
0.198547266558427 1.0234628254372 0.382122941079061 0.694655839152774 6
0.326581357009973 0.942474218053134 0.447344530077417 0.774223021218458 6
0.293343543125758 0.810518867787593 0.403532287220451 0.623738653691534 6
0.229451303057295 0.553013880487643 0.196520777962232 0.660104768937079 1
0.0592528883236255 0.567954260711672 0.459375670435887 0.483431644159087 2
0.126646430051371 0.58210048418015 0.407470409397387 0.308534379554477 2
0.389799448203841 0.859279697901299 0.250037450024223 0.182746242791381 5
0.119299966721791 0.536292243519366 0.259193058590885 0.633057242540599 1
0.258393861480002 0.854123035146741 0.263847051908021 0.178862429498803 5
-0.0479666940144775 0.484022602742895 0.513852158802737 0.430826058856098 2
0.0106223141401468 0.626872175492967 0.476848577810015 0.341509744073617 2
0.198518366456861 0.976067002886232 0.415974592575628 0.777791144530131 6
0.210153245191921 0.882506036909702 0.225039167810607 0.290332347659809 5
0.764012862095979 0.707626679303359 0.585724118185161 0.631209164745103 4
0.181897882661526 0.850864390522473 0.417244507399888 0.666620481841021 6
0.0966312967278062 0.633740850384072 0.417536561412251 0.318904496410342 2
