0.451651877231399 0.528948382436288 0.14550792988481 0.874500387258623 5
0.259276747645419 0.140412169016096 0.179380871455844 0.0569346683986439 6
0.213858520320879 0.145845859220928 0.219424865434983 0.0904731039338973 6
0.634163817307457 0.485288323014806 0.184114089345385 0.0834411575460867 4
0.702956668497864 0.178790843460349 0.601184431871286 0.854528186393111 3
0.594592006201857 0.437319990503092 0.085389743429931 0.337415794354006 4
0.63469323003951 0.559641796449686 0.0747603536214078 0.955972887631804 5
0.778400149192891 0.337724000026081 0.950560421080391 0.96271773636664 3
0.16927779150961 0.49517672888146 0.623725663444805 0.942679147027699 1
0.44761155768475 0.452576997051229 0.251630534075595 0.228458258539238 2
0.963066926308476 0.340407096980504 0.622038630750462 1.01438364350052 3
0.679329836417232 0.443800092882898 0.634635002405027 1.01854978128772 3
0.574773293921188 0.408284862942988 -0.0740928114927431 0.204637124428013 4
0.735674519205472 0.218382428829767 0.808183879459057 0.94335361332893 3
0.361979900874399 0.0556355488793735 0.14265913051458 -0.0638302766352722 6
0.165985512611142 0.113120956856037 0.305099533412196 0.0930371453338596 6
0.663828922450796 0.137630373362592 0.583455935642096 0.932202436706764 3
0.61286401126677 0.446309774786089 0.119217014988037 0.204925883537022 4
0.241967032401416 0.427137227345966 0.422774933625952 0.897022858686306 1
0.834573439798598 0.427921692175311 0.643935575294518 0.852358780015598 3
0.577727955491521 0.430738151310213 -0.0634340708110653 0.172893757359855 4
-0.0320731276866994 0.422987002022852 0.612965661117271 0.914330554753152 1
0.477410990319443 0.48953467735353 0.0280536520879151 0.269750948092297 4
0.566523063655337 0.463781990225183 0.0828639217949663 0.97851314512507 5
0.716364063866879 0.211570631934033 0.100143999208071 0.734343871713779 5
0.108538696049488 0.377457034480988 0.527482723959089 0.888414913186507 1
0.136300247728212 0.216165267165593 0.216679140599576 0.0595155346795766 6
0.26295062960644 0.0242311376850492 0.210412931645959 0.093359463639035 6
0.5752800415865 0.383616808948432 0.125765016358808 0.911969606644997 5
0.635512165985264 0.298440260909516 -0.103455011160412 0.873276636539996 5
0.570342881769616 0.485072977473685 0.198768669556276 1.04632116107594 5
0.298591562122454 0.0478281663246624 0.14696587273565 0.0624968091499292 6
0.25138507513673 -0.15708283489437 0.209118275699399 0.0447984141615233 6
0.48482157162855 0.492389612851555 -0.00294978383126931 0.689763035413453 5
0.0805083869160942 0.0440606568658967 0.641294858460942 0.901740333968251 1
0.524978213174404 0.315166015748992 -0.11257028557698 0.549185808278083 5
0.808733069815646 0.150484854577269 0.725186839585423 1.04439093506328 3
0.132553077919907 0.174103597932335 0.333129721886382 0.163622365620059 6
0.305572908608766 0.428033889330912 0.345225431567817 0.403244238672232 2
0.304138354704454 0.474775750933262 0.224220373511488 0.485793710879808 2
0.255757208471723 0.351028751663678 0.275696331560107 0.404014014632012 2
0.313054930117281 0.123423890087609 0.242202086599345 0.0325165748756321 6
0.33254458063509 0.393459257697231 0.328670314463159 0.446323773740676 2
-0.0182476931273992 0.472802336515116 0.514608957388118 0.900282537024459 1
0.0636080522005283 0.371297086676962 0.618900580562207 0.955989976420714 1
0.254273965094661 0.0316306337576959 0.169610290483001 0.013428579903821 6
0.183040286655372 0.290394040855169 0.174929911360451 0.115825620736785 6
0.559752392399251 0.469673709609602 0.250940915896361 0.919092837046501 5
0.918936141912021 0.260862520682462 0.869272843756753 0.785724840520756 3
0.558762726068726 0.421406337049404 0.0683967285428043 0.90597809310361 5
0.188268074803772 -0.00874727674032641 0.39366891981122 -0.0102984412884088 6
0.813952018794061 0.374363973635781 0.715875562803453 1.0032150871589 3
-0.00735685544486803 0.468906196336321 0.471698166717054 0.881284033362061 1
0.654131091615878 0.582682802412581 0.0862002390705089 0.840836387145474 5
0.159373696233488 0.463517689658312 0.610291742788475 1.0477646115758 1
0.319734698759218 0.0991051582764729 0.212725083829367 0.190564891990276 6
0.70988439793263 -0.0531582710201041 1.12702350653084 1.0214921622156 3
-0.191591525658655 0.355950202169738 0.24184767135006 0.725015928732821 1
0.648511948037021 0.438763500549867 0.0341396512640301 0.234573729281811 4
0.271281260364498 -0.0713084653956919 0.424038289888156 0.174626505703847 6
0.0904622299252489 0.0384142657491011 0.180513861523241 0.127089928838653 6
0.611116447834711 0.519578378248867 0.108148071900185 0.15347940414493 4
0.237412907192846 0.106981080206755 0.236856523455939 0.169012642267617 6
0.673916176275002 0.153234601471195 0.862637615591918 1.02301555803628 3
0.360225190592355 -0.00789642659200931 0.299851937570236 0.0935145894000058 6
0.793250318518813 0.262846833643568 0.845577559572451 1.09362500411132 3
0.15616221342613 0.115691171540748 0.209354828982149 0.137357295840741 6
0.730783167759291 0.486235987790912 -0.10744054283958 0.914648141684674 5
0.282315209872869 0.501906409231356 0.27054043282246 0.475311307743862 2
0.862884086785961 -0.0269387689976381 0.760959604948273 0.996303220847415 3
0.4325481597214 0.0081573591082435 0.236266723992298 0.058381226365019 6
0.74891298058303 0.310382140328164 0.175752404409124 0.924382962445157 5
0.687432735554092 0.172283281325491 0.728015079711531 1.03422511022721 3
0.278023145009101 0.379383009621193 0.317326477423366 0.358584892826191 2
0.250739957091657 0.492047700146359 0.208715023767815 0.42770304189461 2
0.207579983629629 0.33993993106268 0.19561923260574 0.451984503957895 2
0.289451585582222 0.446973480486004 0.645930818705545 0.840594191581328 1
0.159451252349074 0.128435600542253 0.28012585621667 0.222306882733084 6
0.659330885036573 0.0674057420517311 0.873702676410437 0.849128835019574 3
0.0912939467621386 0.279171647313709 0.574405707217008 0.834355344539351 1
0.743002868097059 0.455656518094721 0.0481599827221478 1.02626461104199 5
0.531827100357073 0.498259304062496 0.0870600766203049 0.959826091105939 5
0.00821311906978658 0.443099065226136 0.51431455881476 0.973262077667284 1
0.649131400334582 0.297575399202437 0.0877624270462988 0.335236997146442 4
0.252818022083304 0.193177866867017 0.364156770654295 0.101558885344435 6
0.48439104232706 0.409790299212245 0.0945080401920243 1.15661300635901 5
0.204066993935907 -0.0398605851984237 0.188530427029326 -0.0452647982102259 6
0.487312909530624 0.440864870441101 -0.0529495130195688 0.792906085581741 5
0.85804202418047 0.322702242374239 0.768968999624638 0.792042314784058 3
0.250127913548487 0.103813311820368 0.314544259234559 0.17776773740871 6
0.0311052760219241 0.363077756036222 0.773548914634528 0.718829737219703 1
0.318472018882868 0.30539836179097 0.134629680169834 0.375992595786599 2
0.649488360917204 0.324565378635038 0.144413745253526 0.173294991503747 4
0.960565125927165 0.0683310492487474 0.800912554389663 0.908270607173342 3
0.696532041660212 0.260126732794025 0.0850039201356663 0.332371068567579 4
0.258211443279547 0.38528765209015 0.541761833560613 0.936391388435453 1
0.31086893401996 0.391090334009398 0.154463737364379 0.500492495028274 2
1.04511734387013 -0.00299659499040339 0.680546404142576 0.625440289002212 3
0.681691808920227 0.364879657939704 0.672045134525121 0.856913152124642 3
0.136540161065891 0.0895043632455124 0.286499828157038 0.164282341931193 6
0.70540481742638 0.407253832690041 -0.0176188472773101 0.797527136834109 5
0.591781977706583 0.436152768128793 0.0410920491134559 0.332671334986028 4
0.0707380595756745 0.551512917337997 0.232579222470692 0.83706924181453 1
0.184694239823071 0.138773387887208 0.451677989779159 0.0167793300728044 6
0.290333342210039 0.489967567774323 0.118885588441767 0.474746628320023 2
0.0632046673505783 0.0789167786928808 0.208692432825484 0.217232055867391 6
0.469524830326959 0.432439616695123 0.114820283205827 0.411203102641632 4
0.682282547265243 0.371180387610367 0.166127985563696 0.901796425889905 5
0.699420156462943 0.120032591935213 1.10159738446972 0.823773235606088 3
0.314398717155082 0.0663212425998129 0.080587317488588 0.140377587214845 6
0.972174095923971 0.0634587908213003 0.690794139917427 0.994865275843417 3
0.597007304282106 0.226558808079074 0.179601680778225 1.17349911927127 5
0.705510379227801 0.386142417437102 0.604229583913424 0.924018101176454 3
0.797504776461789 0.40270770320277 -0.0740968305423328 0.300398388505231 4
0.54393504463304 0.370963662707736 0.083981192224915 0.307573331984115 4
0.7148805569725 0.294924632297529 0.709394193400445 1.10590365383339 3
0.282809185154524 0.117324357305731 0.415072258685098 0.111526430823203 6
0.463998756489883 0.0906370991168002 0.716057806946709 0.916293820365171 3
0.544693558295345 0.292153385069566 0.785877970895326 0.884229529366896 3
0.446566665064478 0.493404899400777 0.0763361891269848 0.867876587947189 5
0.56740874969143 0.406697014481459 0.101070992495194 0.774262756145877 5
0.541539191792028 0.199884263683731 0.807523993613858 0.959133381978847 3
0.799857521721436 0.49095349279454 0.0177431286904961 0.958612884292484 5
0.659002258086754 0.404379367564749 0.0195763730818568 0.295947746486991 4
0.345182209674767 0.0515648456818618 0.186454550927615 -0.00361218962219757 6
0.163798821181837 0.105240262902583 0.236878898265318 0.0671180147551514 6
0.119070837046555 0.575170161081912 0.765355014169769 0.872486309561346 1
0.185653621016819 0.331157383074662 0.184157594377836 0.314324527837755 2
0.705904331626391 0.263687020049781 0.864824002537299 0.925577073580662 3
0.0395979917018561 0.356993909185327 0.46154490150465 0.889567359982879 1
0.310402884010347 0.417726288569931 0.653369464129783 1.01763139738064 1
0.630836629855129 0.368386182299242 0.200045894709674 0.295626320581022 4
0.672885536890303 0.46637658544142 0.0591806250674199 0.238223176876553 4
0.591970634636396 0.297618810600949 -0.0126743758130839 0.208598099652112 4
0.764954918901953 0.367747975901387 0.753354698850744 0.919708784534512 3
0.123759391643276 0.309791867861392 0.347253034309809 0.997384960827595 1
0.173366387454267 0.361862150942703 0.664081981795981 1.05838030352724 1
0.034527462054548 0.358484174987597 0.422765585832292 0.913422741425572 1
0.566297333641434 0.39911686831817 0.0922484707568378 0.224955271151147 4
0.356575736275818 0.353341880910758 0.252257305655163 0.453610553399813 2
0.22440124779825 -0.167226545854985 0.250568670530172 0.13980478850693 6
1.05000048413702 0.178410174580777 0.773064495547593 0.84234709865819 3
0.299393106068116 0.0373187903460768 0.233058595122044 -0.0119166252470722 6
0.00565601191386363 0.362717116283865 0.716851267372058 0.916759880308194 1
0.846631879191673 0.358568959579247 0.685722061682451 1.00882260857466 3
0.216979103114997 0.323504691793187 0.199522247686337 0.217849674672314 2
0.503543133217929 0.436786866675595 0.194387642154591 0.950343635155511 5
0.689818979865436 0.268415668923353 0.0143265026352005 0.926078676999466 5
0.58603214594359 0.422991986766597 0.0935686649389471 0.303508987925652 4
0.131604402322125 0.32451480686031 0.693163819478415 0.990381864017314 1
0.391425832148859 0.00849027571742146 0.234825640995045 -0.0431944897753576 6
0.00880745206084474 0.406328101544498 0.331024091530751 0.437099955878285 2
0.845003895867163 0.117073342883757 0.709213249784087 0.881414849205626 3
0.66345726330424 0.490118360056901 0.109063631580122 0.297601360930514 4
0.221205354880225 0.319880829640836 0.111770604550576 0.357836051616903 2
0.64506390243285 0.371325031186393 0.206303978201572 1.01114252117504 5
0.677497031520362 0.511139022525255 -0.0456576328920114 0.857436034952767 5
0.342002465251999 0.49067933716524 0.00154986830709306 0.766474608333789 5
0.302837796359527 -0.0234575502617046 0.367767849818915 -0.0467749410577999 6
0.346872802165646 0.227128837097957 0.173270911715811 0.119853523795071 6
0.595245804255898 0.341010431912257 0.085281685675522 0.19801051451451 4
0.054565660936212 0.279926449605342 0.726494621470944 0.816593145168211 1
0.644104877665283 0.396198045837307 0.143218874478146 1.10366915521745 5
0.53467464674696 0.379044682106951 0.230112825485683 0.234354858224825 4
0.94564706510532 0.322385563871264 0.979837340003976 0.655099053281573 3
0.595431609358522 0.427191159952405 -0.0496630435332593 0.276535126985186 4
0.486968512701444 0.48553852588115 0.110390991182772 0.350169850228747 4
0.23392699782913 0.183101720407556 0.181030584585617 0.00672879549299457 6
0.0490433057015276 0.457053679242086 0.57168202147108 0.978424035207641 1
0.149932842982464 0.407419772427525 0.343241199887959 0.444001572253641 2
0.195857967174109 0.0205382481266681 0.201576530070124 0.205256228731925 6
0.334562932875187 0.394837641688113 0.215258374398624 0.481800185613523 2
-0.157689373254215 0.25599315465814 0.528912904131149 0.928459478193489 1
0.116405225343718 0.32919519244095 0.64841156365768 0.82504618937381 1
0.303662424747428 0.425206654704328 0.142205208749279 0.367307796330459 2
0.202877467590995 0.0791479886140109 0.312711280780264 0.119054986101288 6
0.315925851684856 -0.00818431376559493 0.317982583351544 0.123064013554069 6
0.146618590950702 0.427931280498202 0.234578375603179 0.44996465263391 2
0.16084272277611 0.346175897164616 0.239974155708128 0.383238851730838 2
0.498106773330424 0.418637300703222 0.0435749485172665 0.876459903401395 5
0.504758630241871 0.338186637735828 0.0740940991419156 0.126222223707789 4
0.532491335333686 0.312343701476743 0.137629651128385 0.915084513950222 5
0.26207689369882 0.105987960583079 0.358149311599923 0.156853822413058 6
0.538354622536105 0.364492479493974 0.0738647386368913 0.271420389332574 4
0.878491992514865 0.421778573427702 0.726422648239283 0.840877530572708 3
0.356258837429564 0.0824230875338302 0.15933966607541 0.027601178108553 6
0.0762064235214132 0.374200306924637 0.762269587666258 0.908971434376179 1
0.761747009188701 0.470095318169402 0.447595643925124 1.09453153309609 3
0.537915757565402 0.33286881984312 0.228808333746721 0.201588418950319 4
0.77306307456258 0.256031401942502 0.800357449398144 1.01862512844927 3
0.289235800013444 0.129719824080443 0.136208878173554 0.190709850019874 6
0.097292117438782 -0.0180776155309048 0.13771303551852 0.068880558554913 6
0.718367912114151 0.341336637377013 0.115918901244723 0.911356619216411 5
0.472691823803884 0.517155738048156 0.131570891473333 0.93774579947667 5
0.545435956203056 0.391905320451086 0.101139641055756 0.284290063810961 4
0.292582706078888 0.0775469798394494 0.16707276457997 0.111212301566914 6
0.881851293952265 0.261451690045047 0.933506399943874 0.820028833536464 3
0.358571937560557 0.167199420096345 0.346347707768015 0.153547621333795 6
0.271846269728892 0.345927783475081 0.0386563775117731 0.359293822677152 2
0.242488456279161 0.317175463502451 0.460282240732506 0.411679562034014 2
0.0125331748615116 0.485337429687106 0.726014841661894 0.767001153468449 1
0.280444462323799 0.458797915067639 0.204028344581131 0.56593722035247 2
0.038008033793083 0.38376515221732 0.611303612968452 0.821576919599695 1
0.789139256439068 0.210608681195893 0.660840265923583 0.751763986849908 3
0.612344277523298 0.261723784611916 0.100739847738222 0.338511238183857 4
0.626060523165117 0.329658646274742 0.0238216701629714 0.181633885164164 4
0.710911106026417 0.37396650516145 0.119289622850879 0.230505324525556 4
0.0231144169531507 0.3944435056792 0.456695606236946 1.02816775517348 1
0.523765554284359 0.14707955171732 0.818468711240627 0.945465294079809 3
0.568997383447584 0.124774493155947 0.132232835026001 1.09925925778262 5
0.44478229931385 0.513846247758581 0.0600550171325584 0.273400642799185 4
0.54457752530536 0.435679571159559 0.0911046828974427 0.153044842975837 4
0.594100024132135 0.171020753375145 0.920607239662244 0.913478570054062 3
0.320975425237031 -0.0289747875864733 0.240337129151677 0.0981073981479331 6
0.522536825635906 0.448174658962568 0.0254399962760742 0.789589853542128 5
0.65481125566399 0.360274399244054 0.202156471267261 0.874944657852088 5
0.15347756045486 0.385310094833891 0.190990843486904 0.440723139048735 2
0.0884755643690833 0.0642157103842096 0.295648858256005 0.213948616443343 6
0.606285848449379 0.354417156969728 0.0286668606965595 0.264022504714378 4
0.272594002535877 0.462337912340981 0.136915831586241 0.346641433151022 2
0.283462312521607 0.128239165340438 0.312787248149647 0.142608616410048 6
0.498193697771841 0.326174950125014 -0.0616756254333728 0.846677078241996 5
0.578366747959492 0.488801775433365 0.0784139460536083 0.363470956033944 4
0.483586077856699 0.626464201827129 0.141687229945904 0.928684592078528 5
0.728896708588317 0.315079898028305 0.808030450897574 1.00631190876156 3
0.50467111418709 0.48938269272293 0.0709249294494425 0.893348938827066 5
0.545638588719233 0.37775773711195 -0.0290933980633515 0.972908203655463 5
0.170839307514336 0.380963932945966 0.244964877024198 0.375032633435328 2
-0.0413009443597008 0.421674084332681 0.737437275352053 1.15800291968503 1
0.598363202341416 0.412448302079975 0.172709293666096 0.323415460896459 4
0.257738576032058 0.0843767195466581 0.145392877244015 0.00423638108596762 6
0.915537345850342 0.253881053114837 0.494204324315453 1.01643329746124 3
0.376087332472573 0.119499420995326 0.202524971303219 0.118014921818917 6
0.330471286260531 0.423462060231877 0.461692774248666 0.81393306980437 1
0.849443524662797 0.333044777277875 0.70011342853983 0.825465486912097 3
0.654371790692519 0.468757489394458 -0.0127585964341593 0.581435796390067 5
0.948549313182307 0.100413843633696 0.68976322415971 0.898059693033698 3
0.28997332809974 0.494390738470748 0.285355522495928 0.420441313075613 2
0.866654004776859 -0.010578818695729 0.669675441060485 0.831947807636303 3
0.644657697617024 0.435190305042899 0.0330619016194036 0.268213476890845 4
0.669184074857388 0.478315662464135 -0.0103731266978709 0.92488010418057 5
0.450545743268786 0.354336419468344 -0.119218211102866 0.761068814657581 5
0.382027251597427 0.368572144613291 0.305957659132446 0.381679928354181 2
0.669371339139407 0.341936387869123 0.698491417084737 0.9588072187888 3
0.618009217969631 0.489062056050318 0.12587333556487 0.110173194719464 4
0.208851259643685 0.426062207961791 0.261634066649948 0.606952257386426 2
0.566311352159094 0.443111304133722 0.241776592649119 1.20165389382993 5
0.441841014516238 0.311925746143278 -0.0639865438847495 0.961295147611325 5
0.312702682751791 0.386712620410423 0.424229820182957 1.02504304926055 1
0.445964891212535 -0.0408401265710612 0.175334390541908 0.0456033766682988 6
0.196448261591129 0.188104005405322 0.301512378483507 -0.00508135850908467 6
0.58415264866755 0.226581444772177 -0.0142462390100794 0.734783402037661 5
0.566555749019497 0.095564810307718 0.682922487543591 1.0647034397656 3
0.20495555086358 0.328130450467014 0.181456550228986 0.424207206447905 2
0.624613129644407 0.171896753296644 0.0915166712600277 0.796261526591839 5
0.771832000505283 0.238365803210682 0.783201526051673 1.09673213819574 3
0.200054406035724 0.00664315983585032 0.314302375878421 0.118093942368007 6
0.685159644316443 0.299812407468355 0.186309881756119 0.267483574171942 4
0.310159318173357 0.531146965932904 0.268213508631112 0.386238573299312 2
0.0912785344658493 0.455596294605815 0.584290238962101 0.991011536162029 1
0.0104724824324833 0.0457096000906649 0.198474924421145 0.0386876671459277 6
0.25476468732646 0.280240391847299 0.188009173207625 0.421216359055008 2
