0.84646811442874 0.08770497214548 0.579507519378463 0.778285010172165 3
0.312102813718997 0.364188354042533 0.183824035528219 0.626971939718264 1
0.0604985888952548 0.648852264398175 0.123567389949361 0.802506481177876 1
0.857722210984498 0.376250984636043 0.578245180436133 0.426701272652655 3
0.953601905821723 0.169037280536776 0.536955384489458 0.667851417471759 3
-0.0567097358012153 0.539077568111951 0.169198855537162 0.108363949213535 2
0.775333597053231 0.12823396225528 0.53583091573226 0.647437199526265 3
0.130199648968827 0.630091521374357 0.472384233568306 0.988707715106726 1
0.2570760229363 0.868256019707706 0.138158295014934 0.380509231362174 2
0.797325970651814 0.284678437257592 0.52232219530274 0.50517443957574 3
0.758458674173401 0.163952319186327 0.575017921515847 0.479120743866856 3
0.713328089279069 0.0449835451294669 0.435522681572489 0.532385625067084 3
0.200905738288691 0.948639601527664 0.243173610988332 0.0902038943442447 2
0.236259635469797 0.759582771317279 0.208521632275656 0.304712862195502 2
1.18710839738918 0.445861702145325 0.395545364715471 0.557682543791623 3
0.730211823985848 0.238264591463767 0.450483957925218 0.60980099338857 3
0.131532668355974 0.835572194779328 0.300506198660079 0.259178822717755 2
0.147710136371435 0.770756777221792 0.243658619667755 0.271728615310674 2
0.219575164337647 0.689418289237638 0.318796393586223 0.635321425533166 1
0.830454327219134 0.150594453588864 0.423439934831535 0.415460303919226 3
0.0901281325342447 0.836353540605117 0.152737863158005 -0.0901051286119149 2
0.803293286842396 0.311618321497726 0.91105929483071 0.504412578181385 3
0.151315730791722 1.19316596498538 0.201942434341983 0.199301884429969 2
0.111032400713222 0.546633341677152 0.0964768330719755 0.809200864504235 1
0.228739407216898 0.946835544420899 0.336203858011499 0.0457342821577773 2
1.11385931016451 0.312129246920699 0.513364270481931 0.410952444083698 3
0.950791389359848 0.413427123884274 0.584875843384514 0.264883695432305 3
0.269321285043831 0.92660135067918 0.32279210275586 0.0918087937068573 2
1.01097168971639 0.0962165923354346 0.682076608842006 0.335427579920436 3
0.188509904505342 0.724079792822524 -0.0920655886066791 0.269251114798231 2
1.00560741585423 0.157613984829103 0.496932798638537 0.373803940784882 3
-0.0537593705629997 0.343504252824648 -0.0434206625154746 0.629958347477061 1
0.173816650102234 0.665234385861365 0.23487208428202 0.162348472862606 2
0.481822761236556 0.0443706951365222 0.478324305216413 0.44263171707388 3
0.661869530513052 0.141297821854517 0.32903696085062 0.490032565509769 3
0.157805795988926 0.768335956717269 0.341343824412267 0.270703233134817 2
0.787993671826366 0.23876186152454 0.428131075460106 0.598735788917006 3
0.249910600354003 0.97876771669007 0.219128275704391 -0.0180012594018371 2
0.0641805644960307 0.567436149197046 0.163854541634138 0.726730279598305 1
0.722037273795785 0.085871510361806 0.509096817415921 0.580725768860388 3
0.810089801031398 -0.119657359558783 0.616113244603914 0.4434295758383 3
0.17613849965108 0.794998176753509 0.0707329942216789 0.128882261595651 2
0.282513679682159 0.391680763447214 0.393027984497904 0.668821725859122 1
0.0127832396507429 0.574532789906836 -0.0258810946615284 1.00907750000433 1
0.95839874882539 -0.0591148233420367 0.607828289381994 0.247979337224107 3
0.0775223479660108 0.699328648908232 0.0102626737329325 0.205582425069795 2
0.728484372758904 0.200973129237874 0.492769619068504 0.569070098917495 3
0.338700875521274 0.728161584405635 0.14429874980473 0.917848818202682 1
0.757336746579558 0.214301614882955 0.322345261040587 0.314728695305993 3
0.205707046128646 0.5016895682602 0.255685194294216 0.889981727585095 1
0.782390967378994 0.056519875296364 0.515151295370639 0.409120633678058 3
0.123618041782001 0.560879795345112 0.00356667992531634 0.324932583338838 2
0.691867744169225 -0.0956817019486288 0.324825643508554 0.462877931686043 3
0.683979942220966 0.091082208355018 0.286449194836557 0.364318438771025 3
0.17495022886023 0.618777191329576 0.24459184651432 0.776610131899045 1
0.729928798385603 0.175445954285877 0.593333345013406 0.761491169344053 3
0.585133685808893 0.105537275830209 0.364373072004394 0.549053943197771 3
0.942355888759137 0.235225429028653 0.609056595383418 0.341327139262613 3
0.730688153794457 0.318804697952941 0.589898233724991 0.302171840453824 3
0.325235684799367 0.748899445765722 0.422754653622345 0.278388026433855 2
0.980882033326609 0.276286278443606 0.729254479964135 0.416254115331564 3
0.584318928301629 0.250884222893786 0.365934853123812 0.568933346904396 3
0.0810285715209573 0.781999348287758 0.0913889616055165 0.196732944154204 2
0.032402068887934 0.982374744787131 0.148247618611549 -0.0709791696778802 2
1.02722314397057 0.0119039686295171 0.463041126933853 0.201764552320966 3
-0.0277555514564085 0.738635720543943 0.0876791218235968 0.549599718548432 2
0.0969659239606819 0.40842733895251 0.214540528294254 0.865928461249302 1
0.09069343769808 0.622886742470624 0.286240150026528 0.89897089783567 1
0.322163496007285 1.02336428297467 0.195190939333491 0.386436468553954 2
0.829988376951658 0.123801744662607 0.431476311331591 0.456197369334076 3
0.805334689159343 0.068889799407538 0.549865733801956 0.781771710118024 3
0.182186577782265 0.670168231931069 0.300839940393877 0.233097551646357 2
0.247655714832345 0.7939377762624 0.383518053673164 0.209630718477148 2
0.739762137728545 0.207183201444367 0.51850531269509 0.581711406300056 3
1.00793473234788 -0.15574724860334 0.729320799988024 0.51430247531742 3
0.136117962648999 1.20338832184574 0.103365103782326 0.141866542182399 2
0.244157955827417 0.616832498517695 0.111041467107297 0.143900766103234 2
1.00140215286796 0.0575857653906684 0.26491404077449 0.576131703061448 3
0.148754308939158 0.951779313318723 0.347546671163864 0.0260812032040419 2
0.0752726864359706 0.929718175293031 0.186238803067591 0.224267446447856 2
0.00899772082176659 0.794635244144497 0.191324879620402 0.257588503446398 2
1.00745662939792 0.12576283766812 0.676682747079498 0.583069771093325 3
0.7888588455333 0.161243836923834 0.309836046243951 0.614617560423309 3
0.848147446272138 0.0416101669381768 0.621417552398567 0.392648415863266 3
0.872914818505127 0.206507531892241 0.634741544425508 0.519514078707793 3
0.0893392502361069 0.737468024859796 0.219799877145193 0.286018288289863 2
0.985855212208628 0.256858320726516 0.377655013546763 0.546999776559493 3
0.297654375275175 0.67402767456617 0.196688741133573 0.761052307396934 1
0.686874563861754 0.298087042921579 0.464822675483649 0.747136665780967 3
0.169250676503369 0.821901870652549 0.00170194332989662 0.0273982040721719 2
1.05480205401911 0.130495444660412 0.242827209222886 0.473464448587772 3
0.227605747506075 0.723787260088163 0.146963412536331 0.121100737307472 2
0.213720910283688 0.573549101132256 0.19802896358109 0.84668013042571 1
0.640516599047069 -0.248250320590728 0.297188277522485 0.285667698110936 3
0.146266253964579 0.999496870861815 0.165692481027605 0.207743232051547 2
0.826037218857791 0.385869664488976 0.566503755589278 0.269660681994764 3
0.90250623103911 0.167769889859805 0.573675562606978 0.619336537720466 3
0.217489382406363 1.00655625575803 0.233553429359325 -0.00255976078443013 2
0.12972596251157 0.959910046251363 0.283277770182789 0.201598464744323 2
0.615440461445207 0.327544933147997 0.531519838739784 0.655804846855529 3
0.190463735751499 0.980746752772105 0.331435828650905 0.243338180375061 2
0.952413459563392 0.115679934911579 0.387843268614949 0.60264628439424 3
0.866478923761287 0.350348345481101 0.515175884964026 0.538082057865879 3
0.102054140167274 0.819118060207049 0.120694044517914 0.0490181332362728 2
0.884645953573176 0.0425348099379128 0.602057819365321 0.445804549815126 3
0.225804127385595 0.887221646412656 -0.149343010197378 -0.0467184030834843 2
0.826678410247148 0.297368007955119 0.792212855801738 0.322976949231931 3
0.933942834428341 0.158971170145579 0.514087483658876 0.622889773610749 3
0.97652827020333 0.151100337386545 0.575167369830316 -0.0097931532063662 3
0.882316099539914 0.530092945082705 0.166241248329979 0.57480762863779 3
0.972833127631846 0.180269762639868 0.509747443789307 0.571685424760165 3
0.215044970465165 0.993858784723451 -0.0249114367691506 0.171359495683468 2
0.231347008279066 0.610194191276644 0.262852709993313 0.197143712980913 2
0.995522401901521 0.135405139045171 0.5284844701378 0.456585244886182 3
0.172774154188848 0.677932546899183 0.291809108033366 0.324525773935645 2
0.113062164966816 0.474400076689522 0.136629664395192 0.855115363595098 1
0.820543754510689 0.120420720409378 0.6321190062307 0.568192606071357 3
0.12934096247525 0.597494318494861 0.382086033898487 1.02559689681817 1
0.725688572520696 0.248917085709343 0.536792562047505 0.628131189775295 3
0.900899141349657 0.419869250752186 0.328649893255066 0.505278967102969 3
0.0641082146790043 0.73568345120729 0.468305027140225 0.0429827188578212 2
0.812482043139951 -0.00611881233214037 0.442189449516693 0.528390230783687 3
0.784084572787758 0.12208595331158 0.385761887773462 0.337344042121799 3
0.0996804774564364 0.958334154087515 0.195334766501096 0.467470009915921 2
0.186511773803185 0.898822768187644 0.0501283683359696 0.0690975568194875 2
0.190575120606054 0.818437085993622 0.186034446156676 0.206299626931246 2
0.306621644880975 0.540120668467626 0.0651337486795616 0.933949955884279 1
0.742698919383446 0.21051530962424 0.377251184649196 0.506271283836013 3
-0.0607017302847501 0.303847280802615 0.220283069791921 0.904971592064444 1
0.329475059028288 0.414185981687599 0.0483713235935368 0.836727077417788 1
0.896236949328242 0.33719804631617 0.366587155288734 0.286082615552524 3
0.696170820677964 0.179270974159741 0.323068821658501 0.489947636844262 3
0.948273961356508 0.0715982541376701 0.505563743178712 0.767396829915893 3
0.274404213103315 0.683634582823348 0.267671248003709 0.200794316726975 2
0.70079924699678 0.0913857396079317 0.350770599482146 0.550504612403984 3
0.919674240943565 0.168777354361943 0.508934558993601 0.449413521416907 3
0.872955533402148 0.198487962642754 0.222754564242563 0.866044682403383 3
1.01620051576475 -0.00636052928074912 0.462640687361341 0.657915462213498 3
0.905274772165387 0.239007148072837 0.687553531588317 0.466370135369186 3
0.720362229916404 0.240233904256491 0.684067750260438 0.523063708335621 3
0.764711425618128 0.23609010454872 0.285605389399468 0.552918228155661 3
0.31899885343565 0.756075550318013 0.101567526270841 0.0301449734540383 2
0.844366681537788 0.0719962621994358 0.367906018166369 0.445427647788818 3
0.97067336741614 0.13255260065792 0.724000668689289 0.276065285325238 3
0.770105622889367 -0.0824998349048524 0.545269528946419 0.503254196689557 3
0.582591326224454 0.127764818248357 0.453689893940165 0.50840355414848 3
0.0661594315703494 0.761326015029821 0.244482986745488 0.205225346646533 2
0.26250116218475 0.45381758393983 0.30317506975748 0.822148920609929 1
0.266221909977284 0.559109044748663 0.197162681244861 0.0797925485163482 2
0.511419489833758 0.795063251022695 0.135646369106147 0.263212541904185 2
0.149597145775304 0.642710566183084 0.150811229219817 0.946749328189438 1
0.13547119806526 0.818130482833969 0.19896430771621 0.113851103299912 2
0.0995019829297269 1.18666426869608 0.15840578882714 0.267355893756344 2
0.433036471294545 0.737876217623205 0.223651887376476 -0.0210144772234898 2
0.815212548939109 0.184138786623992 0.648490026207177 0.596672069202617 3
0.959213167951766 0.227939838506782 0.613202118770634 0.397268035801251 3
0.145753933539642 0.809655684883801 0.228785270462563 0.112860497786295 2
0.522770091711375 0.425148436481515 0.419819887584088 0.488156560135563 3
0.278283078078576 0.791346121240525 0.259669111116285 0.177867834028092 2
0.168165863425137 0.998835238098284 0.0587902116390593 0.212882449100419 2
0.00182345716651169 0.844707660070335 0.207111572349221 0.122027566616248 2
0.310562325883191 1.07071543310107 0.169684854006314 0.209098455969536 2
0.760930237843297 0.129774721877573 0.178239145901292 0.57757477064924 3
0.316433496587996 0.271111124356814 0.315657005100715 0.387290062294915 3
0.0114867800945568 1.06073682669586 0.33763078172254 0.0261097457228738 2
0.723876052011387 0.278613377028547 0.488174083841706 0.616620022621066 3
0.166089648685724 0.48858055967548 0.00381103358985935 1.04825883159843 1
0.716508557665662 0.337454940719183 0.652242265316352 0.406699830853575 3
0.972286149454854 0.45349712791184 0.408188387705637 0.642943830865953 3
0.117335834665775 0.857470110810573 0.354462677569249 0.228433649973746 2
0.327717931587877 0.540566716395442 0.292761907805359 0.89980359940076 1
-0.00365318388210958 0.720057461717288 0.273264492294423 0.760818229416354 1
0.802294984001188 0.252113607245125 0.385105851502321 0.532091744931987 3
0.265792135358974 0.625566270163945 0.282666036120786 -0.0698027017499924 2
0.0411532984750578 0.636637008865911 0.0781974393013875 0.221754363167529 2
0.72078108473697 0.0845508656662753 0.349143362847157 0.504108264808378 3
0.296465740208378 0.908851663474639 0.13175955618107 0.35221650494631 2
0.138057130345533 0.521226605789409 0.450743815468535 0.748513931923684 1
0.84006824341273 -0.0124662908067561 0.314600895800775 0.399050831700856 3
0.862573558922868 0.299074733591265 0.428445654425967 0.453274838739242 3
1.03282239963668 -0.00717368662459344 0.427835553675256 0.573817093014848 3
0.86672976828514 0.250706151784791 0.536409237587735 0.717712187762872 3
0.240598595617959 0.646262667933479 0.0518734937826394 0.13276266074454 2
0.264345506783153 0.683364362593833 0.260644433023918 0.38104604895797 2
1.06347735019195 0.388433296680757 0.436122179146764 0.465278783732904 3
0.952826694780114 0.20254037014032 0.48835291000742 0.573986771913589 3
0.129712131528408 0.748320282479902 0.0892566262116745 0.309361530370326 2
0.247702025993257 0.511447260128695 0.196446471966881 0.0296881866021704 2
