0.258943364176999 0.325846804812481 0.632626825106969 0.0850090870117751 1
0.57627324497397 0.510631226721055 0.520739438177896 0.277920883494271 1
0.457122282201524 0.62630316999371 0.754987878944399 0.108386769285368 1
0.503021117923535 0.54432169911062 0.140334999095955 0.860882318694337 3
0.268447390202344 0.703611741567338 0.700383806335195 -0.0489488206683555 1
0.534448186324793 0.370839119902569 0.186120236469922 0.833564050393127 3
0.333956678539488 0.506693867024921 1.13349200933458 0.148734006388024 1
0.547353552574629 0.158604090695976 0.169824771828335 0.228816471474591 2
0.640232923295168 0.335269985280975 0.770201998235236 0.183199132159882 1
0.424821882247822 0.492446438268258 0.248014642132069 0.74987889030546 3
0.55175211227845 0.528624248885759 0.201202408008484 0.769206940506402 3
0.667455406058173 0.555887765222554 0.222708969612172 0.864871775283914 3
0.591522999655116 0.0697518560164879 0.209090853079623 0.555346243035327 2
0.447491996145393 0.50967189391032 0.120713532044788 0.78444081211196 3
0.493645572931829 0.16247954977411 0.0789713410962204 0.550186662069485 2
0.598200381226753 0.758138555491603 0.874256200712754 0.272705741397663 1
0.377470719764151 0.400172328142135 0.137416333263604 0.980162641713187 3
0.545261555601116 0.0564760898531394 0.154829954460309 0.456015454802449 2
0.425251530029127 0.247115310456985 0.179220043232216 0.599728384778339 2
0.367014116393873 0.250327435606255 0.100144823993992 0.435151134276881 2
0.491372979437047 0.54219864017819 0.155635802500139 0.885441808632935 3
0.551132887480147 0.536920528014347 0.926361704002679 0.161281712687485 1
0.605286232225704 0.559133346981519 0.270681183932742 0.721482123399666 3
0.44437217870183 0.365162855022098 0.227142533728839 0.855743350103707 3
0.625984050710994 0.376320064072648 1.02355335771693 0.132367989432189 1
0.612023154668312 0.0756687002347851 0.138764512696584 0.692148939667431 2
0.512569979322312 0.649773956196655 0.197409099873881 0.756480084613663 3
0.543127255787766 0.466422386188139 1.05243225481316 0.284288904503812 1
0.569100567697651 0.120264219214038 -0.0145694666498753 0.473686865012946 2
0.502236444261289 0.555875813986787 0.142388503507558 0.815071650639492 3
0.411059785293245 0.472869652206794 0.89486391245264 0.132596731469405 1
0.525578011592921 0.386000176535837 0.885685840359561 0.0177338599657058 1
0.71014177244832 0.324412703027869 0.681324943275907 -0.15911245886243 1
0.555561389772802 0.439266416508158 0.0647792693713608 0.826051681977739 3
0.587531085686329 0.313423494000767 0.798125354992558 0.0548944316634183 1
0.549083669375306 0.233984998360038 0.306907118364629 0.517295497926234 2
0.498263998271258 0.507409731919573 0.179157057822893 0.923720856316865 3
0.54499296429909 0.475513947485502 0.150847408492653 0.719444011146736 3
0.576166261088513 0.417649266097573 0.745478038911977 0.201168028023046 1
0.423808976833239 0.108381816403319 0.0611348898443433 0.400635426648115 2
0.437532246841737 0.479939464413557 0.301425698931347 0.750528020553989 3
0.674265473985466 0.173209743735312 0.180096124210738 0.409678502209674 2
0.520529561870997 0.152694785332929 0.104360334301031 0.559772469145518 2
0.252056271512281 0.514356416249538 1.00655261780405 0.151181143219571 1
0.666183114688952 0.514320931150396 1.10993094540349 0.415099161353294 1
0.38009459676597 0.510201802882416 0.971846835262458 0.461724484075266 1
0.609260812339469 0.519974502509975 0.908892232347114 0.0180001217823527 1
0.374808996200898 0.47092660577667 0.214746660533192 0.872228080797401 3
0.903072404822097 0.447212260312441 0.637163519102121 0.248969624320822 1
0.544308186620747 0.353918696746152 0.799914952335943 0.386240494786591 1
0.644526145223313 0.723508451301117 0.590014750461516 0.31172445460838 1
0.628209633463533 0.354684537361162 0.159276687747043 0.404276224778595 2
0.668245651116864 0.647980227436222 0.879007841436558 0.217589814036503 1
0.616299605492479 0.591245382136703 0.793018042549118 0.116564417346961 1
0.508681612201998 0.211904829662681 0.0644267786059707 0.583945578414157 2
0.394622720261396 0.477148010394764 0.237714525917545 0.809487471560562 3
0.527333647634409 0.459585208193255 0.941797916057863 0.343637063172102 1
0.434079454418309 0.425932924844088 0.0763345482689465 0.82663199889236 3
0.579495395581372 0.00179645568252595 0.185718355428441 0.607983923077785 2
0.737479951712124 0.389124556259663 0.608344570337641 0.200489585204967 1
0.421104954692458 0.520391051980885 0.840716197920988 -0.0527265993669285 1
0.594361679125665 0.275972805542967 0.116644166370428 0.58239832324234 2
0.159160443252036 0.446810995266054 0.925711586588024 0.127532495583813 1
0.417309267392996 0.0778366375676432 0.146436395521507 0.453475718589328 2
0.638321587140791 0.487399253399236 0.180804429070672 0.874814686605799 3
0.580061359215234 0.310256600689329 0.876508925064249 0.332583629003078 1
0.385019823548741 0.557764535242854 0.0669005204016902 0.766884309626611 3
0.52874214442612 0.480349755415758 0.899315105941793 0.118921238284585 1
0.5924252873913 0.529071550452948 0.755559882921386 0.448718223429724 1
0.561068280176746 0.546532113611591 0.739157883933614 0.308101987981879 1
0.43516026134933 0.553598187449523 0.18839670979525 0.741293235422686 3
0.477624489655057 0.561554856619192 0.179044729962262 0.824449023596064 3
0.619964030248548 0.757925788501182 1.07806998601128 0.222770964348287 1
0.724164527971269 0.54161859916351 0.811844120005645 0.338057762205619 1
0.518241567584852 0.379215857477873 0.585032010869474 0.0966527676354854 1
0.558102184070216 0.131242332747418 0.205413283184754 0.506783724907381 2
0.462918951054795 0.504079798288759 0.241276735866734 0.882689799741428 3
0.390275030195145 0.615915938678974 0.220761471739568 0.810145279855128 3
0.628316701131966 0.304919070123077 0.919137968094051 0.244608218625764 1
0.425020068609331 0.553073760820656 0.154396997984846 0.732650078990583 3
0.525196935432749 0.478703625227808 0.0421288190787174 0.865231562894198 3
0.320011244729769 0.53615614602544 0.989580239905731 0.096730435759309 1
0.47917968769307 0.535253865107589 0.118533944743804 0.832330136575438 3
0.572791549804149 0.410871795574057 0.137095049393085 0.867387030963373 3
0.51114300677372 0.514950916713857 0.110076136756527 0.759892978606037 3
0.561872768882231 0.42642097482125 0.140655665670938 0.949350592269242 3
0.31802590347504 0.535921431579576 0.689744219656679 0.0236247010296965 1
0.519963725204151 0.50004642451739 0.20098420122645 0.868716999609409 3
0.534026255724007 0.434517916264301 0.158425514214778 0.940033130498989 3
0.346292989815698 0.764879675307022 0.684546949865439 0.28452369482777 1
0.698684572937898 0.633976054825445 0.721806558455384 0.461120581397648 1
0.574519504817438 0.606742434579121 0.143650062545543 0.863899914574811 3
0.574684196131285 0.194131983694768 0.185527221001537 0.611604071297646 2
0.382080773008658 0.507198580765786 0.116924969175832 0.854163942172998 3
0.70301309911567 0.0847526601826913 0.253267882010566 0.429516258893712 2
0.483901604475928 0.258815044995197 0.551923460544028 0.438370324271167 1
0.298381982721752 0.431200120095482 0.921388028970094 0.283221507982234 1
0.514344719620702 0.23899785622645 -0.00561175461301017 0.682926282468248 3
0.68589909226952 0.364625525548304 1.00736569576306 0.12354292650499 1
0.563516847299872 0.260738885923785 0.213995408452694 0.495592344920307 2
0.397954857174889 0.497486131671513 0.89493248728036 0.11830797940668 1
0.506748339001401 0.544416562290643 0.143763065126756 0.977865394546159 3
0.433695976106131 0.470077932142186 0.127069436915455 0.867557825454243 3
0.69276383525534 0.620028680745645 0.750959477809358 0.321196870186855 1
0.480532890734108 0.502835296015109 0.887031859445065 -0.168204069088741 1
0.459110306240388 0.522950879688726 0.559042075014498 0.186872641664701 1
0.471164653127372 0.136132212269525 0.253461651872724 0.57161211095596 2
0.548662818631075 0.610843465798 0.517032257255513 0.103448743320334 1
0.421969070587396 0.44492683053108 0.291550275777054 0.924272580367241 3
0.398136499123705 0.394095132312038 0.0526737616002777 0.902198333999205 3
0.45886983960643 0.445266731261015 0.152695383937799 0.895889310360966 3
0.406675385845332 0.474806093843871 0.148810017530661 0.927292453236128 3
0.494261459313601 0.437802609082351 0.829636417161966 -0.0368994960666547 1
0.506684504485838 0.573122362490674 0.180967214605249 0.904326543898216 3
0.463503505422534 0.118917479337172 0.145516151283439 0.552012704846022 2
0.516528959710891 0.381778390267873 0.963424030509725 0.299587422707531 1
0.608121632232697 0.774845412212537 0.837704844744838 0.17672596035171 1
0.501463945900072 0.0789122449336218 0.240628227043528 0.485790609730667 2
0.474103189811944 0.401551919773467 0.217287873642644 0.886891775694234 3
0.387430670978327 0.527173647572694 -0.00782440139401461 0.835156174647781 3
0.49142736826509 0.547353047414981 0.266042368058648 0.835848732894766 3
0.543222559471927 0.0310711718031725 0.170029622329265 0.507353984728942 2
0.760413951072435 0.864902663012648 0.840101739187991 0.266630304120857 1
0.45352726120525 0.0719550682725305 0.205525660135385 0.501255228421773 2
0.58287800737649 0.157031626289078 0.157323549496776 0.539798508601625 2
0.748680921137966 0.567353517405321 0.865657884221238 0.0890803021301007 1
0.517194795881595 0.442477479076564 0.874643796838452 0.391740638295621 1
0.676116222712954 0.374094900876792 1.00876911397208 0.155999852413125 1
0.532982110318953 0.705562367927191 0.13066221076379 0.908583990845851 3
0.551988067892847 0.434683804240881 0.698026066818551 0.0630952787597873 1
0.470339323397473 0.46645092113631 0.278932570029718 0.802333915513077 3
0.419717305402242 0.426970363231206 0.98145112330732 -0.0745442631437763 1
0.716271545877944 0.392262540073053 0.79033351591619 0.163228086910667 1
0.481953688987626 0.11827078779523 0.129807020805121 0.552016139688909 2
0.628660025391186 0.280691096289886 0.158160466190119 0.452539626903091 2
0.410567950097833 0.467378762339961 0.289552418415771 0.808070979107482 3
0.698261051087403 0.392513001454055 0.739019774722001 0.310058583129069 1
0.574707830595772 0.484124267582382 0.298364808309773 0.716140785152368 3
0.390966488906642 0.673160817320113 0.623782380396089 0.323301816367409 1
0.523350012456239 0.669022766156033 0.652707471038195 -0.200060940980516 1
0.507407405810138 0.417379503484266 0.0883261307848693 0.519390491515712 2
0.624045096683794 0.425620017614798 0.804690164395513 0.122461803786798 1
0.533713766228859 0.447261224727388 0.176271355226697 0.921545296173105 3
0.50477629255453 0.611390742028445 0.24656606769197 1.03480473158423 3
0.569344229746648 0.634563110142286 0.988370202241379 0.148622710519617 1
0.541131077775397 0.551092832580325 0.152519773867301 0.920180640413484 3
0.453910061602387 0.554885792669205 0.217673663853025 0.90943435893641 3
0.402903725112242 0.389873286579742 0.821613736923198 0.0632244190344742 1
0.497854869884904 0.202712006447944 0.141423925648626 0.453374314616118 2
0.274232776736841 0.5562090928564 1.06461431450968 0.21078876600296 1
0.47329936695026 0.126484460865221 0.172871741854364 0.503495006103395 2
0.504513224885946 0.494655411732391 0.20526823564102 0.797407335752491 3
0.645350812771124 0.431416017404966 0.235418692123479 0.763865116095779 3
0.457706267202804 0.209033897940161 0.0427532454912914 0.525874743326288 2
0.552474770675775 0.722746553213708 0.808457860650374 0.229271001779388 1
0.643747876129884 0.568360345500743 0.36137634856138 0.2025725651749 1
0.635710785126422 0.552564730265268 0.701042750351794 0.264854194715831 1
0.651496650369924 0.525683138203928 0.877092513342332 0.21422831987438 1
0.541733806829187 0.528961760394661 0.251324048871815 0.852519871272565 3
0.42517092103835 0.423459638802735 0.245733093886456 0.894007096727434 3
0.452536321744934 0.625544847719457 0.108246925044661 0.800385812736324 3
0.542768402373344 0.537124974380238 0.250035358788623 0.764198678508726 3
0.522371647300043 0.457138913779571 0.147743497110812 0.758141966210292 3
0.438733617324849 0.436948826662826 0.336616527796543 0.715869787751028 3
0.541546692083092 0.591027122314572 0.0223257876828429 0.962478068779545 3
0.289946101517457 0.409034161247972 0.698300786929111 0.222009125209887 1
0.693676799291938 0.360713847713131 0.924117016856496 0.219638365290534 1
0.566235013831639 0.155883967841293 0.0773707058112064 0.432801898077758 2
0.470489550068047 0.684683954625042 0.920754336396733 0.379005237576745 1
0.474873732421184 0.488179767853687 0.732924946928109 0.133158711051124 1
0.355948017971447 0.430273995046539 0.302757295529405 0.775387897758824 3
0.590991492773038 0.615801358284902 1.01654530837437 0.25275761826737 1
0.530465233226155 0.416651691255553 0.143722064464931 0.92768288073493 3
0.543667180795225 0.130083887863305 0.129198652840825 0.440044918923814 2
0.565641911273266 0.141307386351801 0.305233531287499 0.399854440211931 2
0.424235150495812 0.458238919059246 0.736966781175075 0.104817038682557 1
0.658378383210857 0.502251006582029 0.920252409048575 0.138681731692457 1
0.407363478520737 0.565298277120281 0.0041430240334919 0.656460677632496 3
0.392669618555204 0.752064748567389 0.682809162059944 0.396950633794157 1
0.65458359549074 0.132239985607478 0.115261526196618 0.474655820422238 2
0.549497185830122 0.185411431134211 0.197441229821261 0.535592837708415 2
0.291946530343907 0.622964783526219 1.02211759830372 0.295351981522695 1
0.493318878475058 0.212443377146579 0.915787045017245 -0.0551961159524644 1
0.50856119018226 0.544876344559347 1.07313460604302 0.219471825646667 1
0.467293278365641 0.242662836405107 0.23171650402804 0.501510085053936 2
0.393287750834167 0.359531673173936 0.648329057660969 -0.0847147052585489 1
0.490721171507187 0.42084515861288 0.138708286918753 0.99100860225574 3
0.519474494468579 0.557218414471224 0.194019784912659 0.772420660541449 3
0.498160944836075 0.223020572522828 0.242643973011281 0.479427192843498 2
0.505428132069092 0.0899879354328527 0.286527392893968 0.378075984878433 2
0.407714949180947 0.123134277747102 0.0666958998739059 0.417791127258513 2
0.371964494189628 0.169685773000554 0.339579425116549 0.561678494065884 2
0.509353452071731 0.572883250274414 0.098095581374361 0.764760232570406 3
0.512691609595099 0.255620134256864 0.186468373466773 0.800349556371554 3
0.492503327847242 0.362579225247808 0.222730961470916 0.869940869929515 3
0.757029214911328 0.655307026699274 0.733556464116697 0.184437838165821 1
0.386191991209564 0.197597999166538 0.097691692894384 0.629157244132008 2
0.40166023039483 0.292762373795448 0.835328372944638 0.336659915925646 1
0.511218011705931 0.477745190342906 0.187292603767042 0.926202644966388 3
0.435866887334738 0.504560155666759 0.921776202056722 0.0213602180272257 1
0.385604985377957 0.0819989592715632 0.254343035266176 0.436024702632355 2
0.294103867191246 0.300011496990849 0.593006552870953 0.198421118849734 1
0.549239144422999 0.410033609999084 0.70343848117981 0.14326349660407 1
0.460534142841276 0.469720061319747 0.217894303897297 0.748504594630363 3
0.419740108961203 0.541805860677355 0.252504477707773 0.797917849563591 3
0.537530235246258 0.50153857927281 0.965472710583755 0.1482100889298 1
0.422784472769299 0.456858714208695 0.132233226655209 0.801630867950372 3
0.349786011449462 0.460924754926995 0.146598108330997 0.734864874675271 3
0.582977732548954 0.210066998705186 0.0704264058960428 0.52294822193146 2
0.462016159641706 0.209470237838445 0.101612123997466 0.482360968101055 2
0.425602846465555 0.473095865433227 0.180046783790516 0.851841902141232 3
0.409342756439718 0.561497018283513 0.241404105472316 0.836151374175952 3
0.482719818955989 0.499182343657654 1.02285468471409 0.330637483162618 1
0.70001961395968 0.692550786548658 0.789399434545385 0.134291358373753 1
0.388289954792838 0.38857183346541 0.723837171167059 0.431566065185854 1
0.623479189465352 0.42124056011977 0.329784652117535 0.928876488154936 3
0.44215372261981 0.408068184115264 0.114230353491989 0.818512402760478 3
0.528596984501119 0.469655304356852 0.27747759124274 0.747408067187447 3
0.516047469131164 0.562122740477732 0.795374277834066 0.429432346250819 1
0.497399274429628 0.5861932112435 0.765235473056403 0.179396182450352 1
0.47806992901512 0.578622550598784 0.240161494766144 0.940173357690674 3
0.555972127865385 0.325873588058508 0.633503376180113 0.342596705955948 1
0.530540771003688 0.373942817554602 0.79656721614306 0.175195682344805 1
0.574116699305634 0.106809587143681 0.137556834550856 0.498726827046945 2
0.408134621118108 0.583394007516554 0.0731081279735576 0.884229125185468 3
