0.875341323747886 0.153267771582528 0.214140121463365 0.747932252426634 3
0.847966415322052 0.147716165402781 0.247454050639664 0.790209874033995 3
-0.25871637517837 0.784981313940491 0.388464207242238 0.253450908202714 1
0.763465291679001 0.191362454209059 0.239844479876796 0.845066778190141 3
0.267378819493375 0.951960157746416 0.486286570203818 -0.284368004521434 1
0.821905670839538 0.120048168738705 0.123513347625096 0.823536440335158 3
0.237893628543403 0.976786024305624 0.20315647933068 0.021184126901508 1
0.763970776513079 0.214197782048356 0.127897477333612 0.749729621297367 3
0.825286707037489 0.202459914649665 0.130802882646726 0.863678837920683 3
0.181581583742425 1.03778955864163 0.414630549298126 -0.0507629918443249 1
-0.183666019589986 0.902330104394858 0.245316131662547 0.142177856422229 1
0.9013352795874 0.162256809387755 0.116334534935927 0.924401921862688 3
0.166653689057877 0.891008863474465 0.508925986639021 0.0488515504687534 1
0.902313697976796 0.166079436387146 0.13077412454164 0.842412044575722 3
0.854371578236696 0.112677197970215 0.155559911318384 0.852121075616298 3
-0.253367035556768 1.12540164397156 0.550380127297934 -0.0381968566511907 1
0.742367604606341 0.325493111675133 0.204710097428868 0.857793918700208 2
0.886693128561727 0.119048962228109 0.262505359039772 0.878720174231008 3
0.758288994934836 0.514376998188674 0.217695889828336 0.904358971733478 2
0.234698981487184 0.872944859524159 0.507685354763046 -0.0238274442866743 1
-0.146795971077214 0.609157386799143 0.575984640856465 0.263645411559513 1
0.84774832551414 0.568503584909134 0.0690637171713729 0.881098401957156 2
0.862223938277995 0.154605689810772 0.134863836316825 0.825474425177263 3
0.831310384611685 0.436414707457552 0.16121854556174 0.668480960537381 2
0.839936713675291 0.178684774506369 0.201656000687922 0.75138794227361 3
-0.0559658062223017 0.651325839101943 0.537523343980729 0.0511362105886649 1
0.887057126648924 0.101258203698884 0.210970927476987 0.88470353792875 3
0.847634049795491 0.193382800976094 0.210324197354622 0.875045441991384 3
0.912485689151061 0.0473485084935527 0.214171066215518 0.831732327581557 3
0.854191056239999 0.0776608174590046 0.0709110349048487 0.898154585579742 3
0.877596601047678 0.190430510890814 0.209476013209673 0.731802104420233 3
0.424214796055297 1.05684729067928 0.476612782520145 0.0366691190177014 1
0.785852380186119 0.0563204948422559 0.223405362135114 0.893152774331905 3
0.146800637179753 0.498800366818178 0.58025769137912 0.218981841754966 1
0.775505790645763 0.414796513127059 0.163908016262437 0.721572765150847 2
0.907956565316915 0.299685429951282 0.221970698983769 0.833218401820919 3
0.757166610050161 0.156905430344408 0.132847095721629 0.890247128197037 3
0.836865547683441 0.489741299716632 0.0765914865697891 0.861957055623186 2
0.811996168780753 0.161012418904057 0.192085349211649 0.874355317527561 3
0.105688566015947 0.868858524164325 0.660732192450268 0.312995356610569 1
0.867478812735299 0.100277875035926 0.139658924262665 0.817290037369287 3
0.913830852444126 0.0937716884701033 0.210773285954953 0.835543593032889 3
0.282078008945318 0.787208870795436 0.679746745040885 0.308984773755364 1
0.856399402976864 0.0975172481747048 0.129329281993649 0.849818269773978 3
0.791970115070418 0.17902803049929 0.217053839844891 0.896471735788122 3
0.233474919676081 1.162447946182 0.490601211272099 -0.0802243662497625 1
0.884852393588955 0.219857495707902 0.199928065502373 0.845710869374908 3
0.878899622909427 0.0707456324665828 0.20715142669928 0.850223599618047 3
0.871487786683486 0.19974995906693 0.16753834020796 0.830336440440792 3
-0.0630817168106947 0.870951218754521 0.536284293514771 0.262919043225467 1
0.929344342002167 0.47752657141738 0.188201794299164 0.823454011255515 2
0.848953498330504 0.47609279473579 0.155929167105694 0.83876924134776 2
0.165366665335239 1.03103507644355 0.303570025090622 -0.237692374307949 1
0.860512209132174 0.166141855343483 0.1818619862546 0.858204380366826 3
0.716904866721461 0.152274957681987 0.161201933638456 0.84322610654709 3
0.797088826012063 0.450901823027106 0.180718482260926 0.869203271806134 2
0.805195139192484 0.477393244515663 0.130972902211662 0.836938189144104 2
0.891404489753239 0.171043671801526 0.185449845769301 0.906943404507049 3
0.897092387083779 0.246263150302708 0.250017237144613 0.876835355185866 3
0.798352078740411 0.211014766121034 0.236364251919145 0.680103765690975 3
0.708129972227329 0.191824544132929 0.172968572559579 0.877651645293966 3
0.745214773850413 0.48349093486499 0.136133826938465 0.776118461759359 2
0.846183786225096 0.193669095873602 0.157936385475613 0.807427338301174 3
0.815881471539322 0.110897610354386 0.150435435946556 0.819232066332152 3
0.829409721301518 0.234532337722354 0.199651655944594 0.754116760233222 3
0.827422713891362 0.149184770012174 0.232561982492122 0.796317251676068 3
0.767106273403269 0.55495419412881 0.165511408974663 0.849256430822425 2
0.782000578354341 0.182809910223439 0.17433800824251 0.828213306098076 3
0.813525135163785 0.131284711688865 0.231263405929487 0.891726364776887 3
0.735616795956713 0.0969100969960463 0.123664328779598 0.821056578543667 3
0.920463841828384 0.595415942487586 0.106925284587227 0.792241957791657 2
0.0143842935229762 0.571668297912618 0.482395228996226 0.343026071164918 1
0.10616157864316 0.879017355995686 0.478973436060458 0.0694696455240071 1
0.896864762553121 0.150464285167295 0.250351395384844 0.831025896392819 3
0.816467226518494 0.518036724057936 0.116031292371505 0.900024846934441 2
0.244511463002378 1.10625305310636 0.451939545850496 0.215693474795472 1
0.251886375837185 0.949381761256316 0.419434199497067 0.0767036678388809 1
0.872454512804791 0.0978605606815099 0.0967513067558411 0.753143474057118 3
0.901951041761489 0.246859114204709 0.0790041772504687 0.848768424477418 3
0.835666577364248 0.176441104467829 0.145377799733033 0.848806904421525 3
0.899293945186593 0.486506296069785 0.0849159098072048 0.818831307694828 2
0.814838351936526 0.169627408410818 0.175172349563084 0.769923070202384 3
0.834265104500472 0.48528373187983 0.101979404440647 0.843548990386252 2
0.866829588918851 0.209630057710763 0.171178109117845 0.803254567957076 3
0.783937397471305 0.482351834322791 0.143081762782411 0.845508282046085 2
-0.0916732245202244 1.09949153200533 0.580117009011528 0.218172876062984 1
0.817185977628541 0.170697979757398 0.213119354921203 0.874002923231563 3
0.657945342098352 0.220641533368947 0.177844897876915 0.793086811217315 3
-0.00735311333672845 0.918807509963624 0.171051872548931 -0.0202475528810468 1
0.833792588834639 0.05016593024176 0.173069369603703 0.880496883641549 3
0.852850184561646 0.444069024563641 0.224371189772907 0.883740243041279 2
0.772481308332732 0.100965442859581 0.150316303733213 0.817469017618724 3
-0.00665497010860908 0.760374549634052 0.28791132056554 -0.0344533246135027 1
0.826884655041197 0.572923683317259 0.221642221797547 0.801724857521563 2
0.776351904910147 0.231911190709582 0.231445577115981 0.785551620463655 3
0.934309390805418 0.262369436600512 0.165827041372019 0.741134571465426 3
0.840860251913375 0.152524988507529 0.102994212101599 0.858165423302059 3
0.91804182589688 0.110831018753773 0.21742063774489 0.891431313278043 3
0.827627114448822 0.55528154652927 0.173189759984916 0.894931175928276 2
0.849028249664081 0.212079827335818 0.108366322126348 0.897000347009609 3
-0.0169279634103884 0.915820144980634 0.557216442530113 0.200083626712435 1
0.821850850978598 0.192371507917696 0.221210594042974 0.861120804394792 3
0.741840717606881 0.220782340699284 0.0733123498792952 0.883336455740732 3
0.868709269365422 0.168184537212418 0.209913760547937 0.824330240132896 3
0.810850039302293 0.128134801312081 0.250891656465063 0.910594052687458 3
0.797381700252526 0.48526077580081 0.214794414155098 0.87634251971676 2
0.192419657282221 0.77083896448992 0.533545146484567 0.310700794310685 1
0.822088988968049 0.191507478631579 0.143952148222536 0.803977714302812 3
0.834349075654373 0.15614459140976 0.187073950773561 0.74587829252469 3
-0.0423356334057495 0.967179685429021 0.804738648437882 0.382708625343174 1
0.797376537587673 0.212721851708443 0.207817155182762 0.776966682982694 3
0.255761963008049 0.964308048076541 0.504925257974504 0.352263912039236 1
0.756206017769069 0.242931107715919 0.226666913975057 0.712092673755311 3
-0.239450351541736 0.802015572687937 0.415723960713393 0.257748217096109 1
0.753898821242862 0.104901695411933 0.120920918837727 0.777333938648767 3
0.827870079720253 0.542675245581996 0.134128929863778 0.823713058268718 2
0.85625199875198 0.13778139361119 0.0848390568604308 0.902515045999501 3
0.855031710681041 0.44351022464813 0.169333874971756 0.825974521288291 2
0.0611956915153078 0.703097923261793 0.412221609383954 9.6298712651377e-05 1
0.88177234166451 0.25004611285466 0.12101210247209 0.798058502199339 3
0.231861922011739 0.836403255660769 0.534290351933056 0.202742217006701 1
0.938946700292718 0.328568578480372 0.136141323943116 0.862167368138118 2
0.82961029188331 0.0863817098803943 0.134458540042189 0.834090870313094 3
0.310461538585166 0.787833364368557 0.655798677872819 0.155027151249843 1
-0.147162531746616 0.679823540685524 0.252007220962341 0.242655840891267 1
0.827577979210294 0.575272831760432 0.225584049423817 0.831258676461462 2
0.0688416483664041 0.738641618092598 0.336486898092847 0.204903948117239 1
0.911359414332885 0.510661457914515 0.101692069431658 0.792237089381913 2
0.248833661925533 0.508546470362259 0.463259071798343 0.191078919219766 1
0.308590589509616 0.837365108609668 0.474446207733481 0.263380375253542 1
0.123343970057312 0.583216216889243 0.57908751292291 0.0154618454733509 1
0.18618238503128 0.981393217002147 0.394297623678063 0.376891319122276 1
0.346207139220687 0.794287555139421 0.605250137639426 0.288016092279615 1
0.844941630039027 0.123952057309067 0.110154536294712 0.803510032027965 3
0.90958428975796 0.138477471610762 0.197848672100092 0.794163889331217 3
0.895662899195068 0.15386186187757 0.256627358259473 0.849256851999446 3
0.220036024097686 1.06278812328036 0.187643932224998 0.514262385606722 1
0.735370716860277 0.409122462198117 0.249700619182078 0.829394249056472 2
0.807672597540063 0.203239747602014 0.0966510857771807 0.866717577560498 3
0.0630816467794186 0.690474554115538 0.418110252385662 0.0171398233827333 1
0.809343502093793 0.046037675054367 0.128229711044667 0.79114915698247 3
0.859473318877773 0.490133013170507 0.130540597197615 0.782328855811017 2
0.288800057678419 0.703878959139603 0.51841801389271 0.305601439998989 1
0.758422053911443 0.148750837245356 0.26411063869469 0.734195152455259 3
0.87928329349129 0.491490782447437 0.186133184917893 0.827891356875317 2
0.0123325864434083 1.08866143741005 0.489470586796477 -0.180361190321691 1
0.883292829145909 0.219887200291217 0.188792269401934 0.706487116261513 3
0.838317031660712 0.075641347076071 0.189192314784123 0.795904932125339 3
0.720369563313502 0.12834104097628 0.0826823320332885 0.751369289333182 3
0.854716198878888 0.0753569743153636 0.209868801017021 0.805457332301609 3
0.243723078577026 0.701773114584836 0.40700851597323 0.0342850879435562 1
0.883471178101174 0.11140433100158 0.236177564580216 0.89253555867743 3
-0.0528205447420536 1.06089262230108 0.481020072539379 -0.0216497021047695 1
0.778113863367593 0.24512375818502 0.143137104006277 0.801497443339508 3
0.865097320726999 0.431640470306223 0.261659142224714 0.856875592779226 2
0.821102450752635 0.510535872072937 0.146478516457239 0.786521294346237 2
0.8528813721588 0.119346706207389 0.254263575492406 0.676190986722546 3
0.872242288332069 0.492344146447899 0.108087051575093 0.786152668059836 2
0.960520774957078 0.157025856008206 0.262435405870357 0.766440194604436 3
0.931606751095997 0.12380435321402 0.0641024068164502 0.837175630291494 3
0.818181613994858 0.159216562405022 0.130328634950584 0.999998343152396 3
0.815839898465441 0.467811960616854 0.182498996918187 0.801429345396015 2
0.801128138155874 0.508799892310529 0.191062092269002 0.798298202784986 2
0.517514089237137 0.762480498102955 0.383477244122679 -0.0434966621472141 1
0.235781343984294 0.766556905346876 0.336976399726283 0.295401003945143 1
0.812612325228007 0.179026107133275 0.181994643349921 0.876017300434124 3
0.818324204153989 0.189754233178765 0.0771170162603419 0.881572901500885 3
0.850515175235506 0.132907948951975 0.152770949786362 0.808732508475806 3
0.816006650312708 0.236215601252027 0.267755319444068 0.797484089660924 3
0.806009902697122 0.168167818901315 0.1685598629321 0.889588746047034 3
0.742471047830636 0.176928247238615 0.0790539221126944 0.803333157256154 3
0.776632900420929 0.176293288560104 0.174488115080813 0.730796191568504 3
0.816121892579867 0.501795675601414 0.169812170624633 0.855935558195516 2
0.784440662055841 0.0714167968673651 0.122889820789675 0.773837345820788 3
0.446861581115801 1.04065319559377 0.558969563237366 0.158277419768868 1
-0.115531500202143 0.662050910310361 0.520529247385502 -0.147189407333169 1
0.861806598582112 0.361089300624672 0.265072445814898 0.826343271340127 2
0.869462903942908 0.539934013952216 0.101944957793301 0.943039087324347 2
0.301649484796733 1.07953452372978 0.672448644398694 0.201100358100706 1
0.304340876272399 0.85933378905085 0.754190633021143 0.0106469577599064 1
0.798195000831476 0.145815332202707 0.179759384020016 0.734858901315676 3
0.73764317814875 0.144818848898574 0.239096556900071 0.777762144389169 3
0.814005707501536 0.556585439134702 0.179804704488125 0.817097715152744 2
0.888201296323007 0.531498274211488 0.164720872492857 0.895726203613085 2
0.747869636998044 0.294114175160209 0.314149178837423 0.794977706246685 3
0.929848157934806 0.479123700578471 0.214496188953427 0.861067333449447 2
0.818310178641757 0.180230279524179 0.112974766426518 0.929443080207157 3
0.372253862555677 0.788826584615028 0.387008842822282 0.119482004064966 1
0.110431886786303 1.05854369807227 0.35056911103093 0.11431117133721 1
0.161981943394115 0.872423761595087 0.60943611729424 0.00439716776342086 1
0.907064694100906 0.110022354970687 0.206596743300449 0.784609696709147 3
0.896507267397233 0.304521216227672 0.0935597072463989 0.794843840529568 3
0.833260757142492 0.20118241628921 0.102965175449315 0.864943462329065 3
0.0861524852599193 0.751144034710134 0.485180603557485 0.449601181707398 1
0.789141089478929 0.202922889730532 0.0898373042989032 0.772850337437407 3
0.275695978210661 1.12163639566891 0.466624904091251 0.00339196368710368 1
0.950918025956492 0.524381270485524 0.196703527302989 0.841351960489938 2
0.800017425356731 0.498021883448457 0.0998403523735993 0.769996372747206 2
0.0371117138649431 0.774837329773478 0.346725057850374 0.175771157109713 1
0.261426757009285 0.912936730478296 0.471360066474399 0.25208462542196 1
0.234804082524808 1.02168972834789 0.965395852202787 0.382930926813069 1
0.806452849940985 0.227892758748238 0.168601872539183 0.959682483829888 3
0.822889882960971 0.135348750475685 0.200773674331245 0.854957264986871 3
0.832532803899174 0.0526612119197545 0.128772861831135 0.747330555298883 3
0.789791776666331 0.202068198855618 0.197626501302676 0.880513151006064 3
0.938457024511234 0.160863056915091 0.217935232839216 0.818864763499901 3
0.256469348551075 0.674277637967026 0.616938404043303 0.199509172243768 1
0.859500818283574 0.179229930661985 0.172690620681278 0.733912420327504 3
0.361699515067946 0.906991482988497 0.812194354970852 0.148712792223996 1
0.80290535328369 0.567747573963666 0.267478054836215 0.787045696144587 2
-0.0187434750426924 0.644641890702903 0.820034894246834 0.148243466936271 1
