0.495887482536449 0.827042329104782 0.529590076481865 0.442493471141217 2
0.458145022868115 0.813089965619905 0.478088252403231 0.518491635828011 2
0.528957859633245 0.742015495554392 0.408350520754486 0.456533610751594 2
0.465102609135643 0.77835628485369 0.553452916213032 0.359290528687351 2
0.45331205534894 0.887924298477704 0.448519025099712 0.22863472261158 3
0.434352850327402 0.788963267756004 0.513520425908096 0.469843162732034 2
0.364974186625111 0.848502237914581 0.499978017396829 0.512556276677996 2
0.393476496090402 0.656085458527465 0.432856978909448 0.934753188301946 1
0.530475206981084 0.816732082267369 0.434974095187805 0.523209326185603 2
0.552170162035903 0.862560317404975 0.53821974942491 0.515832698626577 2
0.432251159770666 0.521567478938436 0.526644170546229 0.937957356375101 1
0.520060638465016 0.466597022934599 0.335568330209174 0.929995215176572 1
0.457118590450937 0.463175354642319 0.524238880145436 0.677417100906352 1
0.500801173928412 0.833699886102047 0.526144529328991 0.495864408855886 2
0.459971404503089 0.793085958405895 0.377258969328282 0.511359948665414 2
0.430029779174666 0.83314551070962 0.471703288269702 0.532495625839469 2
0.669181184974324 0.496337082316566 0.473953395569204 0.924601956581909 1
0.425435824800237 0.835645075242672 0.603250704952322 0.528290451247816 2
0.580243765124001 0.773588508958109 0.513047364751744 0.469519499998419 2
0.603172338808517 0.857053098567265 0.497084324788418 0.536599000427194 2
0.499254533364623 0.514000331519231 0.673763469026708 0.902003854676574 1
0.410444964752159 0.910044066561522 0.552890076564237 0.103148434711777 3
0.531924537548151 0.827887709949086 0.520904583705635 0.453882732774197 2
0.441836709739451 0.844970548897312 0.633216020703092 0.489938794844846 2
0.512034218413299 0.942460738334348 0.536313651842011 0.43446382572487 2
0.511290166888956 0.782539996334633 0.549469538869433 0.476516665469084 2
0.57894388076562 0.780498930576482 0.597960749744112 0.512821990253621 2
0.468611387199702 0.61196114636688 0.41520107347913 0.881503037086991 1
0.462085582360758 0.458785199250677 0.558685077710291 0.870870486871778 1
0.519339992591631 0.906873318017153 0.472889801573313 0.187101399758794 3
0.542900262538616 0.815790311779409 0.577891545721459 0.28292060116317 3
0.533534911817371 0.718754313631584 0.503107299102139 0.127501398969826 3
0.496822573687033 0.890276677553774 0.50729449056442 0.259800922939353 3
0.544118276054966 0.75243508623248 0.546267307906493 0.478953343050256 2
0.43939535489696 0.580059214713364 0.486726674009759 0.837924091643944 1
0.553965772208349 0.862119628250882 0.452090377760736 0.585034526975153 2
0.498092467338395 0.851591998561776 0.423962357817649 0.53341705068547 2
0.48203769849797 0.805444359851609 0.516382337504162 0.468561909753904 2
0.562489395099951 0.554808773452249 0.465202638185505 0.799368208142189 1
0.47331773838512 0.76663810914629 0.545668296606771 0.530224239561975 2
0.51982069320196 0.480318139934311 0.500023726395889 0.820173580709479 1
0.566534435860965 0.691073026612339 0.488005522926687 0.159677004316339 3
0.399240546538917 0.488805680558722 0.56654747073544 0.774334579918159 1
0.327388857325387 0.754345660595486 0.52037279056722 0.430828344493138 2
0.374466306783983 0.812131122807855 0.470842179814002 0.481451685071792 2
0.460002761146957 0.36647572251379 0.545239447720081 1.00988517432612 1
0.418476459697107 0.63482365372255 0.564325277526879 0.756898599233251 1
0.526776560379085 0.870274010107298 0.566620674667085 0.503806046525026 2
0.57976331065235 0.820787222070278 0.589610141201652 0.489490540297172 2
0.552919827641642 0.838396431261512 0.499447969647715 0.44117914986802 2
0.522983359848294 0.688695686305791 0.51863708696663 0.553076910972535 2
0.575488005339061 0.845020603196247 0.610283422449544 0.14820468553418 3
0.652513542154195 0.38709357020991 0.512568824903615 0.866552503857125 1
0.513044861861633 0.754816641014447 0.581706208239743 0.503215549072936 2
0.478902129614855 0.83961270183637 0.521372782378997 0.330790926346473 2
0.573050291255504 0.78645449519844 0.49829996252151 0.169287049054206 3
0.431931021503928 0.767657470417323 0.445641646349218 0.478530643677255 2
0.502181111118331 0.478453809296716 0.441665449823675 0.755476637890345 1
0.578124246684739 0.948343785195224 0.612912485319543 0.448092131477268 2
0.492538076077388 0.509992740369812 0.581059104796555 0.870768446325278 1
0.637279524262048 0.556001875730895 0.596427996773872 0.758094949469005 1
0.51486343925983 0.836543303318501 0.511211144468798 0.521305164702435 2
0.508937770610028 0.77117119741042 0.547529152533322 0.124838067382507 3
0.492767915744514 0.406872685329703 0.499557991720345 0.95538411863329 1
0.448530756135131 0.817194140675433 0.529601763242263 0.166417957670781 3
0.520601103763034 0.780970312213339 0.502730435403879 0.50356016515942 2
0.359150896731717 0.418197203670437 0.510513007940882 0.832094094711387 1
0.551811142277366 0.822610048613924 0.538591416627921 0.487242839685623 2
0.471637537111572 0.920141338551216 0.495532277357492 0.2855166794425 3
0.476463204891538 0.886636283246814 0.454379077539873 0.0196805560399007 3
0.615603772246182 0.821569252834175 0.555303331236295 0.172075718707597 3
0.524624833608053 0.776077785677791 0.455849573899053 0.540935759573729 2
0.395308589113192 0.803667627450214 0.553289882464243 0.0783971334034565 3
0.381783495838839 0.56261760506387 0.501795493036522 0.7039804020928 1
0.545114755690883 0.755717705745684 0.566038323721176 0.462209138521946 2
0.488582499040229 0.829920271518874 0.578176424222434 0.143560926913003 3
0.465764621988744 0.450197560692747 0.475190303033413 0.728611492825366 1
0.57190865961673 0.493716447131698 0.530093398757203 0.748415175095272 1
0.501144021909982 0.817747009847801 0.509484025049548 0.518412877117468 2
0.382976332602471 0.912465078542665 0.469343461630253 0.525035362634697 2
0.419728062717739 0.906243690218208 0.489376264749867 0.601945653643786 2
0.531681064495578 0.799212377361582 0.510681207135293 0.355947722288252 2
0.456277559550567 0.809057487708934 0.455571648820183 0.49199655053899 2
0.523993000177715 0.821017665858527 0.512362184266281 0.148476749240291 3
0.466561548547892 0.608390869976781 0.37203093319104 1.02360813108444 1
0.561987144605585 0.791575123854904 0.561619629644672 0.545447423424638 2
0.45538561926384 0.616131962975722 0.528411726922274 0.756837095491257 1
0.412864684698178 0.460323013485892 0.610856022434024 0.782147124247641 1
0.469025950954158 0.803729402462273 0.49563321608516 0.648767224087152 2
0.454038040570431 0.8722607256029 0.455864903382585 0.487579557725458 2
0.405514895544642 0.801207595279169 0.488056948230037 0.562225970551092 2
0.476957189224319 0.803762827207192 0.488724183230038 0.0959607131230115 3
0.568823380139346 0.805033073869377 0.504975995876103 0.488674484632817 2
0.424382475069923 0.504352922529086 0.403782542075418 0.807480533805127 1
0.486096081029219 0.835139338717964 0.552435953119147 0.49985386578028 2
0.520734405858474 0.391967097034075 0.415453924018366 0.806304918200422 1
0.519267344358104 0.821149902767965 0.544679187422252 0.272796413711964 3
0.540720692680363 0.796906738106567 0.627880394923696 0.538543379956764 2
0.463900597188789 0.815395893097387 0.56660825368915 0.501989356960287 2
0.485510088808597 0.81097757934907 0.54789605948047 0.640408900853544 2
0.484169229675644 0.771993508449388 0.561760369550697 0.201706114523503 3
0.528610345965499 0.791279340868292 0.416707338618161 0.529324215121486 2
0.46088753935386 0.986515432807606 0.484311805432879 0.496005681262407 2
0.503712401779025 0.5618079095018 0.446867163705263 0.777865793932088 1
0.632008893880561 0.387186230436809 0.520023029155092 0.808581813329133 1
0.372539866112566 0.799296118942332 0.367044492528563 0.495145252861336 2
0.52110784021645 0.784081980303578 0.536423859476179 0.174372781632109 3
0.539585616363063 0.901494729638816 0.526176583412566 0.463654368513642 2
0.541651265422492 0.341565852976979 0.540433567382373 0.88647124579095 1
0.409819936229435 0.816969760729851 0.584127733801254 0.33265264747232 2
0.41778353036372 0.856857125761525 0.402703972882842 0.465819931468875 2
0.499660170430749 0.837477402222555 0.606306203556032 0.51131402543197 2
0.528644702519439 0.550910570710001 0.587254092639265 0.721934711124509 1
0.380835680877016 0.555073343103707 0.456905602614621 0.819710019680144 1
0.464603758074136 0.900157655444349 0.433298160813963 0.542095234418805 2
0.422145241815999 0.56464348144477 0.511651856265596 0.706059035701551 1
0.552434807145389 0.464917658879539 0.396765714673959 0.767968723821401 1
0.575269340265325 0.76829362287377 0.513897942892033 0.497492628863909 2
0.558586170135079 0.737133391759958 0.530319598003523 0.536953775312039 2
0.534773679747455 0.470862363485976 0.554232182251766 0.785893054628812 1
0.54093007505293 0.455221440293528 0.544088386177602 0.985544774943846 1
0.428000101482925 0.52734892002932 0.569288684078137 0.96685994993207 1
0.543713715948832 0.694645699918405 0.486240586890105 0.474039596707985 2
0.575966151433159 0.402662102461805 0.546097120160281 0.814092567323712 1
0.5434994787229 0.565394058197913 0.567533848442059 0.864923217221966 1
0.56776758411555 0.87895246644369 0.487278260184736 0.436219011193957 2
0.544734565203027 0.818685998424897 0.611080535640298 0.185708106855568 3
0.619119686277956 0.551200066981754 0.58310896167165 0.839507573724273 1
0.4855128088698 0.799211083645133 0.447557946918624 0.149541681402112 3
0.542700052212062 0.819103092642309 0.408155091110531 0.497585097559984 2
0.461943039387274 0.750523620132738 0.563554570001921 0.172435410362792 3
0.504994556393845 0.849527060550936 0.449945934719544 0.544598203810473 2
0.546134622375499 0.939187934733022 0.494103410589137 0.42012954705518 2
0.483709987031067 0.495819377808808 0.612464218762799 0.844241436436461 1
0.568833856126563 0.808627212205794 0.468980239312936 0.461969839800522 2
0.473102817141788 0.529260012436003 0.438189459169856 0.783037611645782 1
0.612180307743656 0.884934825615069 0.471025669007994 0.1610472687433 3
0.510925296778746 0.79974471588123 0.453954921594597 0.633476507237146 2
0.496844303285634 0.443749161948214 0.504602337144505 0.857547656968954 1
0.54312318642807 0.830213279919204 0.456823068889154 0.497244429052618 2
0.409276457064032 0.859262666065543 0.536965317760155 0.0932742579066608 3
0.45931391498419 0.406925507265909 0.533176994789049 0.886763176904189 1
0.572773707905227 0.805099563840733 0.397010494997107 0.538919020934658 2
0.513340722603912 0.507841919267166 0.64928545102471 0.776630559110168 1
0.51388342507401 0.370730982284826 0.635174274611663 0.639699269693301 1
0.394187823585664 0.494590072281202 0.582340332403473 0.880847391950595 1
0.505802906122466 0.480416867041502 0.52672451246035 0.8598299961901 1
0.520026473625296 0.476150374273673 0.569113116561306 0.796815628488079 1
0.383830466358182 0.340641506133316 0.534288733630791 0.757204604625339 1
0.54058776912206 0.568033942744983 0.496247387947966 0.821317787150903 1
0.501130216822082 0.863370086137015 0.531303974614916 0.142125967258468 3
0.536880542886665 0.761331746353016 0.516820100646953 0.534403511252659 2
0.544769346514169 0.395107268590517 0.565110602383763 0.780629872184976 1
0.470746360272961 0.889192649979738 0.508455808156942 0.241792882944159 3
0.480429358877848 0.878953833545828 0.464257287997936 0.520554521854882 2
0.465589361366056 0.859712243858196 0.538326853824193 0.461361866366468 2
0.524314210363596 0.602121943513754 0.55215273342221 0.834350231092404 1
0.483410973062733 0.918338496206498 0.567322198998607 0.454557487482168 2
0.440933796730574 0.781398247125335 0.460674561260437 0.50754508950526 2
0.558152266888248 0.714363759277294 0.410725874678259 0.485442929518319 2
0.457719287451137 0.798552420943596 0.487893045553183 0.499501306783726 2
0.532423663848216 0.900209214429206 0.541164076533719 0.535890693344343 2
0.469717470035799 0.682168016118603 0.53177810828037 0.769997294234231 1
0.588947861476066 0.910560488392856 0.530695674799931 0.192810384229663 3
0.569947966915852 0.431062277557949 0.522878930628646 0.804620690002289 1
0.535696920152179 0.790802122795667 0.487180207968146 0.0268817165528918 3
0.421035740998616 0.963076993738467 0.576517101867721 0.103716858491252 3
0.502347795915583 0.899259710848959 0.431768664335272 0.481919418915684 2
0.516833369474553 0.820763119548931 0.583627898267801 0.156213062408363 3
0.515589783461565 0.945980327962509 0.463436766144019 0.465849305025455 2
0.379200530288084 0.510009057690098 0.43869628067784 0.89089474719566 1
0.546288137385869 0.823226141341842 0.542436674902836 0.561619057338821 2
0.555162657467228 0.884332034228564 0.478123687458142 0.21065553765238 3
0.407035210608372 0.490344513331602 0.248895052817575 0.969471253723862 1
0.552950590364589 0.784538603220759 0.431833004251774 0.136036916652697 3
0.571016496825626 0.866543624065668 0.453979125615379 0.57113856109422 2
0.496607204468636 0.454328989975288 0.408645729091498 0.863285479914581 1
0.515382935839326 0.507878012642805 0.589603360080882 0.830366084739866 1
0.458081723184279 0.528028680232524 0.564161505556222 0.89599527338592 1
0.370535991865003 0.743721022294668 0.502291455909655 0.524148127596533 2
0.452025815371777 0.839972380624345 0.51553558959629 0.543122119996229 2
0.569829717409315 0.774589895275619 0.496678388093749 0.553818847572963 2
0.47703692284376 0.776489799752579 0.487156579120484 0.155759873491742 3
0.473544068679944 0.820986154192766 0.625669395556043 0.459849138690591 2
0.522965315010704 0.77104441016213 0.464705763657784 0.578073689758802 2
0.426866940520583 0.878020476108816 0.431536452577065 0.463359339146484 2
0.549369975212666 0.635468715601149 0.389382048015054 0.851554234687872 1
0.451463142433845 0.892557490109438 0.451897017408567 0.133634118514138 3
0.46173049691496 0.69124632745819 0.471165188467709 0.76696486696266 1
0.427525703370648 0.513384648014821 0.471339706912653 0.810021330757563 1
0.41237611267853 0.89626582715361 0.576733078517002 0.441765588053255 2
0.525768444550275 0.828760623959413 0.534141058010627 0.610710068509263 2
0.411775719749942 0.842501425287802 0.528581226405947 0.441317433809904 2
0.55434617131257 0.8291422737678 0.457629622003619 0.42940548721859 2
0.506669373111373 0.805600216543677 0.561693010596494 0.423566376864144 2
0.470960920067447 0.867322834731153 0.535428060396369 0.200071060966142 3
0.493475313048136 0.635557036516985 0.514722912355736 0.884781528995224 1
0.498173528322833 0.809360235504472 0.449609392281196 0.542994568439184 2
0.568691050313446 0.537933964245049 0.409341779699781 0.851988545509088 1
0.497522439266301 0.544645040376552 0.484349116957895 0.816183634236653 1
0.474082097101981 0.733202944238858 0.49864297115928 0.555450828292536 2
0.495747463121388 0.432377469888669 0.559869423980938 0.889020016554216 1
0.588131753427308 0.769043484257511 0.517163972903276 0.458866087586275 2
0.604613632901299 0.84475437006219 0.530049788124979 0.452817970916799 2
0.406544871748758 0.474845863325065 0.582358571786834 0.916813318500004 1
0.541616190569561 0.77951927695501 0.524332059841062 0.270919452720797 3
0.525632344121457 0.919825618333986 0.503116972987949 0.569090881403574 2
0.51068092735223 0.752774616072512 0.4727518325337 0.527584781249239 2
0.47054075726 0.956485770328542 0.566827168533322 0.504952943227966 2
0.529355437640703 0.774866932418545 0.44418258500889 0.184067766724274 3
0.409667693773609 0.453937466755009 0.593900456976247 0.885066830096212 1
0.517548103723371 0.606680606788982 0.46755645920383 0.914189783752386 1
0.40772288330782 0.416715849552567 0.583066699751743 0.873053601863 1
0.500085485229966 0.77016742813294 0.492241553495091 0.632364251273812 2
0.544277275550251 0.499502134546139 0.434199056837875 0.786695098576882 1
