0.631121922270139 0.484804373890259 0.89942107668185 0.181536141283917 3
0.547351583328164 0.475171039411496 0.816364239028458 0.0912326589073665 3
0.925847582478122 0.0229889283547241 0.848044516817215 0.422324120867341 1
0.169119029669009 0.716954214688162 0.838264383386152 0.0940077271954654 2
0.691294858609767 0.0811728212300882 1.04048125605591 0.334199562639908 1
0.535284382027739 0.499249307591734 0.814244927400153 0.213201130558583 3
0.251903587398923 0.796043175597491 0.799112921672862 0.215167355235754 2
0.192721586329679 0.740503163772642 0.913072345604773 0.0844337355908858 2
0.492464080408927 0.471973526491065 0.870326003898376 0.187951493179232 3
0.460184165394723 0.401210183743471 0.727136912786977 0.0967392274657035 3
0.422987488952083 0.460000836082285 0.907505563857504 0.157629943630425 3
0.255500129609689 0.831039751046066 0.928246701681891 0.131160057231241 2
0.168117973009084 0.755902177008326 0.890620194137365 0.182618382600543 2
0.966188576293779 0.122960890092409 0.765975403625253 0.571779043565414 1
0.933157826928545 0.207902865330138 0.673113194488967 0.480584343589491 1
0.131827816003284 0.747667838176361 0.859345060312343 0.0637092792327008 2
0.24569176574217 0.761902410841187 0.797639576215576 0.0936801406070703 2
0.448029734191282 0.560757313532267 0.71056338202282 0.0606208855799518 3
0.474438342784249 0.444272360903709 0.711012422108894 0.223811406872042 3
0.577589277116304 0.46491948047568 0.852889577957837 0.166114040077232 3
0.834702495529886 0.290402438988604 0.806440840110542 0.54537413889603 1
0.499786539485319 0.570872406379883 0.85677159172956 0.187335781502205 3
0.206810699682464 0.74411721121298 0.873733180970681 0.163570347581105 2
0.529768750320083 0.547578831343985 0.751313216282562 0.211659447004909 3
0.54797548130473 0.438328382868622 0.798559647513505 0.131801295260922 3
0.417700560245554 0.441577092794054 0.790025671449 0.271357431441085 3
0.627060257376679 0.536525981393063 0.734690552901854 0.151698262656062 3
0.164247504985407 0.858506817629552 0.789074643035688 0.220909139717077 2
0.401727727053846 0.495297001139067 0.923578879724611 0.312683909495609 3
0.631292691547016 0.55879927993952 0.711955259218254 0.154266359816352 3
0.966915131053383 0.139609078689393 0.85001350413093 0.567764735196179 1
0.531477471974446 0.536137227607305 0.760498942685944 0.186043866120889 3
0.884504024175205 0.156717630886898 0.835066444434606 0.583292810309887 1
0.859873432488283 0.211932955579288 0.83817586340517 0.523749761884097 1
0.209322921163314 0.895194157955615 0.794256993852666 0.175594760427634 2
0.530554159893426 0.364243807497363 0.751234296423464 0.19181079074065 3
0.208470306018252 0.881654522620371 0.840687606294824 0.0996152158167473 2
-0.0227885342079031 0.837324715663935 0.748227167386481 0.15568681924485 2
0.879816302672862 0.135545230203407 0.885852515476944 0.488287250170155 1
0.845150290847667 0.208185881619187 0.789632882391399 0.559981764813239 1
0.229282795401017 0.945613211630066 0.892122915932418 0.268099885772004 2
0.767237844973653 0.142922355574796 0.663244888392945 0.586763658531743 1
0.572604300542739 0.545370474266044 0.857916375746259 0.1632882105966 3
0.216850763356579 0.868652717995611 0.787473958848577 0.217565208459271 2
0.489356547887631 0.364292406481204 0.808358057116418 0.179644803585817 3
0.446776127090999 0.59994494889159 0.862629010044359 0.22641170665402 3
0.121372227456637 0.874367565035819 0.870443004986323 0.22434990366729 2
0.483018265442907 0.538417786807784 0.848897754738763 0.176362899848223 3
0.294821615073724 0.719473430052401 0.847334537442557 0.186281665782416 2
0.263163709743614 0.823568500171242 0.739767003732718 0.268372911892042 2
0.570060272282076 0.333854236509967 0.933014306865388 0.339572191568825 3
0.217340056532117 0.792873657094013 0.898970341583954 0.270256189943673 2
0.585760610104036 0.508783251686908 0.924450898087888 0.19241485671307 3
0.526125721105094 0.503024166163987 0.826083267453487 0.0896794730461088 3
0.243880236928238 0.849452549135239 0.828490648256511 0.0612250510561828 2
0.161796274446864 0.793202459805663 0.719778596443548 0.182502794116164 2
0.827238225727567 0.0659339233785956 0.854350078344204 0.534370505402327 1
0.181239953025855 0.8729655149904 0.767701739190956 0.177491727843753 2
0.48493969215493 0.558803415089436 0.81402232980237 0.135900023787352 3
0.547639859821855 0.396024089806731 0.781670129772283 0.206274026647953 3
0.28026028196073 0.856258807830404 0.814644356879241 0.0253410734279039 2
0.124328422073544 0.78065936927091 0.880882443624963 0.169940092079225 2
0.185906373308142 0.922134715378301 0.68835712941982 0.289743359529138 2
0.215745207351133 0.962550097215199 0.840607763003051 0.15381966320727 2
0.463313965222507 0.561862514068056 0.900565220521034 0.154654704346394 3
0.873524154791104 0.169429676301755 0.770505694298714 0.471751710913816 1
0.844458482395497 0.116419944261736 0.812470380341081 0.370736191410738 1
0.530747622279579 0.487665821978644 0.779237072949609 0.125581661133402 3
0.251147448754787 0.823926496427172 0.75877197797253 0.0647601183519583 2
0.43774213856152 0.491328128681554 0.768308246250175 0.164870336905657 3
0.0993535331841172 0.904344490121942 0.811967114730847 0.172975583821256 2
0.022587503884887 0.908072474047432 0.70061371406385 0.260023225764194 2
0.494577130252975 0.480220137220139 0.824583012234349 0.318968760363233 3
0.178442707987611 0.725332040080675 0.852652065934431 0.172301776511828 2
0.610168245207095 0.530438160486407 0.835746577812149 0.131043922314107 3
0.441060819719412 0.542341983153885 0.883059902903311 0.166857940415852 3
0.168108632430633 0.861934433467341 0.79238220141384 0.139181219460313 2
0.309136876220587 0.802608894055125 0.891457673476312 0.122127668127188 2
0.137046077237237 0.853188634713775 0.828220946755678 0.418151270021461 2
0.758846597279512 0.162910718684661 0.8947421246586 0.58661106863175 1
0.969453350700753 0.178821547341537 0.757283090012199 0.544293387168309 1
0.286682008226279 0.751989922954053 0.760349772793357 0.239082520896708 2
0.162669542634296 0.794572641178264 0.729998267188617 0.159538921916846 2
0.483454044978293 0.518427972710963 0.898773220664508 0.0884845948906868 3
0.458938363929966 0.572756914867524 0.749195391020208 0.136115770500751 3
0.123141766198285 0.814493859507963 0.98201321664833 0.187165948160787 2
0.90744182290181 0.212464533311553 0.734577612827687 0.503477017318771 1
0.888350000912206 0.137084215801907 0.806072044469869 0.386937955996324 1
0.254244417366914 0.7761020508062 0.899407528008988 0.308935227593354 2
0.426548656997883 0.504411482419498 0.756635759139783 0.195068686084109 3
0.470558239018021 0.589161531739241 0.707237985559019 0.0242599895513403 3
0.512677102480424 0.456778011305764 0.933609151773742 0.258578272402353 3
0.436163519538269 0.41451096973566 0.869828567233981 0.12407217838515 3
0.11976259088469 0.918321250236202 0.874569964555963 0.127472618665841 2
0.103833317955656 0.951508485202078 0.786821734716851 0.23872818252627 2
0.436437895590898 0.485807593682641 0.756226820020429 0.152033631235513 3
0.158221353126886 0.809519792153654 0.809968722542053 0.183926465502026 2
0.194362977499939 0.870708442926611 0.782767428203984 0.157325723908667 2
0.216474170354417 0.79217074550491 0.789476177907763 0.172646302151328 2
0.181253613329866 0.903522271412988 0.9094306634026 0.162108746200035 2
0.0252029077370176 0.816209042091896 0.900863072381774 0.0899862059019005 2
0.481065383239915 0.380796340473759 0.850026871640358 0.16825530045859 3
0.4753316286444 0.463370002414904 0.907740688777331 0.251899930703125 3
0.249657318458305 0.76880672644773 0.862488532693225 0.24534712878917 2
0.123415897787466 0.842441235334003 0.856215774600844 0.177682572992184 2
0.461085659115119 0.48674259279448 0.825549924229812 0.0791596041521899 3
0.373971005378991 0.707469680370313 0.750365064051372 0.185418004176178 3
0.42991357417602 0.390598625328704 0.769193066977606 0.161576709386753 3
0.223749212718929 0.84051855777891 0.928259184110851 0.232474450018546 2
0.807623838933463 0.228400501999226 0.834935798290474 0.518662958070166 1
0.170385636653451 0.784448348568649 0.889608275826526 0.336243260695468 2
0.443502319734599 0.556296001757091 0.793406697069154 0.071611918398868 3
0.50738919034527 0.449716929541454 0.837560482487884 0.157349178794486 3
0.412887326521922 0.51470769657459 0.839793569026213 0.153807188672433 3
0.788738471939019 0.295579113533719 0.757505988750161 0.616994285063266 1
0.391233808481141 0.651058330982601 0.832146130992887 0.145183112101947 2
0.124189061339381 0.759652525923689 0.855914426423635 0.0707042188646675 2
0.47695138907425 0.393085742312616 0.879660296049308 0.196452151069552 3
0.718217178683367 0.169972323155931 0.732189905638516 0.632971544523957 1
0.929158648735924 0.132533977689411 1.02658029582078 0.515442965526837 1
0.242368918639621 0.860534627907798 0.83648434111857 0.139596417771353 2
0.471831005616537 0.485501787329682 0.97645153777936 0.18939787007931 3
0.50144997205992 0.432048946109646 0.829206898054925 0.155762175673401 3
0.201033132526749 0.756280077005216 0.817161169817702 0.280487753054341 2
0.73418330724464 0.289274859612168 0.796402188597871 0.504115433371713 1
0.807073274895029 0.270767536102627 0.828480313744429 0.690455693509177 1
0.611883928606796 0.497035577727924 0.840788746897642 0.122076686279915 3
0.538344798856686 0.453913429566945 0.858710904816174 0.133871040198813 3
0.51082129518389 0.564107627899174 0.871337308525588 0.217664255530159 3
0.833483434055012 0.130316374883748 0.860887661705167 0.461071448324674 1
0.179067673621571 0.750666081721234 0.833784242022736 0.144152085415414 2
0.357960874042549 0.489100610318085 0.676745898946921 0.259840899501719 3
0.482416331040561 0.484182065188986 0.839999433559407 0.214418827428727 3
0.800881596808694 -0.0087399721195302 0.939300993573665 0.382696128547925 1
0.876539077524608 0.162385600823833 0.804849168403223 0.408131637444911 1
0.110201344736176 0.803195333708084 0.95421636946593 0.226824117308474 2
0.488029450561223 0.515504699775718 0.691912234305437 0.222350351070905 3
0.529788079501749 0.500671924267181 0.800287636965759 0.213657843646904 3
0.313986955198128 0.898515473260369 0.774456804086295 0.153406140715572 2
0.138135107527096 0.918248496530443 0.837985434471226 0.144081978112129 2
0.102494751089774 0.756674484360826 0.760201379390087 0.0348694371421344 2
0.21162855991566 0.914707899566288 0.754333446683344 0.205639582029857 2
0.0683001476786614 0.761324055059927 0.81303232380886 0.132794035832538 2
0.156284365567183 0.947332908921402 0.826450222349228 0.183947760560507 2
0.371459118613531 0.466614870562283 0.825030270561028 0.285830842849953 3
0.55845561499542 0.425027666102149 0.828766940671467 0.139112762034811 3
0.472265351983005 0.534188117682047 0.874904200474771 0.149613409272174 3
0.524625166409798 0.535293372909441 0.809177733135976 0.323392348001376 3
0.546202813827945 0.536506458946027 0.80154305726427 0.270676872075381 3
0.427476866015489 0.503852266130653 0.90140607243954 0.126648101375016 3
0.635088585637641 0.246181059954162 0.753382403777514 0.580914432098177 1
0.173095395288247 0.832123448156429 0.915805673701954 0.142209956653281 2
0.194385149377853 0.854296386773365 0.757343436804404 0.228658575970254 2
0.134234568349013 0.697695448220959 0.809064056961054 0.248195630201058 2
0.211381402378672 0.793069676553586 0.916999725887444 0.13870166019531 2
0.856897937497206 0.071055149638672 0.797912639993399 0.646809565837233 1
0.518210095025708 0.35165332381623 0.818740910396052 0.253437962960232 3
0.517002492631089 0.454741621059927 0.824633969682541 0.13312685257705 3
0.110392973915011 0.851413782488068 0.802871590448221 0.176613508890796 2
0.16242587270926 0.879072366461912 0.83983568514348 0.206938015148821 2
0.989541205125458 0.19380740494064 0.889715698568893 0.603679625741043 1
0.532932475288252 0.596893064327134 0.804998323727021 0.151792052180942 3
0.489834113736904 0.323765305223749 0.911986850662571 0.262758211365679 3
0.0855726213911101 0.931396039692288 0.806750012521973 0.1778586515534 2
0.129278109608369 0.884016254846045 0.661568744468348 0.141006991138501 2
0.646275868512816 0.558833427922001 0.725683937108857 0.183343056223247 3
0.509043894935712 0.597547556361571 0.893743828283041 0.077558126609086 3
0.143419160153998 0.825126279665752 0.854320152820156 0.0687097783866645 2
0.394032586239456 0.419519933698312 0.83830939412021 0.218795253379578 3
0.751073523244326 0.162771406637141 0.717912947429098 0.434746838293916 1
0.217828830510653 0.827096478042072 0.70757345805882 0.239985603175503 2
0.100169555323803 0.882894212802703 0.924633630860092 0.143114451397435 2
-0.0233533711130705 0.855062029028823 0.833560379188672 0.190460661196199 2
0.458020453724113 0.523294749825837 0.663827551639475 0.162280208810893 3
0.850480386991291 0.15827759897559 0.8224481178873 0.329779857419859 1
0.536473536033749 0.54644491211243 0.76245807274478 0.207346339119409 3
0.215172206491829 0.915141524175557 0.633236394500459 0.262130482130455 2
0.498066862268312 0.456295973314611 0.885351479795195 0.292177363973035 3
0.114975783105393 0.850960577621573 0.988942774190897 0.157423839664954 2
0.356749683291502 0.521788243923145 0.836384691295268 0.14823496087355 3
0.20042185924862 0.69355228124024 0.796195119484946 0.271008409801856 2
0.146887407153911 0.822944320341361 0.814866084667685 0.0382166334575756 2
0.264571581159755 0.814489636938522 0.767010026251509 0.147068481400148 2
0.284922535614529 0.790876746308662 0.790599892911163 0.143172095344335 2
0.167654924823701 0.78410320534698 0.827076180662901 0.0138985122990151 2
0.503212644221618 0.55478105550149 0.815809399840105 0.169817701094488 3
0.883566100815817 0.0438341631257101 0.731227920643327 0.551942704109673 1
0.911059543734615 0.102089631654826 0.805321311024266 0.401231261382954 1
0.297691956484727 0.846769431775826 0.830108566063289 0.0846665334996706 2
0.421813673216801 0.443919140482747 0.940502409539529 0.122178807266468 3
0.864323762395219 -0.0403598939329311 0.800180672998126 0.707218110120154 1
0.227868324949408 0.883177813491295 0.757858167688411 0.207889882765534 2
0.239067179217175 1.03083491567478 0.741687840639114 0.130137924989141 2
0.735625625292448 0.161920502350863 0.903757450515049 0.492004871843022 1
0.902499939276311 0.0427442319884353 0.894743293018083 0.585261983359871 1
0.565001040448157 0.627153375801439 0.874722069083 0.211372318798988 3
0.149167770148841 0.785954708547056 0.853300049948328 0.230045351537239 2
0.0822671723990974 0.826148301561887 0.855669511564557 0.167792927942888 2
0.455198268089543 0.47850506537323 0.875666974935666 0.125872320635771 3
0.588155608515453 0.444700653389038 0.82451433663007 0.155318280852305 3
0.208402154762411 0.797012829410459 0.800432296440547 0.155943477756587 2
0.538388412541829 0.54993132432023 0.662129337914718 0.219873441692761 3
0.163585892267997 0.829829306202796 0.903561461604465 0.181617414117064 2
0.472354474524028 0.471827331562697 0.785118440894891 0.146240795785208 3
0.40260326596025 0.554755678293498 0.955882703590399 0.0989824557292774 3
0.0987405453584051 0.805572609426326 0.850202997213775 0.0752493097004195 2
0.472567277047404 0.47644585746142 0.906204142401248 0.181036316180253 3
0.118540412288766 0.917327781506427 0.852757066591196 0.18902713930167 2
0.421710464585094 0.476877852673477 0.904145870034527 0.0979087745571634 3
0.567862132914827 0.585726799306758 0.728212719224486 0.0977130657791104 3
0.162385093126052 0.842361041470848 0.759153289969246 0.134650074052174 2
0.0831812092362533 0.906393046348017 0.929701486415904 0.204036551843379 2
0.562282411591622 0.401447845090779 0.922451387787228 0.0957991014196144 3
0.528546600231835 0.457143838448151 0.875995382299825 0.226237684974557 3
0.53456153923649 0.546727239329278 0.680164171572422 0.157655272174163 3
0.383866603319562 0.529617816643717 0.876101366328352 0.0975238422486928 3
0.105173889820443 0.84216359488202 0.69443339143238 0.195816673643937 2
0.255549856995198 0.730878672977502 0.903162740701932 0.272037003912943 2
0.233174432582491 0.736738421210754 0.833510858975703 0.240488594713449 2
0.41485528500293 0.565686368527532 0.739219416678902 0.198526590254424 3
0.558861223797823 0.657411237585941 0.865059113094663 0.290714686351347 3
0.520184609566424 0.524158175247631 0.85274082450653 0.22070240647122 3
0.298859475575526 0.818892158453283 0.836017877382799 0.200622648294545 2
