0.737694739681779 0.39287182636499 0.49217512954145 2
0.61250944027626 0.204351677429076 0.571567890242922 2
0.517860483665235 0.0866171941790254 0.534955816325619 2
0.465506008082441 0.755615711074257 0.952611854557215 1
0.470872421517863 0.835096924889761 0.587548712807823 1
0.397454173843116 0.216140325919198 0.396805058216934 2
0.459608677476895 0.287981273870248 0.533275455961527 2
0.479467713338961 0.160311961956615 0.50124014961369 2
0.435546426776722 0.285244295261309 0.4732962401517 2
0.453657894030303 0.288865847828709 0.464625706145847 2
0.8075428555494 0.58892368429462 0.85485661478172 3
0.559710362573708 0.156956923219111 0.651096853700524 2
0.558476547694675 0.285412412280559 0.479054524875651 2
0.464351312981476 -0.0134612114746414 0.593373051236646 2
0.51082761034463 0.198742952529009 0.63253848399425 2
0.582340879985378 0.75736498902455 0.936291152326702 1
0.437841569067541 0.867418429515678 0.834521890532455 1
0.464265718056969 0.216501427087405 0.472549643844768 2
0.840575315554321 0.604498578439253 0.863651900915591 3
0.737533714258984 0.479130961588946 0.784002214283423 3
0.543802898211202 0.0421624550309824 0.537829396474378 2
0.472365918449586 0.190690093057165 0.57739641634188 2
0.611563812545334 0.865935432258571 0.926894620363312 1
0.759789767783082 0.21147952075436 0.630446730318195 2
0.384792553681999 0.0516266372053363 0.367558478994424 2
0.569288495895406 0.89511988517935 0.819979664944586 1
0.498922872860733 0.130821660178562 0.483221367119103 2
0.287983355451595 0.112623366814261 0.558465490549087 2
0.434340277551127 0.269774033844773 0.499266834235528 2
0.720251670009951 0.499079207300036 0.751481532334897 3
0.448247862915432 0.0693551452871627 0.484410684182399 2
0.334326579485456 -0.0474136452754972 0.513116020727621 2
0.92902348415145 0.459719857501873 0.945606408448952 3
0.389572484510828 0.152453992626872 0.398915961260001 2
0.621408155272983 0.264519610598547 0.505664897445095 2
0.618856834362886 0.247396351745455 0.455144268341143 2
0.4760603791949 0.724259062485271 0.742584760205751 1
0.425064934197269 0.148860237461217 0.426232566377979 2
0.436580792848019 0.722394014601744 0.727176063503937 1
0.373923738979644 0.804083094637795 0.895244144409143 1
0.572106687696325 0.128654760069529 0.434248648706543 2
0.223218094332747 0.0323300672284774 0.600270058884653 2
0.466160383269842 0.822049647632584 0.711400144238183 1
0.33344340818191 0.0981284354792307 0.595100631631781 2
0.501294578211586 0.792875643400175 0.886891481664036 1
0.737329293968863 0.387638054888146 0.866387713013463 3
0.702149665171777 0.163080331121505 0.223464138480054 2
0.619315121122871 -0.0634789752448992 0.636329827280201 2
0.782735344566606 0.495477745581857 0.793346889095452 3
0.640848268796766 0.807970985362171 0.822422801321212 1
0.858826873739242 0.618994428227265 1.01922299017889 3
0.809587782709173 0.399706515509162 0.723510413476515 3
0.497555652984551 0.284461311028064 0.358704560291042 2
0.532836402039915 0.82020269446663 0.916110356791482 1
0.408273642018448 0.119790992921941 0.438394470805941 2
0.470727468137634 0.106957092891585 0.456433133263742 2
0.383221209351936 0.192317470350284 0.630704339389031 2
0.334328868487633 0.706751078394881 0.970604694632358 1
0.358064974217296 0.811882811540527 0.885826389793471 1
0.570400456233579 0.819605322520918 0.856699936091317 1
0.530541263852438 0.132184106983191 0.641008684908583 2
0.335821291900549 0.16703429513281 0.45127661354366 2
0.479175830342887 0.0801945377481339 0.342608699570667 2
0.903163347058328 0.59883984915037 0.883508641658486 3
0.424100387135834 0.117461043025493 0.574667700004158 2
0.646258889917183 0.998547832447093 0.937319714174595 1
0.509640016247785 0.215847737623631 0.379485390835727 2
0.42571890599737 0.848664748406221 0.737045247168038 1
0.551620300916506 0.173316483440422 0.542578256736965 2
0.869091646051604 0.573149270853721 0.830449350580919 3
0.47373485489386 0.928853825121709 0.962842098488725 1
0.31425566940085 0.138359893597232 0.68088364761691 2
0.606283267805733 0.231441792716834 0.452641609115516 2
0.535766644145935 0.182785524337504 0.468456641490601 2
1.03419802977592 0.572325505664666 0.767408471489774 3
0.590157558892897 0.56254186785742 0.764701396141379 1
0.369932557861581 0.236145545755515 0.601123043917476 2
0.55783565757088 0.185716311593591 0.598420941586628 2
0.50410124995079 0.893619368808553 0.892607797946965 1
0.381930085630111 0.898834905035093 0.838529148190853 1
0.717932292469265 0.441323281005185 0.731390640831364 3
0.812780034151685 0.47032201484133 1.00704397055942 3
0.448053107549281 0.839576406851458 0.723653765029237 1
0.37461880872657 0.202770053453556 0.385729870613976 2
0.597694834371266 0.210802076327687 0.606565380831034 2
0.965259240041715 0.632176010584831 0.864551656683968 3
0.435541234636296 0.887559783273247 0.900980178314932 1
0.809336495100113 0.539227412711372 0.953410571028126 3
0.586866667494665 0.367964465566982 0.653044510296982 2
0.407056460715697 0.223846334209552 0.441842277239595 2
0.897893199524422 0.393180505454488 0.856314029728649 3
0.793423749779821 0.454224328803391 0.966819028609093 3
0.372726663539645 0.902694186446703 0.781795873127494 1
0.547007995097883 0.174804702200732 0.519325848139107 2
0.55510229282162 0.883258715748135 0.828583356994997 1
0.565739637506067 0.280040479076095 0.542071771830755 2
0.60208345088858 -0.0486032404956942 0.337955421666647 2
0.792315844838859 0.482224378593826 0.804718165244574 3
0.55739040985773 -0.0400777804759607 0.562384926196076 2
0.459197027487553 -0.0015669501434315 0.476605140071927 2
0.916837722230553 0.551514730119564 0.753057094084549 3
0.787200648001992 0.42377292658881 0.994395289625577 3
0.498841347136022 0.887677147709802 0.844438693506672 1
0.546669309795198 0.305994472715936 0.516420807127147 2
0.604445441492802 0.172225517371618 0.502512177824227 2
0.494037707693065 0.266115109340131 0.567842510563278 2
0.608104611249116 0.95922299054157 0.914141807694635 1
0.734967066803189 0.536187665111967 0.884266367882395 3
0.45786921615076 0.0163328349588649 0.485671345001595 2
0.471915557710532 0.16239593206256 0.470830120865836 2
0.396019612954254 0.21888433430554 0.363131711604476 2
0.934213840962669 0.586296896975163 0.790873052670616 3
0.448545911005031 0.285011873662315 0.521464487842695 2
0.440515713558783 0.92926354537007 0.89658545289623 1
0.850797584816853 0.680080068523144 0.916729118569462 3
0.628979049077591 0.0790716125640823 0.37175218043086 2
0.777905756125228 0.122295098770803 0.565721981905564 2
0.558330224114623 0.174840785778072 0.682346657426887 2
0.562414177606334 0.205885220204603 0.705423091245735 2
0.592825456552807 0.84863823928813 0.838434868891159 1
0.863959637761206 0.609692645607482 0.879162722718038 3
0.448910924011133 0.818308079891736 0.764245289130861 1
0.547358514109596 0.703483326217893 0.791073081921095 1
0.626610827209885 1.00227247230949 0.834149048579506 1
0.516315557999547 0.205574730599434 0.472359020708747 2
0.591372200861131 0.235931653344603 0.67049478206008 2
0.53716296313903 0.0694071260795451 0.633520584514177 2
0.62635206271596 0.71106197686883 0.786395802623282 1
0.744541682076225 0.456364581764462 0.782530318131518 3
0.429302542504152 0.766020388238353 0.812193748319675 1
0.504421956537264 0.798251976585614 0.834310778700196 1
0.921002725858421 0.441705699448569 0.872053287952368 3
0.476417386044811 0.141295549426575 0.484440460758804 2
0.266440286118538 0.135679438363379 0.484972835970444 2
0.661164600556126 0.924693831281276 0.819377578685741 1
0.469413231944923 0.0504861975783096 0.410073888444605 2
0.841755934776003 0.490820774432553 0.899324697553189 3
0.48818047773661 0.90678992143218 0.817245963651778 1
0.583602710678276 0.208628593725032 0.424881560631512 2
0.463684663645042 0.224462609926001 0.353690734332078 2
0.77990963045294 0.553200984827264 0.807387292424666 3
0.547157518373166 0.802470846985971 0.785494383122884 1
0.723537327002595 0.356334520471652 0.821164465832695 3
0.491296432881495 0.192022553227166 0.569023115123801 2
0.333531098456907 0.0526913090929145 0.524906491823747 2
0.405971141270154 0.813297132855561 0.881366198841374 1
0.355766351367538 0.903110542115841 0.864891313903198 1
0.43607224647003 0.278031101222044 0.475236700259637 2
0.729921696280176 0.416843571009385 0.739841006479204 3
0.61061673519994 0.185514484277901 0.458244678407074 2
0.43595254309355 0.207991047485777 0.586703103840223 2
0.70981788412996 0.12099928505944 0.497893357065898 2
0.754948590806546 0.322527216148278 0.554299260209915 2
0.715152377209221 0.697229478126446 0.77769176450312 1
0.907173263387841 0.598778507443549 0.814842149934663 3
0.489506382635383 0.215319492963321 0.53440627991722 2
0.544796238127636 0.220453882492794 0.486600042679939 2
0.835313553066963 0.569429409238735 0.819499778705643 3
0.449904054734397 0.102232501908525 0.489918332162943 2
0.630236566557417 0.80474224869166 0.790934075208498 1
0.532159407775446 0.181764356449027 0.322547960162239 2
0.740232209049035 0.650638880701719 0.788327068306124 3
0.427218551649707 0.754795737120933 0.72795074939566 1
0.534168563942301 0.0859905906910142 0.529094704521811 2
0.496318035787181 0.909096780112573 0.779589958040868 1
0.689490266807148 0.459800729484814 0.82537073740993 3
0.437439851359442 0.97513003541335 0.768920149360347 1
0.888008032112185 0.49802903891513 0.723209391520928 3
0.430037473640374 0.236534995075387 0.548344490226954 2
0.44791864561724 0.257827937288659 0.446599066067856 2
0.467064406051744 0.290312605059981 0.599300615980758 2
0.484321132392162 0.827882711142958 0.893522999984975 1
0.834561041356635 0.494743155277184 0.743862453541606 3
0.388904212676493 0.231701886122475 0.52044454485113 2
0.521416868245217 0.800369931843042 0.794627871238413 1
0.399333592762933 0.118680229923103 0.630818161772 2
0.497996911889652 0.20874130011292 0.336670149963394 2
0.890733081898308 0.49213187112786 0.859512311372699 3
0.475518246581053 0.817918591010142 0.836618068927663 1
0.422888045981209 0.233593768964176 0.307799572470984 2
0.511152928100327 0.859320879309565 0.865004171773474 1
0.445185365538601 0.168742008804972 0.570604463854345 2
0.782876945595734 0.488703619907663 0.787065094255694 3
1.01461325023308 0.461274507949204 0.882134063993254 3
0.514977236156997 0.194435003294801 0.444787291164653 2
0.777221130556688 0.471049439639966 0.866883705558673 3
0.47399089262761 0.895278703474641 0.838078017509801 1
0.582228579708209 0.184382788814451 0.402812560362657 2
0.837687109031042 0.623814612887566 0.894966534633953 3
0.5488527616037 0.727552207124077 0.747951575706755 1
0.333282980665268 0.752942500591103 0.761406773440811 1
0.360451359726783 0.108157911879163 0.310526748144439 2
0.418038968363522 0.824163418063508 0.974445543182278 1
0.56060836218829 0.786280531648537 0.799660969439388 1
0.750203574757442 0.557549023494371 0.945969538647608 3
0.453640069499035 0.120047440672735 0.465398844899097 2
0.564139699958657 0.138463561313025 0.713443496352783 2
0.501270610329728 0.155151439195175 0.568346452268709 2
0.729106348569208 0.489152306104878 0.838404709895284 3
0.59524308140052 0.915116161939563 0.741985081455465 1
0.856036643019961 0.464827291914568 0.921300093229638 3
