0.813832038707859 0.888991425815781 0.190177619705122 2
0.833532664746936 0.832428257307056 0.940990498324633 3
0.720211399482279 0.849630244769132 0.104411338054477 2
0.834436154130024 0.898733586587538 0.152300929520666 2
0.554969271600964 0.610582280472354 0.110266658938055 1
0.778906525541736 0.883386838122658 0.894851551777252 3
0.86881349184388 0.96959051036742 0.933131886370998 3
1.03530663589454 0.618548082521511 0.76102130777259 3
0.887962293401983 0.768438316055415 0.143502070942845 2
0.375922135426611 0.484454001084914 0.117806196242042 1
0.443939862456698 0.399898099067215 0.146503928103781 1
0.864360827914197 0.861855614585661 0.681748740678081 3
1.01347521108153 0.675014197892203 0.644035299964013 3
0.552368996573829 0.484589865848626 0.0974459659896654 1
0.853702205703426 0.991051563503443 0.11738151561883 2
0.659814923213744 0.921689347064983 0.294879289977893 2
0.819193342282951 0.851245427880324 0.0605247901465497 2
0.760454184399734 0.971143414398544 0.176049261582416 2
0.742228161225045 0.711948614953168 0.838105681992762 3
0.56612622871814 0.484222287031038 0.147725287450652 1
0.85599954745522 0.692390942691204 0.0986949502055206 2
0.538820664818466 0.448246295411487 0.196593156732779 1
0.937791455731778 0.804099837972393 0.822754021955099 3
0.787709995173406 0.769159202056213 0.831123422595328 3
0.859012677310855 0.782961497998237 0.225472717627905 2
0.663686743898369 0.799764522027674 0.940743608441579 3
0.84822614896404 0.870973935904193 0.0507381183665431 2
0.944596970215786 0.760734027086891 0.636902705533041 3
0.853862012042304 0.753396628197068 0.921991902657888 3
0.469692756478773 0.528103637986506 0.231666661341236 1
0.379125049179488 0.506771336263906 0.239193223068346 1
0.638027181209522 0.317241191245693 0.244929039447488 1
0.673853287986714 0.604097388817971 0.0105677747275614 1
0.751412351056313 0.898713118528465 0.823744282710797 3
0.795766152642174 0.818973396285118 0.102994932212605 2
0.833922745807127 0.736399752835813 1.03131520167172 3
0.890355166398151 0.970817626677676 0.965273165140364 3
0.808595469390609 0.723340489158604 0.236480417978444 2
0.827560650676697 0.889908737935181 0.173626524563931 2
0.867337571442691 0.740753915308207 0.103248837652969 2
0.510047771208303 0.581367194971964 0.165798366688746 1
0.755425926392388 0.874758397812866 0.178040014865745 2
0.921780775004162 0.748795530202449 0.110103590239173 2
0.527411441877681 0.458268629651393 0.251052759296729 1
0.503841681686436 0.524590672733803 0.0989466269770065 1
0.874158756873151 0.871010473981983 0.0965862293786369 2
0.68981485704365 0.653761339862998 0.200992981647933 1
0.920152226243855 0.761531333832021 0.134040492507096 2
0.456983005547842 0.426948840918468 0.162649932253817 1
0.904413747108907 0.732807370437636 0.586630406291918 3
0.767937934623656 0.779259736006083 0.127699614152048 2
0.413992314692005 0.369579594450299 0.164829841223482 1
0.90797359490124 0.812687658157495 0.271496705176137 2
0.927426876060073 0.689038469193826 0.174032668745765 2
0.600206191386656 0.385284198441549 0.196432474751691 1
0.60514357719484 0.480854068390414 0.224432175362675 1
0.514337889342008 0.409640210395698 0.168867407211764 1
0.796414654127456 0.853342774976866 0.270307467311333 2
0.468493294625377 0.421337360494941 0.158174858573606 1
0.834100805357158 0.698664236063928 0.0555156538950504 2
0.72629827878591 0.579628929532111 0.252050612181956 2
0.82962110986777 0.826658487246733 0.168703350363672 2
0.578304297435985 0.433189193888178 0.176099714640989 1
0.706383319130946 0.7790506636155 0.198524172920603 2
0.927704237944163 0.693848184114353 0.854828414357762 3
0.945688806489878 0.824353747703603 0.0915319266636965 2
0.846246410258127 0.708693146465684 0.156332470804092 2
0.485724207536083 0.472920060476836 -0.0338907357641401 1
0.82971983766978 0.819969325603054 0.74013940349943 3
0.828884891644623 0.847261527809374 0.201121535086142 2
0.695024908554155 0.829244462084944 0.0439541044043281 2
0.459887338074649 0.426930265845981 0.157627751434688 1
0.519940365504318 0.523743747659535 0.0985155991982744 1
0.848268978032218 0.964792822970252 0.31622051265196 2
0.709237281114041 0.730830875956213 0.189389830057221 2
0.577173676623133 0.614922302466456 0.039908958665335 1
0.846415423089134 0.884622698069792 0.145811200436559 2
0.821269694610847 0.861180958036912 0.185916237632271 2
0.475450134056625 0.496411939589746 0.119231508260481 1
0.782364780265947 0.755347758419766 1.06062056613682 3
0.803826583430747 0.759704777180137 0.322711674191023 2
0.541554519705078 0.522795729582349 0.143933982555042 1
0.776441614205389 0.571391370139328 0.314748397731055 2
0.913472533041597 0.894353398509112 0.538492372130896 3
0.472496136121575 0.499272589626874 0.197916240805899 1
0.927537094320155 0.654822009962571 0.158378049859484 2
0.562158899906062 0.546546525016181 0.168610653306606 1
0.760027128836571 0.75286558470085 0.221617341854061 2
0.884992241887919 0.724092865734318 0.156140384170996 2
0.918756956875705 0.751878401191928 0.181178076556884 2
0.938777483023866 0.915872204863371 0.137543175997404 2
0.898824039627248 0.718742645904055 0.914515103986528 3
0.433974354665567 0.47668593234969 0.231276147997184 1
0.876481138168993 0.752620859152571 0.205580976817645 2
0.810030556677711 1.0111912390185 0.264435378485561 2
0.849461040294701 0.752225169543583 0.143285489580925 2
0.695901669161059 0.951506512057921 0.764467470453668 3
0.446080507898957 0.512244362569903 0.126448353635973 1
0.834381104616733 0.900788893381784 0.154056424560712 2
0.590094209769902 0.538366225854926 0.0345182128788906 1
0.740291677585941 0.879672835084925 0.163630662892606 2
0.832757202765387 0.74534531588969 0.643779151664328 3
0.807506062061434 0.820260199498726 0.248275175034895 2
0.786773950564583 0.866501474071426 0.19754941151669 2
0.835615818343952 0.839142377668729 0.0910677307518057 2
0.771433340342991 0.779437435363922 0.789854193836929 3
0.531793922437426 0.628157845642905 0.245479044199881 1
0.669867561274031 0.859438120833714 0.196231844588414 2
0.6010826384307 0.605961898052287 -0.0390778864512386 1
0.844448171113123 0.744385078363411 0.859054509024369 3
0.390689494262762 0.483528482519591 0.00360528739175922 1
0.819125285091039 0.682889483342721 0.185641353004479 2
0.809237770846589 0.738243548338562 0.959807992495531 3
0.410423588334187 0.485694350493101 0.127295979043414 1
0.801360760650527 0.906992054942164 0.204360725634579 2
0.375423305308726 0.522783273146511 0.274400590896493 1
0.960883126956395 0.724693681796528 0.208846254826121 2
0.447913114187301 0.520970369103567 0.153790581550313 1
0.866527618451739 0.900891888133978 0.17055571884393 2
0.856695630480843 0.826134721076208 0.356955055890228 2
0.992133501428027 0.950514836867938 1.14366501748484 3
0.742690087642939 0.802573475098644 0.656719521404972 3
0.698548894662916 0.677224211663914 0.112748138037433 2
0.534331799270637 0.36534157058138 0.0872829045128425 1
0.766470283337659 0.805832999948687 0.132098321692296 2
0.856029983417419 0.870256772082364 0.139088876072637 2
0.745848886100269 0.764672600958452 0.269530434489961 2
0.570048677529524 0.386681221821929 0.195816402056195 1
0.841339601808557 0.877927194209078 0.183577565590871 2
0.901471240997709 0.81232653413945 0.142330100448113 2
0.903133367337167 0.818320930478171 0.0221594889697322 2
0.733839919808873 0.730856826517124 0.752989817176487 3
0.771062468087905 0.727461345799896 0.145363789522466 2
0.510864563032845 0.631917037873495 0.200179847016417 1
0.331522655435941 0.461565221809073 0.249378461622421 1
0.77432116484607 0.866469152031423 0.112628934128985 2
0.843420960204154 0.780199427433079 0.184944233217957 2
1.04491529609777 1.0268408482192 0.789166211614953 3
0.888665891438816 0.663698075333281 0.234883860139907 2
0.600067048749342 0.422689870892341 0.157529127787636 1
0.811321395926893 0.689790424221335 0.60969144859391 3
1.00310089827226 0.8214871294538 0.184734055894903 2
0.862323242399708 0.831553182686152 0.127907867430911 2
1.0010613960029 0.876142544363112 0.210194799382414 2
0.752822466989349 0.837165898821346 0.156545803115282 2
0.903992192452185 0.9042803697375 0.915736086078441 3
0.693367112873809 0.803327715883679 0.294937912484243 2
0.453189905377907 0.480901773910466 0.127116390357313 1
0.825428280585905 0.909904169895541 0.735656751253013 3
0.926989153573173 0.896407742917358 0.131654201716619 2
0.746457052759892 0.763710363808032 0.942410418542398 3
0.973989949723049 0.644467731203156 0.789069233964315 3
0.880669905658492 0.832822294609531 0.198652144217037 2
0.728775668875433 0.658096749819861 0.215315050271188 2
0.755987281110762 0.758598772767109 0.226619055424206 2
0.747075397526655 0.807024049060141 0.107514110798512 2
1.00305467049488 0.922702048295735 0.828634012410094 3
0.730760757428643 0.856427011978474 0.983993559823849 3
0.798359833305531 0.904554861615587 0.803856547373591 3
0.95255819035643 0.859585061866403 0.782834906918869 3
0.740174884425397 0.901385046326861 0.0875898897628997 2
0.837096147426665 0.773080328647025 0.765069009632248 3
0.75377406299762 0.951357966802952 0.23565956588936 2
0.863612396167701 0.758258868531464 0.195373550303043 2
0.810039873982085 0.79911090547294 0.736614963279039 3
0.720532189112763 0.776626704774913 0.0859731832655332 2
0.859306790857018 0.803168009560977 0.205563633798005 2
0.701832806979206 0.827161289310345 0.178433300657657 2
0.836248393146568 0.919796705521866 0.904992606329971 3
0.929072391800575 0.819592564879699 0.0208019017095495 2
0.840430205495163 0.729410682364652 0.923682620919812 3
0.805043258327845 0.860534463346139 0.135994330265905 2
1.08968733419979 0.71098977240542 0.864566506537909 3
0.651978245627111 0.770897593928818 0.9933762219322 3
0.801541160157675 0.934454324772261 0.187035116078316 2
0.438774079202886 0.574926049810147 0.101850112785451 1
0.767820191653689 0.787235198150855 0.219055823233874 2
0.776421061129657 0.780291340241621 0.19674400050776 2
0.652679910922995 0.806884371851713 0.734767067501913 3
0.740989193938961 0.746383396971742 0.117490598944462 2
0.795525010738267 0.832984487087676 0.173978642539991 2
0.563554688388628 0.893534532068726 0.705316791740095 3
0.944330571823171 0.9375900373883 0.903110446193234 3
0.975118412968031 0.726992200748988 0.76990785184805 3
0.744426648495377 0.784736995588496 0.876168231494698 3
0.501430106961274 0.481661982957686 0.032752656574456 1
0.895604884506505 0.822411172553719 0.315443321766174 2
0.868240603908962 0.818041664286901 0.816165929035542 3
0.869525244846332 0.716131265128943 0.00333355491332571 2
0.79913842279982 0.880682655904607 0.142553615128237 2
0.7933619534954 1.02247996535237 0.159405556721287 2
0.944572586054079 0.724815172757898 0.13372755982878 2
0.520044937766174 0.484766660897646 0.175294741833926 1
0.766000299145955 0.809086530530644 0.705642281637059 3
0.600023113741913 0.426772564570167 0.141910003874486 1
0.871827444590734 0.854562505511416 0.212110339430936 2
0.876905287151653 0.695570355216995 0.823787449022448 3
0.939146425485181 0.863775215978484 0.799193385694851 3
0.863670042590216 0.809868075384543 0.0957931216876809 2
0.83011104991989 0.99369115946057 0.0908771668919324 2
0.765325156365878 0.8273965503444 0.958024909903856 3
0.647062995085071 0.698122969365062 0.74239803778699 3
0.520623759508422 0.573531651608183 0.189837931791899 1
0.759322907136158 0.800586452657173 0.161707378647305 2
0.752618145612099 0.905709787216676 0.0335353529031362 2
0.858914518288614 0.91132477297928 0.104279253959506 2
0.795356574797058 0.888250756182792 0.0891158219385138 2
0.93795469756278 0.891618481724362 0.244709961668024 2
0.998829172131188 0.922781469333422 0.058551338375819 2
0.40898702980186 0.400928022444515 0.142480156219979 1
0.97347816423178 0.850679548982634 0.916169755286088 3
0.890125974326311 0.851643877723532 0.241307869588735 2
0.870412058991646 0.70525378603641 0.18296884698634 2
0.825458099886992 0.619597479369313 0.23495750653996 2
0.806348796463869 0.775133410340512 0.112897540363816 2
0.736074318132046 0.913899915816356 0.148404445363193 2
0.616884847708113 0.540581242617138 0.0990958139878976 1
0.572568737981606 0.6609408293693 0.138956958137754 1
0.801777696701092 0.809750310440467 0.225012420415562 2
0.516050659496303 0.535199405283992 0.365695395910058 1
0.506308543746854 0.30326297692848 0.255431608536287 1
0.846121864149792 0.843249798887348 0.133736865070781 2
0.981411923151301 0.823208291101134 0.285610461097425 2
0.712534249834009 0.977659206428645 0.8962822283236 3
0.519220412165931 0.404926819724272 0.177267729931014 1
