0.552729624456265 0.856410749464075 0.500805364334571 1
0.725489133162927 0.845983627377203 0.191614905715505 3
0.762139542839449 0.808063542082614 0.329129309996665 3
0.085286791889226 0.717909267879831 0.117928646270702 2
0.0427658754425192 0.929139975682478 0.137649630768177 2
0.963854630416047 1.02062115018613 0.271551058595421 3
0.630945561977174 0.756294797941354 0.553960750063868 1
0.809166514624876 0.73784066283242 0.211460004039057 3
0.484489576945963 0.802376980914372 0.537019414948318 1
1.05352966941457 0.952482671053703 0.133012491940413 3
0.78604135046298 0.83421704878067 -0.0322565721389451 3
0.761709365160913 0.883015527927254 0.146955032978308 3
0.866030487083059 0.781999757445466 0.234901199251889 3
0.814501252666458 0.83346488967693 0.320999690993213 3
0.573644096344842 0.771706570652488 0.64784668896121 1
0.236799789988718 0.763516857376308 0.015819597008938 2
0.942721898114835 0.876489458863232 0.125989457720684 3
0.893484455879059 0.778799604627573 0.0279200663728756 3
0.220396115424588 0.80155038594381 0.232759999361283 2
0.962831905451658 0.911478181196021 0.170063434835752 3
0.470177015558903 0.888835528664402 0.533646239859903 1
0.460231605144168 0.722594323924214 0.504763497188179 1
0.843809214139255 0.893952391855734 0.149289291463138 3
0.0817803908793319 0.950844526113914 0.225094817906687 2
0.785281287128713 0.790050503134367 0.157727990546743 3
0.166185648715438 0.831157575034385 0.220579304245692 2
0.856336395571994 0.881703830175821 0.17143522657797 3
0.767918874337095 0.767531503887188 0.241903487419283 3
0.103501597297345 0.9220756943143 0.146734333541269 2
0.767803845453861 0.736937722424194 0.0821455681870042 3
0.465564182490194 0.756253526467887 0.394155608121244 1
0.865470224829352 0.970722517365232 0.266530809649323 3
0.228008516845166 0.812466953218329 0.0957888927684665 2
0.799026576750672 1.004262925471 0.107575411430725 3
0.984760488435399 0.836148272088419 0.178427877502331 3
0.872163785459758 0.770700717027937 0.178782037966014 3
0.45720794880998 0.880996896145028 0.504263896231614 1
0.740300102539015 0.707544483092645 0.0679512517853219 3
0.775906566945345 0.98281296634511 0.174983807734811 3
0.916224366554819 0.822826926198704 0.17969709228894 3
0.0940716105825975 0.92200752970228 0.200675274717166 2
0.0443555532925991 0.696411779821784 0.0602271269695302 2
0.59537696352662 0.841784710133598 0.363726670179653 1
0.238362837841026 0.828742899166882 0.148756840859536 2
0.264263830685932 0.914642219242074 0.285587121174679 2
0.629152600373067 0.737801505903402 0.49243744043302 1
0.12237550477901 0.787674273724723 0.0334689536007165 2
0.960326596667229 0.924820591888539 0.0370128978820465 3
0.0265187138748544 0.872190023436811 0.275082751865112 2
0.239703944798446 0.811972522974189 0.197797746379911 2
0.744246887087814 0.829066205305693 0.102990822339974 3
0.870603866181381 0.843696122650296 0.237299103322145 3
0.575007680824024 0.882357732598519 0.689652275675041 1
0.269801003362689 0.817019494464182 0.147106516830103 2
0.935330840289785 0.913902650455948 0.188693585046773 3
0.869572021586059 0.758387084312257 0.16077327380758 3
0.470710196020564 0.919532955459911 0.523684130102222 1
0.0229928598156078 0.808255334448833 0.0143015790645114 2
0.178974892409532 0.831449277784887 0.19536984956427 2
1.01708424098093 0.931247684385993 0.192518316316207 3
0.745824635098271 0.792313583242087 0.232648836652637 3
0.354420715674137 0.812341119810744 0.477462185672318 1
0.105769918597582 0.767648888855898 0.115879540697612 2
0.585916527516939 0.672319878698567 0.605396895177294 1
0.870334472264344 0.612608456159056 0.141680496341155 3
0.181294149286941 0.837833413860881 0.224631556486351 2
0.877281835539037 0.792766525950542 0.323193366497726 3
0.250887761652292 0.872258102415038 0.0961264909754271 2
0.257916689796573 0.916047620034885 0.350870380935179 2
0.652887506386592 0.707623079757106 0.137795223267824 3
0.763422986743592 0.941056730913672 0.152584906483653 3
0.892387469277828 0.865052571623261 0.106771808767261 3
0.868760965904506 0.699930875168712 0.234720421777826 3
0.538234524602949 0.726995974147803 0.397022510440497 1
0.887740810248749 0.913182206944721 0.318028059057676 3
0.159408957703409 0.879969840555847 0.129800819289476 2
0.420354196117377 0.914170490406238 0.62199648959679 1
0.221454811722678 0.837374486053369 0.217898976263016 2
0.207174494834481 0.777599053080238 0.182379455645906 2
0.443073911065092 0.912530127180309 0.395503370822201 1
0.0613663224967226 0.904229183299679 0.319103617841935 2
0.387782546839479 0.809130439545397 0.533258188395414 1
0.112110245571313 0.852784301048754 -0.0319877013234861 2
0.228854587745283 0.748316600206712 0.108964856942073 2
0.811736315206455 0.852297887328353 0.112754155094654 3
0.782304661771325 0.943894384501584 0.0403096935623017 3
0.140470257896056 0.915838867823016 0.21046255403388 2
0.835157929201496 0.700083593723214 0.201611780504699 3
0.44102846166685 0.936175503272502 0.627587430520907 1
0.770311324421836 0.927017996948816 0.255155808006855 3
0.266832103986868 0.880463567237864 0.153517421823119 2
0.119239543919019 0.932270001014156 0.181957876352537 2
0.132070662352061 0.878853046120085 -0.00354731154816001 2
0.100825133110034 0.743013047451965 0.0724123519412913 2
0.139880693765031 0.762300616657965 0.340564438829849 2
0.636767131414327 0.779191918398587 0.439593499675595 1
0.427621841161681 0.861972606001536 0.376299960633792 1
0.856709865784109 0.72858153366838 0.011957937293392 3
0.945830191917925 0.73303764308736 0.0594061159475137 3
0.750113366245273 0.760107267967866 0.130964368594877 3
0.858086091372436 0.895146832124393 0.166743634167377 3
0.976099581237935 0.774856039136104 0.350959424815645 3
0.134430998242448 0.858874106153645 0.138026750430452 2
0.809577680959924 0.893672244655089 0.232993697628433 3
0.845938161190712 0.823944130653667 0.206922268669666 3
0.902061984075758 0.823841318225067 0.137206175891005 3
0.833380724805781 0.925352598490419 0.284712789758249 3
0.830753485272349 0.930545350513705 0.178442969649423 3
0.823682195345531 0.742245839849247 0.248251243472489 3
0.0257053556573332 0.75045566195534 0.279708744029171 2
0.759210791315646 1.01044964315991 0.0933483558084849 3
0.0640777859861155 0.782108285388519 0.111761173742315 2
0.306779055249913 0.804296137625406 0.203333170793672 2
0.697340792481735 0.714799297070913 0.225331589893955 3
0.891826668581807 0.817488593585844 0.125961454302815 3
0.813304649125794 0.931903506258503 0.325576449179313 3
0.950475375462314 0.835259389242892 0.185307331006629 3
0.946216417118689 0.806447091401022 0.190562463352768 3
0.936029143152781 0.822493789541382 0.227676108315194 3
0.737880017383007 0.825081537045294 0.0247626865240852 3
0.861283180607238 0.79299135656244 0.148259283075012 3
0.710174771976961 0.775290440412987 0.168327065104074 3
0.767821679137624 0.767895677685582 0.151724810354002 3
0.854375393748072 0.931589220788214 0.239445955347584 3
0.199336258748443 0.76090014898319 0.173494041775129 2
0.480724701353718 0.876769242516938 0.440828113709599 1
0.738878438853788 0.689702640237466 0.308489152219242 3
0.0776075881304613 0.807080397812002 0.185745473045976 2
0.456260659867645 0.633243175410689 0.515799512781158 1
0.151644807287181 0.63897642044759 0.248096705565605 2
0.769177344678955 0.967049694025603 0.137404168667488 3
0.613269299481477 0.784727303209701 0.577196121744875 1
-0.0159841999875096 0.728403661367672 0.281022883377443 2
0.839313969011309 0.936725511735514 0.211683411062107 3
0.557711713748703 0.77256439022394 0.470721770386762 1
0.523275550422386 0.749486662430258 0.44186749100705 1
0.730853277999684 0.77659779200228 0.132165033226307 3
0.92542460598294 0.868721921635141 0.0664872945214238 3
0.854400211379039 0.914465236253245 0.218002042757991 3
0.844363881742106 0.769553735987814 0.339177875083027 3
0.884721525299871 0.836375543565331 0.22060156446955 3
0.187203884216208 0.905864532233053 0.209827939249155 2
0.805622914404451 0.919019471929224 0.175755613156359 3
0.0203538196290124 0.961174833037273 0.394667514466378 2
0.761230551820104 0.933506964507048 0.221926380927225 3
0.852370984936006 0.728515515284235 0.243452219607391 3
0.267912478729657 0.867738000078036 0.223530344570873 2
0.424143829580545 0.769070472647469 0.62085142852227 1
0.872621338486483 0.808225418214653 0.019021195608454 3
0.102432691900886 0.863726651778056 0.0595133303997647 2
0.262668902540909 0.733635345702271 0.144313759416747 2
0.684686977149135 0.707436918071995 0.4180152576306 3
0.249323442178582 0.853004160081398 0.145561890319973 2
0.197672933652083 0.838921294794793 0.2503753431866 2
0.83386267507712 0.755647544610975 0.190120853146985 3
0.200183727879136 0.952095496461995 0.102366197299342 2
0.142794751919423 0.726168690342368 0.183796242140506 2
0.227569728735234 0.716840848137672 0.246565016148905 2
0.54222841776295 0.718272382317797 0.397877581177413 1
0.0775012046354059 0.898796175969624 0.187359671332705 2
0.0442438933183123 0.911671362897955 0.223096659988495 2
0.201162801786146 0.773379169927985 0.112132269701056 2
0.154197266721172 0.780697244198839 0.171737549335313 2
0.46298807316396 0.755529525684986 0.554288868540888 1
0.0863901485050522 0.696841836766513 0.157558191521194 2
0.0259075815431019 0.698936923164859 0.208432173998053 2
0.220668459864726 0.949378358726087 0.166038271371701 2
0.100578628799776 0.758481894571555 0.275522897360382 2
0.816583471610758 0.851354821202334 0.124077281131885 3
0.990940177069608 0.79449370045573 0.128146934002002 3
0.920552848562007 0.732663968802716 0.271058055969865 3
0.674811956727966 0.858548383716697 -0.0914275007400483 3
0.588546150694259 0.871033450750346 0.397765356816884 1
0.154839993018437 0.805889060999016 0.131814563502853 2
0.710533848523219 0.840252517090571 0.391277659044465 3
0.915653806069868 0.941022356826395 -0.00623122974051207 3
0.435154448231876 0.769070977952985 0.625892182903748 1
0.0850940588639426 0.898406921628982 0.14385440877573 2
0.112726045077672 0.707639068668731 0.0963121662316259 2
0.84570840335734 0.735251051818337 0.106519940707157 3
