0.11923102548408 0.866344386884204 -0.0153406681100952 1
0.348557575382686 0.759521577712066 0.181188429736065 1
0.43849764855473 0.710699914278903 0.21019952220917 1
0.722087727349102 0.825194043669511 0.426199079454898 1
0.164949770580637 0.306791952769988 0.544879015491099 3
0.52242631680991 0.0519634799435515 0.799875919880378 2
0.111972435371445 0.848811812906933 0.189798594755564 1
0.265554841407242 0.812901344954128 0.0581147487608778 1
0.414008471988481 0.0344851172161584 0.806660442003027 2
0.232026166207057 0.573785039048284 0.273946213752622 1
0.294987702869766 0.0813638689291812 0.422457109863385 3
0.549218342543213 0.168715062826953 0.915882369831093 2
0.249133086462565 0.222544472213155 0.498613915198443 3
0.436272016998493 0.787301934220429 0.283801403967539 1
0.435409653787084 0.304523625035675 0.765404180074806 2
0.548408211743394 0.649817732334128 0.134626060383397 1
0.442198597602427 0.20935451380873 0.728254384685724 2
0.45345515699921 0.172338116852303 0.723901815741565 2
0.492887427467892 0.185259479643148 0.948706249645408 2
0.558772118538213 0.119063342245237 0.86594402559501 2
0.54448079615565 0.165060801036501 0.822141998770658 2
0.706902079773158 0.698422900707321 -0.0372663347945162 1
0.625011026122749 0.929727781907388 -0.0217065170536844 1
-0.00275192356542392 0.0408364101880334 0.530359728715671 3
0.55074733399745 0.961395218504114 -0.0473550440401589 1
0.533508497861738 0.230364411045779 0.909393261098298 2
0.597972365951847 0.657854545258491 0.0308997759404327 1
0.268903002745463 0.878257094770961 0.0397607041884285 1
0.560768516567081 0.227195183766098 0.934893050194604 2
0.610024637354922 0.813697608628903 0.0620161706128996 1
0.439112017551267 0.272876017238549 0.831199711583166 2
0.44277823372663 0.747157991211118 0.138947116970823 1
0.569554031387122 0.778976001769838 0.26429782593664 1
0.439442665189704 0.221649446234554 0.797048676413561 2
0.203823672223358 0.179244109239079 0.486962458059773 3
0.484928936981492 0.121779383433439 0.877874755744372 2
0.422851200718397 0.678868595195623 0.0541239497165109 1
0.558223169852909 0.0842125822028867 0.838073330221531 2
0.359788658154438 0.0490071047902461 0.979425644175578 2
0.579191905007999 0.164569371902367 0.937293657603505 2
0.209013784869318 0.144424120026037 0.480334678854479 3
0.583155958293904 0.23863225859313 0.943060104015272 2
0.490360027214742 0.230716913625966 0.947589631693028 2
0.505041308353134 0.214158153552993 0.716430356073857 2
0.484305207369162 0.6415029878149 0.317363909374289 1
0.511305604958334 0.892876162062796 0.185907935822876 1
0.510844340985083 0.216788968103477 0.771818739177448 2
0.607363887341099 0.159347797372442 0.89277689716359 2
0.139487956197414 0.107019673713569 0.497111087638281 3
0.578188698768656 0.806706705059291 0.15386913771112 1
0.562801171679199 1.01206049481132 0.230806304359635 1
0.223489020920984 0.186293173545241 0.481617396890591 3
0.513487544678475 0.106370159707449 0.790457977234083 2
0.421678329734052 0.0304107161442834 0.703730111507998 2
0.656628510105293 0.842906125098301 0.311619711807337 1
0.603887765981532 0.334905200794938 0.89672936713295 2
0.616418120743298 0.0675022413153918 0.789149186146515 2
0.23511112577871 0.186450278406882 0.553455487329132 3
0.0795157813778595 0.248309752319756 0.55398898645356 3
0.468705090325037 0.264185648443569 0.752183145009796 2
0.462324405883158 0.300879569921557 0.84619732829054 2
0.46536032762984 0.191094067122019 0.989373775669177 2
0.243409779807672 0.968159637816993 -0.112218091007936 1
0.53020279252914 0.163548267782633 0.869353931961322 2
0.527246728928806 0.70841317250535 0.473281662905557 1
0.59859278597067 0.228650466712479 0.770482375326805 2
0.29636716563843 0.829838329785483 0.349818472379249 1
0.450321916437466 0.22350563041917 0.899225456098695 2
0.682567874578456 1.11776068040154 0.150442833470104 1
0.776296520078248 0.815853226018743 0.0781935411047131 1
0.51791312836572 0.206728602355869 0.815749096058663 2
0.267970489248749 0.271723253475263 0.591133639663266 3
0.466385118760724 0.132366187597457 0.769783346448145 2
0.162094156212882 0.156374690708695 0.450845169593405 3
0.630285187325859 1.01018222606993 0.259481294300925 1
0.353499116562479 0.20558361025072 0.570702452159836 2
0.451733486545884 0.0986183142607345 0.803710762085992 2
0.499652332102282 0.0999966853195774 1.03145441405173 2
0.438728856607589 0.129920717087157 0.919697416447736 2
0.366430312826711 0.774826078789622 0.12577086244606 1
0.535006902821575 0.163871486997506 0.85336116052821 2
0.377787068833976 0.86203057412609 0.435658386368466 1
0.464244469484004 0.268694435839965 0.98492794051333 2
0.589802465406888 0.836690728733463 0.267151201651159 1
0.47076418649507 1.12565558014881 0.1645715679626 1
0.577891883680981 0.0197875063571803 0.800155123076593 2
0.516415210511537 1.08403276257154 -0.0537307287161256 1
0.678596462713274 0.64317075387955 0.246687796459905 1
0.559493507749944 0.255988655094104 0.833675760573699 2
0.416831513302863 0.110364111925451 0.880598934381125 2
0.606266302062023 0.298646496188799 0.95146545087476 2
0.540298702963584 0.317855627725575 0.946614588421019 2
0.479599029393755 0.261107699208875 0.732671304052198 2
0.447671147264722 0.163667926047043 0.900673899165095 2
0.563540040669128 0.787774202569544 0.255641070654319 1
0.358594431021366 0.0989362925865359 0.816673348343817 2
0.156503686215934 0.0877705012859929 0.623818563719681 3
0.544773684154683 0.179991283039609 0.717071274539796 2
0.625712160825934 0.794870576377116 0.176060706607193 1
0.673665038717966 0.721873924715605 0.109713189028061 1
0.498320824661988 0.289616719006451 0.837899758626799 2
0.214995560955997 0.142242877753852 0.398082035514907 3
0.319395212003721 0.170443643964737 0.885091580179061 2
0.559348132160842 0.16654250245226 0.845240698233546 2
0.572984414336033 0.12215948725276 0.675788992284868 2
0.705998218037205 0.189939333040801 0.957258411669769 2
0.0955488204133731 0.123486372497768 0.447342398659756 3
0.532269143402036 0.939822711307325 0.107919374167382 1
0.474457809494197 0.023843477268664 0.826104553226339 2
0.403882599930898 0.90202081222995 0.0619670806376514 1
0.102434716326452 0.185385797883079 0.577861642925442 3
0.466692622493273 0.150742680980973 0.832601349699587 2
0.618321187880618 0.183910657811082 0.646682830552707 2
0.446839904843735 0.233794289181499 0.888385071445076 2
0.491169884277141 0.806784631405723 0.179767379451039 1
0.668780968063725 0.546568484042761 0.334835034209083 1
0.388609215536107 1.17604214508296 0.292380979646687 1
0.440907646983322 0.157422144396613 0.815280036975944 2
0.547454037315056 0.251158661553268 0.884796383189992 2
0.424331177735937 0.191475713702667 0.78213277385785 2
0.563816797312694 0.141781132846073 0.832698991258093 2
0.191029455757019 0.0428809593296307 0.539137022136349 3
0.0493236465959862 0.217007465498996 0.637846007505183 3
0.114128388987418 0.212931124146486 0.61395584030291 3
0.503251320723199 0.0949447035652909 0.739543254444376 2
0.476680834563563 0.122756378500701 0.663772637963316 2
0.268765745371076 1.05929635041763 0.241012945877556 1
0.62659100917768 0.154533885570076 0.723066251056384 2
0.587796570289296 0.832510016520621 0.241848239258451 1
0.170220262625943 0.167991235027577 0.46570708001566 3
0.479135995602732 0.901510324198727 0.180322850953391 1
0.582530670667149 0.164082580484738 0.8111564745737 2
0.543867341589225 0.823634107701198 -0.0403868175548248 1
0.585426424643013 0.0893233131335315 0.894960793106369 2
0.508742175963067 0.723658965880544 0.294984679335098 1
0.512086780567448 0.134482100471708 0.950936138475834 2
0.00984227259591744 0.157705082385275 0.481838396006534 3
0.508240130003684 0.273269832077823 0.702595235109273 2
0.172729980177662 0.215438391655499 0.55493481076391 3
0.640580925819048 0.0676881342260677 0.915649133987642 2
0.464461832657965 0.277604922532153 0.792875223597742 2
0.107940408833972 0.103125423101772 0.48505490239264 3
0.136978216663919 0.212149513981425 0.457947056927199 3
0.427265528256729 0.105471581583347 0.729101660972063 2
0.214930397485783 0.248188490636141 0.623842629855806 3
0.449595765173667 0.88191665055012 0.249851587891363 1
0.562393147603562 0.178303597554706 0.786302541442458 2
0.0442113727269172 0.311840067265918 0.578141908523956 3
0.229012008220517 0.0688180339667595 0.434066440020918 3
0.436493599964146 0.865677642425808 0.30065405681534 1
0.486191991407796 0.103109655151345 0.836286030666542 2
0.495710821051095 0.142887296448402 0.750588909028983 2
0.424233017395812 0.174947414418413 0.815375351381903 2
0.540437991320689 0.124306971298132 0.86254167132404 2
0.537212108749253 0.130391564008194 0.847713532151134 2
0.436622428890639 0.994688119845267 0.155380674503767 1
0.513799439024905 0.131061238491186 0.75085365696074 2
0.44601817496419 0.136845701172025 0.874837520138678 2
0.512117750718857 0.960660521710175 0.0192402029277881 1
0.489588237759197 0.913594414017328 0.121918555896922 1
0.213134941226389 0.196922072365482 0.570541730327342 3
0.526988271285837 0.245430680846261 0.734893982691227 2
0.493367006769107 1.01758454625315 0.195939321547211 1
0.546131331558151 0.0636386872821451 0.627694386129264 2
0.515098132225126 0.733706542965248 -0.00399297633679452 1
0.459348860446383 0.317619152453808 0.996029965220287 2
0.474118898714925 0.198973159809596 0.687730174085894 2
0.491556316617206 -0.00723087890695523 0.815823726825965 2
0.256275056728711 0.26178625943669 0.705686711596538 2
0.138407235641683 0.172740250067263 0.543244406089994 3
0.48917745488197 0.769882992780077 0.32545161862115 1
0.545744769842046 0.20740365205374 0.81782190554707 2
0.0355014136927966 0.152881411704352 0.379173602139653 3
0.534401441345475 0.79790856315374 0.145850979368438 1
0.505462242609927 0.796678371647679 0.304125368669758 1
0.0386815366901582 0.220724048563283 0.479956501001811 3
0.608178619640118 0.710411821535145 0.169829392810233 1
0.741295142916526 0.803259481363853 -0.13150809731548 1
0.733545159953084 0.85735502155762 0.200378500911608 1
0.162290912892221 0.965686979297502 0.255180890901797 1
0.459540428213957 0.173160119593431 0.890488575701909 2
0.544189499656326 0.0421875571760822 0.865779663821212 2
0.475725757802439 0.208114865439664 0.839049628548481 2
0.670042906203071 0.958249554963828 0.116103703359194 1
0.189137484175342 0.0635844387664439 0.514662633970278 3
0.146636848640562 0.175565252017996 0.464820749085177 3
0.526046056980733 0.891137548887707 0.317313090406808 1
0.627448285029807 0.0520450673732996 0.867305700619282 2
0.505391642557538 0.0922295641117788 0.945045842938514 2
0.666276246714912 0.247692251279049 0.851385399781712 2
0.551539611958242 0.177108496790321 0.825843667022108 2
0.29011942908752 0.945432078946636 0.227413279144421 1
0.23211704842039 0.682166195511078 0.433656909258547 1
0.460339732268932 0.331428775536093 0.734866107432443 2
0.135661723527344 0.132330556192022 0.38716051476337 3
0.465241011345257 0.758935274392351 0.340848624402608 1
0.257804372529831 0.183400160382162 0.434209104467199 3
0.519848425234531 0.157046709346027 0.882954675903242 2
0.555006685186076 0.174578190720473 0.939494151576518 2
0.145440433300121 0.182950008184441 0.585655937169671 3
0.285948251065796 0.997634968891545 0.148541360802984 1
0.469649279740106 0.180244581023328 0.750159108967967 2
0.387076384360253 0.155799089778478 0.861885945480377 2
0.727463546972145 0.910702374076461 0.0442234788022564 1
0.411843038618108 0.910087740883145 0.0510425913581056 1
0.597055833414129 0.783888425786078 0.194618404293183 1
0.422366755327279 0.0964959146943856 0.7972878676553 2
0.481065094270431 0.267705974855295 0.902505857718196 2
0.64794865972964 0.196282544328869 0.875858527056245 2
0.565268921337158 0.998764728686333 0.0440467597337583 1
0.614121368710664 1.13553909057397 0.287853276638424 1
0.508301559378536 0.132350297811406 0.884608146858752 2
0.626111628606576 0.880770369755502 0.155508574714606 1
0.504291806550949 0.174848928996365 0.808412032313054 2
0.550815434118839 0.956033854653635 0.119881558190499 1
0.513749213272907 0.154137042348109 0.7392668953705 2
0.370794636843703 0.0909417074108395 0.682726632724274 2
0.469082171344857 0.0319643484321758 0.986376333153361 2
0.524840195819259 1.16935362119934 0.248150464561997 1
0.431406281042146 0.753183209318383 0.38727093858683 1
0.0897194773305429 0.192312063844127 0.671108755146172 3
0.604864096355976 0.799624540655202 0.13601943877587 1
0.268215894486499 0.804151210851945 -0.075987597318523 1
0.577145002942713 0.969609555233636 0.155679312056162 1
0.493494880088977 0.142275801700728 0.886634013884485 2
0.674274920810654 0.22747649124213 0.769305239688425 2
0.602635184631024 0.318022708351022 0.88076130951083 2
0.432825252823751 0.754920081164959 0.294219645971176 1
0.658413678786929 0.256809114512127 0.783855973587537 2
0.271050550714011 0.723535138562882 0.0790204153461831 1
0.798258386912749 0.804567300762005 0.104023046031248 1
0.576561483299007 0.614715437485822 0.169217477270767 1
0.402706619292417 0.815893971301399 0.290483082569192 1
0.161606109745386 0.185011606920002 0.682372079032836 3
0.462142264045085 0.957857856081308 0.300429232330394 1
0.602947503029052 0.837369522219731 -0.0356310570878013 1
0.547803013992704 0.22201790390794 0.818627489842998 2
0.31155450990581 0.0509919022117024 0.592867028824306 3
0.366832977309982 -0.0219121690937086 0.970248883771114 2
0.557911150364745 0.283113195281131 0.816847740225893 2
0.456311573632412 0.211995520132518 0.844777265086266 2
0.575596612891723 0.88168544598601 0.290987343229409 1
0.597842864144563 0.142263080851978 0.901281744851873 2
0.551378567917631 0.21922921744867 0.913303996799699 2
0.496868339496217 0.846763890832018 0.0717138280762921 1
0.5928163921939 0.186027935199714 0.806469198406866 2
0.368027264744966 0.749923374131472 -0.0413804928224331 1
0.468303621328796 0.898261978050977 0.0655471530854496 1
0.616781247589316 0.244988897985222 0.798406246625094 2
0.449113704406175 0.096308533456603 0.740409248108018 2
