0.721599338845001 0.517433007390583 0.552227373159417 2
0.730843489142566 0.556355991527095 0.592102967797873 2
0.246449156763568 0.623191591365679 0.0879227356936569 1
0.549902008178348 0.221878652785433 0.744350397095262 3
0.230945028372661 0.448921804938166 0.120171302719096 1
-0.0201712813594884 0.448678402104078 0.157565151043899 1
0.872706705874974 0.492302837341462 0.558868064136767 2
0.17189023507787 0.47579012441845 0.183863960140814 1
0.572670563460648 0.329793990320971 0.550303774527547 2
0.399499538365306 0.63491902948703 0.291630118391967 1
0.274689141568087 0.433736981801189 0.249755577061233 1
0.275285926151951 0.529074371387823 0.0466239042005732 1
0.464798636860638 0.187220367947958 0.819952601383509 3
0.217423775605639 0.499537278548881 0.200575611951458 1
0.576779084697206 0.147101470187916 0.834733616828185 3
0.567313412685757 0.246080609419188 0.810768175675112 3
0.832029956754905 0.604404313288695 0.44136553193434 2
0.206676137468474 0.389230781290442 0.118314939148559 1
0.636260723702193 0.201328462536382 0.670212100267771 3
0.286502093423028 0.0158131871247046 0.783851165084396 3
1.02438313770751 0.35799294102791 0.397356654018682 2
0.863145310173106 0.543240657912244 0.336251306697012 2
0.249654966746575 0.336553990065737 0.284981022489001 1
0.429518299885666 0.18279279605727 0.877114989006122 3
0.945326641370507 0.488061477134137 0.65397005053856 2
0.954085996412685 0.365982106951336 0.625171768686063 2
0.731736455448657 0.54409166636701 0.591715864440918 2
0.16317692352024 0.65554296214435 0.170501378815207 1
0.220328216986011 0.33594723058695 0.208721453315561 1
0.345704187662439 0.708045017481929 0.222861457715286 1
0.181288522305188 0.628096604484707 0.254209023054627 1
0.798536793949934 0.476574807102677 0.467164703708078 2
0.0691537297297877 0.380563139646568 0.248263910875617 1
0.760815404135936 0.658600753820393 0.394815515786483 2
0.930205494060933 0.372806647659129 0.371855175695671 2
0.751122467501802 0.172828157188084 0.786208172212512 3
0.91642583470482 0.384464323689778 0.522858664826344 2
0.691969542868568 0.316649941757312 0.632441874730942 3
0.498918215023276 0.227843344354789 0.812503391019584 3
0.494059610316232 -0.0600744929912377 0.886272880754015 3
0.82811008764391 0.600339266611921 0.385086802675356 2
0.764138452486736 0.650030500564908 0.492595838543603 2
0.968291212224603 0.495377196039364 0.40510325537541 2
0.198529314473143 0.438110418985574 0.0861450494978921 1
0.203237688169552 0.381188749672824 0.0467119238500568 1
0.124988021681844 0.493164775578385 0.250967121887609 1
0.918918677724857 0.488485609070137 0.336184871064926 2
0.521301789972767 0.247510104164388 0.902893465196506 3
0.732360544583929 0.370308289606836 0.577469911806741 2
0.870259585082561 0.544776073712932 0.637288812219087 2
0.368408328995052 0.219482721561468 0.863037393367594 3
0.705414495348867 0.0977184089285459 0.729570623091312 3
0.195461044896268 0.487871495399301 0.17615552983991 1
0.462210659025298 0.0294140823600242 0.842306327351661 3
0.514912527961387 0.0963799515008928 0.786397991809591 3
0.0155681058011236 0.691864362052198 0.0432075313644264 1
0.316687660690953 0.153692812027871 0.756400088606034 3
0.489081087534171 0.717924731690636 0.0353830755618151 1
0.367870552712482 0.28330858055918 0.785455961829952 3
0.563096975649823 0.230667375825553 0.937917686264931 3
0.830601369779413 0.565572998462828 0.479741294326939 2
0.658849686690973 0.0983265533986861 0.889327115217322 3
0.23269535429133 0.433946979714545 0.0858120590697558 1
0.823286075993004 0.530306113870206 0.454729464696081 2
0.328536946178119 0.474712872203973 0.242138453486876 1
0.551616053745532 0.017660855221426 0.90164079625714 3
0.548068112447747 0.244098313157403 0.761266502715282 3
0.494158299004407 0.163311532747542 0.808895060612937 3
0.508345886681716 0.0488099848297569 0.875061472525133 3
0.26020847971636 0.474758810548026 0.425890785293353 1
0.235169054937238 0.585533414267463 0.207981655518031 1
0.749071387903407 0.497475265450962 0.446052804373453 2
0.887612996859702 0.556514867525017 0.643952921502485 2
0.588084634435864 0.107589010593289 0.706936072741227 3
0.615373054777133 0.0857549539376594 0.656064181816307 3
0.859337713519657 0.373442842991095 0.393601865032142 2
0.80386125486486 0.497832507442918 0.482473858858804 2
0.687538135303755 0.442682097851351 0.564228935092512 2
0.0850713332545437 0.600215464751545 0.209456357774115 1
0.894363951639473 0.617288763771318 0.620919846355028 2
0.44058893469437 0.218039410640821 0.840163170166028 3
0.60013338021464 0.0959514495736486 0.654871111905122 3
0.767910987386945 0.549119567802982 0.395044520742285 2
0.120415450923218 0.450720705620509 0.0781509360066105 1
0.505300753830487 0.258177471550389 0.71836884697032 3
0.820036145286738 0.606887250190881 0.517828468719754 2
0.685388360363905 0.534981569582078 0.618719803362743 2
0.44003495652934 -0.000481981992127289 0.779128546008048 3
0.129585813362503 0.445965493979678 0.249494992874272 1
0.778907884745529 0.475810521465312 0.605937527790551 2
0.285323702729213 0.209140178016553 0.836692492580307 3
0.61907597599898 -0.0271573624813284 1.03410491771568 3
0.506051154485324 0.270492525531536 0.771257377986106 3
0.343432434565999 0.434992469062877 0.0316839415703328 1
0.860620842250214 0.490474408135124 0.328425166476699 2
0.910333589176821 0.395258741944873 0.474688577158112 2
0.785561526782228 0.553337711030077 0.311725263227664 2
0.412023287531187 0.19913180045495 0.656156828118111 3
0.829197156113405 0.538472603923255 0.540460041651781 2
0.134463257073409 0.511306395004886 0.333871383814901 1
0.463556368018463 0.271000355880077 0.932255278844823 3
0.532053487268076 0.258871485348277 0.90224377377032 3
0.335699613309404 0.466309343282377 0.946254808823573 3
0.167192984695602 0.303371557666757 0.191289221033781 1
0.644074570241797 0.551953759329744 0.519836198229874 2
0.532383543460681 0.104432472128667 0.905443435121338 3
0.184125071275845 0.60089622781651 0.0394808990231332 1
0.0890472489615216 0.399826869285401 0.0418805806593407 1
0.361349147235569 0.508903628092244 0.0629710367185533 1
0.605829540216956 0.163470291006455 0.849635490902746 3
0.13590045270169 0.468726510539923 0.116204631134487 1
0.436882505394249 0.154332029489871 0.793297034054302 3
0.186914288448996 0.587453705504355 -0.127442392860377 1
0.812472330279565 0.554505837979848 0.335449432763285 2
0.914620290187621 0.364398425217601 0.447572154116101 2
0.0631249986335623 0.442712649658385 0.392992787364653 1
0.39136515535665 0.0595526879081666 0.80655372044883 3
0.25365835992557 0.610358215032367 0.152458994648887 1
-0.0219360467947186 0.231239107817146 0.0742811834628 1
0.566887975535343 0.02940274677054 0.888834735657994 3
0.0780495033550579 0.297026595027879 0.337394650422668 1
0.0818514693047351 0.516606246097722 0.164829702784245 1
0.800031901229848 0.391037437084285 0.520921988896162 2
0.697878182092262 0.476766319144592 0.464156722267591 2
0.00588505858116434 0.547810335342266 -0.0448246861572916 1
0.709494809462502 0.484299724892983 0.461297031122842 2
0.513730927009855 0.13120546845015 0.935649956744561 3
0.252876932939324 0.364144563337628 0.300973168106173 1
0.587672173062164 0.305588038813367 0.663037877605199 3
0.657073963973966 0.0895755930291557 0.840339256227017 3
0.719285119800308 0.19972936933718 0.873623250383907 3
0.906753099294252 0.457818826783786 0.493230329527076 2
0.466059933368128 0.0675976945702846 0.853899379386552 3
0.401147160872221 0.0952544277511644 0.790193034948188 3
0.513624104558482 0.335738543833229 0.984094242111944 3
0.586950254457465 0.0320753239808836 0.858991914341274 3
0.358724516877672 0.243284816670784 0.780113771162341 3
0.380787255460686 0.0642939869393602 0.694006780898509 3
0.819620731458842 0.606301064885869 0.589134013864267 2
0.419614972809583 0.121162852440972 0.919830587522633 3
0.491286195560691 0.182287537493963 0.803151129749778 3
0.57873992734847 0.0877870960574082 0.917949292558527 3
0.853039488406763 0.597147837595578 0.401577371453783 2
0.869882830030342 0.476800381568606 0.638945578034961 2
0.43583704146572 0.221808818126678 1.08759360438434 3
0.460442723249295 0.179964894540211 0.539631881363317 3
0.257628902532687 0.229466856604513 0.0979720261670931 1
0.669995442272191 0.239435242653342 0.914874399928982 3
0.0986846138897365 0.504524085992812 0.126791000184678 1
0.536375809706898 0.0434095965551668 0.799297668234058 3
0.790985150904063 0.366834193359778 0.494924318328033 2
0.185039313841336 0.659505709874512 0.0594108381472601 1
0.0508927294756527 0.419093017448115 -0.00495229935539454 1
0.510313221655397 0.178215799163835 1.00864788375002 3
0.173805815447907 0.529469178473346 0.100977993322109 1
0.934424558794257 0.504008231489817 0.431873824569616 2
0.428714369211645 0.236972438078254 0.837879345684373 3
0.288930309792665 0.520205200611461 0.053489839050876 1
0.327651870635149 0.514946313909037 0.138272750568362 1
0.0809771494043753 0.499345329832207 0.205782746419826 1
0.148639629305285 0.328282048848613 0.198717847164754 1
0.808799488164893 0.441455427889496 0.416927389748863 2
0.296721116463943 0.108897525248377 0.64885468017893 3
0.761801159544975 0.512892645137901 0.477008082093638 2
0.0655096393233782 0.633172423944665 0.0608668934026766 1
0.0397066018614885 0.547690796645082 -0.0232364118231262 1
0.511260999208201 0.191875968425531 0.962022750555578 3
0.721761088038843 0.505724633820738 0.341294308645855 2
0.932934309726504 0.619638292676239 0.396998315788361 2
0.899220467836278 0.298422316800558 0.429510307151147 2
0.260237452709033 0.462874923059552 0.185389813838485 1
0.325509309080684 0.344840516126162 0.092203453313976 1
0.439161377625879 0.406599234063813 0.801920697908736 3
0.845441461418391 0.295228882756395 0.812966413168336 2
0.442867574203267 0.132821990804479 0.896455153657828 3
0.00407416292318369 0.509718949640109 0.10598872655111 1
0.561272075505973 0.149897530654923 0.848509568250916 3
0.717711604062256 0.620619502432669 0.749071573864223 2
0.0203814500721413 0.503587797132153 0.0347516780957176 1
0.023502852718504 0.456866416139008 0.250053755218787 1
0.784732931989774 0.647348180110363 0.498232695704645 2
0.20082851644088 0.530490669398501 0.141271989277161 1
0.174431686774068 0.544607237121719 0.165369139106864 1
0.860010376538845 0.427139188759939 0.41935453791244 2
0.903317330556287 0.588938861894354 0.56606999709604 2
0.828119713280258 0.709949393429828 0.241379558241153 2
0.569716857982485 0.0784195240684441 0.914533343949782 3
0.998922773600976 0.627727091454252 0.555239500625508 2
0.329495760492838 0.582916133928325 0.0680067403309036 1
0.0947930249875788 0.540732181972714 -0.112092559279173 1
0.916472547760498 0.372497170906555 0.278098131931269 2
0.826328903534579 0.679287784242994 0.584074555291436 2
0.507605786469376 0.0677261341788686 0.88821262376659 3
0.143660934646212 0.409911777191693 0.000185511931730775 1
0.134541933551078 0.666011203117868 0.345140536861458 1
0.210359471125298 0.690348797822204 0.116500637755237 1
0.603396792416405 0.309333905377642 0.835899926836751 3
0.75945567295068 0.594320876454959 0.546475143569489 2
0.31714471579831 0.195599616941675 0.614671395765793 3
0.803326128821044 0.625362516977195 0.408339805546815 2
0.61376400001548 0.218888968756954 0.915175271738889 3
0.419368281235668 0.178072372863162 0.779207028405713 3
0.895601954284565 0.452907511394983 0.342691204856782 2
0.218819639300907 0.510853274596155 0.292126276038036 1
0.0829499456808776 0.286999542759034 0.254494874120621 1
0.441441462732824 0.0407272019428855 0.734617652327758 3
0.754106757700682 0.479511746985872 0.597635759275284 2
0.871551609183328 0.514938889035923 0.453742912996388 2
1.09720327999778 0.501806371523468 0.332080836992719 2
0.358527305643511 0.271251826093976 0.886156813503904 3
0.71461789956486 0.519712338879216 0.614314066394192 2
1.04962464004206 0.655543863524293 0.331051056115569 2
0.576375658640039 0.156844836585748 0.815739424783378 3
0.581968685893835 0.136111443766204 0.849800409696889 3
0.10201768834213 0.645621342279354 0.161637174897642 1
0.719634299261219 0.724948898912564 0.291144404493472 2
0.349852724861507 0.167653087092737 0.959672306332761 3
0.73740156092983 0.258133442155839 0.66769710399719 3
0.728842275857052 0.429148781548544 0.620390998296727 2
0.571273669087541 0.120198161980031 0.875718379814766 3
