0.026230773357668 0.782365706954548 0.477815431280836 1
0.126374602396191 0.971172658396838 0.875138343018472 5
0.111758429379516 0.747116361210683 0.482322164693702 1
0.331020532236901 1.06209299527848 0.674268359927328 3
0.27281686532677 0.594139118109277 0.318120898784235 4
0.219553285066026 0.674754632746236 0.330170625816227 4
0.385674132585428 0.882176071245285 0.748541999906258 3
0.103005121475255 0.806906453693967 0.669858389063403 1
0.00143172368119159 0.662820663748275 0.603279428008898 1
0.318572134185752 0.924588181396137 0.724076525955071 3
0.429223906680712 0.609304022243923 0.365882892514922 4
0.269379396588278 0.889920682041093 0.950555727474765 5
0.108306390199648 0.765506796649995 0.452647460934875 1
0.314040069412945 0.847671715045847 0.652901741644443 3
0.170213039858246 0.998404117652287 0.310354044713339 6
0.164388988260224 0.853474255081649 0.923072814068862 5
0.351807975400615 0.65431641131209 0.387659608245974 4
-0.0581061528544635 0.78692596060861 0.514315632841551 1
0.32833074413381 0.885425352953212 0.703296519513431 3
0.102800677069489 0.768157739727376 0.46408696666349 1
0.991154785046603 0.557430275289457 0.37589147100021 7
0.20974985063605 0.872454000802642 0.960434481958873 5
0.173737241505776 0.717903027845343 0.565097540814207 1
0.347907682492891 0.955527030499782 0.770304800413321 3
0.0530864918263239 0.900287330111498 0.538754690518379 1
0.374285938583924 0.961120166446127 0.684520329400264 3
0.119136764090022 0.761902911709903 0.5100247890143 1
0.89355687661731 0.747715346940574 0.67693156379198 7
0.284275858054913 0.999158545216475 0.959590383916201 5
0.32370503461194 0.969229012936915 0.649471522265367 3
0.750056383323012 0.000763732766540764 0.228824217086129 2
0.346725869307115 0.937601269405982 0.583494897494291 3
0.341813305651246 0.663080150674997 0.461768086178069 4
0.155117677019192 0.77544221043498 0.494186553214599 1
0.257989183424608 0.973228051136795 0.6184096439089 3
0.206417056971594 0.872913241369191 0.886158389350489 5
0.390755958645417 0.598952200072718 0.317359155613852 4
0.806188101041907 0.0844021077699985 0.164328049353985 2
-0.0677914063842789 0.825592055599863 0.532243178294107 1
0.882596939516603 0.605473386250335 0.616081046883244 7
0.717795766155604 0.643329782422458 0.526124262320563 7
0.219373221621457 0.86267197015763 0.902212170798349 5
0.323989360721726 0.940523495483375 0.735650608009239 3
0.29680102738404 0.597809816064592 0.325102956475438 4
0.310448457198576 0.966553964411505 0.971779843770888 5
0.379876498549863 0.995548547381905 0.658158546510105 3
0.0483815248803528 0.765382194244952 0.414111287664923 1
0.595488936975466 0.0487433838732165 0.133386665674654 2
0.0554946461509596 0.761627477888434 0.543144839793024 1
0.330771185380637 0.972043888975785 0.935146239048413 5
0.822346579012855 -0.0141392346647956 0.0482125696494213 2
0.0829898674339962 0.742270446974837 0.462500595160117 1
0.345745973095242 0.910602614909939 0.720826801675246 3
0.424857675996396 0.638187333335775 0.366399350696639 4
0.415265936251932 0.576529836890937 0.444882844273245 4
0.37599269419673 0.952096280817885 0.569262305029606 3
0.0771981141975606 0.79309455661058 0.489886345779219 1
0.138679451309017 0.881849999769918 0.241154116929395 6
0.275986197033774 0.943286729081647 0.899160120266184 5
0.174638167152415 0.938759157309523 0.985480895984809 5
0.393432243339596 0.631140508774645 0.360018354179236 4
0.147637139777443 0.81440494385992 0.471195812251595 1
0.442033133288679 0.864078371985348 0.680668804098561 3
0.110950712865165 0.842230999276229 0.965417118613553 5
0.156774555408313 0.922984909782645 0.943826140060351 5
0.0720100111396036 0.786777479635113 0.555125194454603 1
0.0221795315074229 0.85297865086851 0.556719135592205 1
0.809544860628918 0.476672004385369 0.490391676607863 7
0.105575724891529 1.02281929491567 0.983384123001075 5
0.944234959712038 0.710438915708977 0.704066707377007 7
0.294769491237878 0.912598425076981 0.613974702565741 3
0.28681808728138 0.712129961550644 0.332021659108314 4
0.214697260305215 1.01139776645837 0.949151536563469 5
0.102707769424166 0.764901597217272 0.508433240739764 1
0.186117093084391 0.908258826710889 1.00203300305597 5
0.220135360484377 0.886849786349797 0.862225761641931 5
0.22701660130971 0.908851822106188 0.984655645901401 5
0.425252472046308 0.898360492937583 0.688034280570911 3
0.196143990035696 0.90502857224244 0.872680530476187 5
0.231535494332884 0.986038271360279 0.180686885875587 6
0.213511823901561 0.892024169953004 0.863940975991027 5
0.354631538734104 0.588926913714519 0.293321005962604 4
0.186761666343279 0.968065801939131 0.965513950560886 5
0.316755101497346 0.942947114349343 0.958273216360435 5
0.187989950377428 0.973458502784644 0.836269046210551 5
0.864905952918485 0.0953876339941198 0.217550833462546 2
0.126559274563364 0.815829032256848 0.536230232136629 1
0.146632218404872 0.912834520035528 0.934466765902605 5
0.166969406752881 1.01940134301109 0.827298623279458 5
0.321102780226632 0.877722709668014 0.654554337244931 3
0.827163098984594 0.293430577661494 0.949094162664168 7
0.243025695627495 0.915939186565889 0.892335600914632 5
0.181386979264082 0.86027199183089 0.893287746729992 5
0.353283704803863 0.638606881460974 0.404327031104243 4
0.35782718014642 0.705805902144057 0.314787853486372 4
0.165793027351404 0.932405746712649 0.235593267228989 6
0.0910969652562907 0.837522512608574 0.500593639545855 1
0.289434218659766 0.944325810365462 0.642400105079139 3
0.31638618135949 0.875375728009849 0.686224744650081 3
0.154210878609914 0.917487985201144 0.839476754817972 5
0.172033845219236 0.812149299330278 0.235326332410758 6
0.238935251241565 0.930765151647532 0.920899658983968 5
0.708297850459131 -0.143083917874751 0.282523472476373 2
0.151244321302955 1.00676569286643 0.912115074079619 5
0.0288339675702346 0.818733543511419 0.485512337742935 1
1.02281292272409 0.377227972791194 0.776609709630104 7
0.0919825381702331 0.795841483956599 0.535302525411491 1
0.233054139685214 0.997455448989312 0.938549356344307 5
0.366392681180693 0.646905211859877 0.326281945517934 4
0.300204807311063 0.97264110822803 0.989027660533715 5
0.164666996654575 0.824597156845833 0.542854025549303 1
0.200074548394983 1.07020238666929 0.971416688956959 5
0.808350353188488 0.0100197468650692 0.1329915814201 2
1.04022871120332 0.364920131375901 0.634661909051811 7
0.353536921062599 0.947367881481483 0.57769523157904 3
0.322649974029032 0.648099715843676 0.344251495126244 4
0.414369568374683 0.610797776969421 0.33087682999142 4
0.356784562875528 0.957165085167993 0.59829595983807 3
0.54615778554952 0.246427103553063 0.177906506057446 2
0.77621446347834 -0.0114863997928292 0.436737660751304 2
0.430622246712181 0.882194298204071 0.723589243061928 3
0.301505354780018 0.831077497981366 0.955601715713012 5
0.245367295369444 0.8499446323476 0.891592414546873 5
0.221269992849501 0.957264443243224 0.615987818570715 3
0.308756678437473 0.695057868696517 0.357255336521776 4
0.0911449910780169 0.90388575231083 0.544062610635584 1
0.0563003336489707 0.807918457664931 0.459815238921688 1
0.189271379237117 0.999909579375614 0.915388519580521 5
0.236156999180223 1.04605549370211 0.196779521621616 6
0.147967011277527 0.955920618154762 0.949504654808974 5
0.368276215146467 0.691763001504145 0.427017734746842 4
0.385168880996157 0.926119442824946 0.67422867799175 3
0.0206201253052962 0.716054250276818 0.4261186770615 1
0.344790508582482 0.891421219987921 0.218705330224576 6
0.238966035011551 0.982274845327274 0.846193550377955 5
0.223705751222452 0.986130475551112 0.11604593401 6
0.230122123786311 0.984420704991993 0.182978014947529 6
0.433340415116552 0.76131015517949 0.292156812144014 4
0.25447651468371 0.933187493740335 0.8564302818218 5
0.364645469071785 0.968804762877096 0.671144150043359 3
0.111976024902517 0.8325021984363 0.59478066761896 1
0.0269470573096186 0.850910532779309 0.499756027367818 1
0.342991249574935 0.961738158904952 0.568292000765069 3
0.418471299836503 0.522171386161702 0.41517954724918 4
0.0331636268998057 0.661061334253931 0.509618303841478 1
0.236947208541191 0.991904520752046 0.179421547280992 6
0.239718745741984 0.952522244232554 0.248340540416891 6
0.313612938877404 0.606973274168328 0.412430713884395 4
0.231998643954449 0.971994737651716 0.963030233502586 5
0.989330073291321 0.447798863306309 0.844193339016821 7
0.226196049202603 0.905632971458421 0.533263474017225 1
0.671983022878349 0.255134359800082 0.010779169480354 2
0.203907360172155 1.04288835267055 0.940722305630707 5
0.25619412883723 0.666220078660514 0.269905456942872 4
0.344942285240804 0.923203124001264 0.7224102485045 3
0.109729870329694 1.01457720002361 0.252736027613567 6
0.496217399882321 0.0789780344178491 0.0206347569502353 2
0.263737792927643 0.953495165305436 0.641503837760791 3
0.227019402395109 0.942654844042953 0.923092914750243 5
0.372434133336122 0.927413995340488 0.68312510803586 3
0.363662442015685 0.56347496843769 0.472560791715376 4
-0.00139287621114537 0.725985098481285 0.547430219904487 1
0.656753289358647 0.0454009934415647 0.176068816808758 2
0.356509913908902 0.911892444445209 0.649784079005228 3
0.205272190397043 0.917509282630467 0.156685192805865 6
0.0325154604887072 0.734663562240774 0.529063086645556 1
0.372807319748169 0.947713733930545 0.720357016828869 3
0.84496089526976 0.455551858509518 0.770341771735346 7
0.252299186928236 0.985221240058579 0.94321029840365 5
0.174736573162755 0.957747527007486 0.989524237970137 5
0.226448772573625 0.904628881303764 0.893711615990437 5
0.326984284290448 0.506222250602889 0.362530371867223 4
0.126891731732143 0.758776899784626 0.538931116710947 1
0.214559616349064 0.950589308401672 0.926637076619859 5
0.431638123928115 0.888787032513423 0.628463657929377 3
0.281626004573507 0.89972566555196 0.888160871987526 5
0.0964109430206865 0.762533651853466 0.379310722247882 1
0.0840826467370906 0.772045104335454 0.520415603832152 1
0.312374442093487 0.645474083530229 0.39242772382423 4
0.362950163975777 0.925021702712078 0.623134877088437 3
0.508420727216905 0.264528273479775 0.242518435764553 2
0.397546488897326 1.01482389438487 0.682957062304414 3
0.378924043733263 0.907301695970524 0.610510088456309 3
0.54872400389898 0.100160114549777 0.310558387649738 2
0.354762493665519 0.645058423784104 0.352096159627032 4
0.320347335275713 0.655173048785427 0.366855855238189 4
0.43962501617335 0.611350227150298 0.421905314551924 4
0.0727181177677415 0.827013653024189 0.553664802963657 1
0.387209745893582 0.835504671661567 0.535885659345215 3
0.437287648356573 0.683741703842423 0.379714268305624 4
0.058766797146049 0.720753155087532 0.52752619427212 1
0.149031966665529 0.72916191567837 0.552194361916633 1
0.189916497465887 0.96901722997987 0.912586411428791 5
0.780589692920081 0.521067717957172 0.636962331936204 7
0.197992152214123 0.933544677463521 0.169839722570173 6
0.115535920399721 0.734289506886435 0.455590276050908 1
0.315382665184461 0.959286521085163 0.650882397539818 3
0.202430582523744 0.831492013863169 0.626645015981314 1
0.283213956393918 0.858371521465309 0.862121807555167 5
0.358235632376265 0.925678823770551 0.710490939317462 3
0.945010592153682 0.547730682332598 0.492215247390991 7
0.341927175148645 0.965901821347534 0.715877936791546 3
0.307925029316466 0.947256438679233 0.673121914945301 3
0.302158269547853 0.679582614363177 0.363371342794585 4
0.154990273588562 0.892391430887192 0.909812443538104 5
0.029981936539374 0.782222181727939 0.440455508507264 1
1.05183633885058 0.383321019405631 0.564606925925472 7
0.0323144038708853 0.740945603176898 0.490953746823502 1
0.2317780205311 0.851877136321217 0.22870104667589 6
0.873621695764944 0.0257627503008703 0.451746048710221 2
0.411201139004872 0.817137258210155 0.638090877197213 3
0.687187582838852 -0.0656031473995569 0.0677957854961295 2
0.813258622036921 0.153510743861369 0.0883004834107271 2
0.114736944024032 0.783756485137682 0.47204079461712 1
0.520349984275737 0.317924575931225 0.0381310467335929 2
0.248408834467775 0.974002170158444 0.147431027743258 6
0.275319459773522 0.850433788476406 0.914403055725221 5
0.10236394780374 0.679692248125763 0.451073099474743 1
0.0525891004917914 0.805471040183964 0.472637531579866 1
0.212251355936115 0.873485704618246 0.876251865316859 5
0.111660402170335 0.903715082173531 0.126730085059299 6
0.186792113351827 0.946499382621306 0.283716735096439 6
0.194007905811685 0.750521244854027 0.428102530783383 1
0.0431183975410345 0.688662504547036 0.489067581488504 1
0.129705000927579 0.790437335829459 0.487957122827782 1
0.435709041817197 0.952170413947914 0.704375018932427 3
0.466346909699513 0.933887556120996 0.747190778737476 3
0.319901540249266 0.567695464033464 0.314304145870382 4
0.307023765597236 0.973591744817656 0.867974471236248 5
0.169815838922675 0.965808387035152 0.882038416635232 5
0.0660216000142051 0.848436614501441 0.608846516129538 1
0.296498824447276 0.911255353331355 0.555289320900826 3
0.374832180422251 0.661319506054998 0.287874655405959 4
0.443255055936592 0.706887991150162 0.408591776313282 4
0.393542033082116 0.909308294933729 0.656260995897494 3
0.322355123243224 0.695579496432558 0.469172595628459 4
0.0874964973911323 0.857036167138142 0.475459468299065 1
-0.0544996443146758 0.717250348966831 0.513243160660067 1
0.12568561696015 0.847190532371234 0.530460549739078 1
0.188880939594217 0.937942097713561 0.951048665804435 5
0.297969954582216 0.648117946810215 0.31277971360532 4
0.432058025891881 0.9160549419343 0.572600022309898 3
-0.000945798615727633 0.833694553243714 0.403257721135073 1
0.0762349500790227 0.780117427916271 0.571608854413421 1
0.355765033483497 0.88631454221746 0.582628660780187 3
0.144921060216196 0.951973497816691 1.00579002945265 5
1.03530809210078 0.52609423579614 0.651280473130478 7
0.341154278346469 1.00307233029948 0.628901153333234 3
0.400652625935054 0.906429567835973 0.58760800081537 3
0.268491773396887 0.880216293963538 0.849222766632587 5
0.037493272342218 0.687615997686869 0.499508073216017 1
0.176911362574575 0.930241557847154 0.22011613757854 6
0.0586342379449091 0.782684335069725 0.450564870577225 1
0.0837512802131999 0.764361833301032 0.510500680595615 1
0.373265853857602 0.731952849676869 0.305065384848587 4
0.0758006002824862 0.902506967187083 0.153803502774543 6
0.50345064824594 0.206044659203116 0.312410211590572 2
0.276707911650028 0.673041772485891 0.356915347853125 4
0.174142686755777 0.916221913489198 0.942462497209865 5
0.167168016232387 0.916249064163659 0.800621980186467 5
0.448255290121768 0.9107185916154 0.661722783630424 3
0.107133266508275 0.799759445576112 0.545176770646314 1
0.571756759063854 0.173431417299964 0.216672066599407 2
0.047998568863719 0.713318423402552 0.47386238458057 1
0.757199480788128 -0.101795653717373 0.237998137223237 2
0.588340112521058 0.369203742939021 0.621899366741296 7
0.709559550095583 0.0580380984926908 0.254475549256895 2
0.200325244647136 0.851984221306186 0.340037135667369 6
0.428881924427461 0.686459307984311 0.31087251219616 4
0.205581416182998 1.04535870825405 0.16239715003685 6
0.380651178817548 0.889832131263457 0.674624401955605 3
0.324944269592133 1.01100855269237 0.937051100916252 5
-0.00756491144735401 0.808121774677259 0.395726749136035 1
0.113364698417809 0.886375870040142 0.59052268358075 1
0.171823408402711 0.910614882410931 0.932692023863785 5
0.109600908516186 1.04165968494898 0.226051841344993 6
0.169116252491177 0.897959677802839 0.931501254934588 5
0.0790589258947201 0.772868062934361 0.459690472939329 1
0.250340227838609 0.738698941201611 0.441443040982087 1
0.703197931141299 -0.0103555057507946 0.155967238083732 2
