0.630034757769247 0.724907678239784 0.191412943734269 7
0.19876456544601 0.554912673035695 0.343331392781534 2
0.610760737510253 0.866468824400512 0.0411215030607219 7
0.440519507802706 0.877391731395745 0.20719919360283 7
0.0577954069355694 0.552722512324203 0.0463722153050091 3
0.567831514853372 0.493853383861169 0.601449311541868 5
0.78134907852333 0.909444288521158 0.188698396877273 7
0.722885751749516 0.794123364571386 0.0038416754222327 7
0.345805461223804 0.0733830239226435 0.515518081073153 6
0.256876770752553 0.497231306795741 0.502253648280265 1
0.208182487922574 0.459728112552586 0.450398012371701 1
0.245269468795424 0.508242697564725 0.531348543256644 1
0.113355897112868 0.599825211381041 0.0893221867152404 3
0.292571045928252 0.155534507643579 0.563321161641014 6
0.178335154672525 0.507601881227945 0.357201323688363 2
0.212701527886264 0.452717256938961 0.498667638134793 1
0.221633776726059 0.502174145554022 0.348430816311815 2
0.498149099371381 0.51020352565657 0.650603074177696 5
0.330815274575563 0.104544762920536 0.359950121302039 6
0.484113480057597 0.0905627245666651 0.436018037435526 6
0.108628469790942 0.657295770450937 0.082071882789571 3
0.164197347211765 0.535866563720031 0.335562088001563 2
0.235571631585498 0.565300095530594 0.0311477540370341 7
0.238609159423754 0.554954096791963 0.344668039332393 2
0.688079213405953 0.874675217731393 0.077641616807118 7
0.645520407718168 0.773845754147941 -0.0204030017848835 7
0.135097836230928 0.632153763361938 0.0471880358119029 3
0.486668634083814 0.525503604257506 0.648524392574305 5
0.525915471098512 0.893813138534115 0.117287546792621 7
0.581320558727319 0.765223088264435 -0.0545905442182278 7
1.02383648965395 0.229947649191423 0.00542494648479015 4
0.468202071738829 0.701214402538456 0.0728944008396873 7
0.367958192115722 -0.0237192779802672 0.440879912995322 6
0.551352407985518 0.522082451480968 0.600348302912634 5
0.0394920628682748 0.599853089178795 -0.00138783106186162 3
0.216879155426951 0.550843042918345 0.362581446278305 2
0.196842667656529 0.502463447542912 0.480647564316171 1
0.569558859878591 0.734676548678374 0.111346482792484 7
0.34977122209356 0.119670742814838 0.545289883280318 6
0.181330971193898 0.5248599038055 0.360198880211728 2
0.651242891463565 0.937440781434112 0.0984845140088058 7
0.373477044222867 0.0600583919718418 0.504772853343974 6
0.212085030116702 0.507160879835539 0.355475432440338 2
0.211103700556696 0.423342081276555 0.507110173258471 1
0.585620342967872 0.97503214942666 0.0748927668575854 7
0.195440414784106 0.676800558286978 -0.0032257853106267 3
0.527233025365939 0.524553626816819 0.623899916276327 5
0.420974654468124 -0.0266314921756368 0.349868402106394 6
0.212442291069885 0.498130601604173 0.486865317051129 1
0.222501086783773 0.485038795140426 0.343552685150415 2
-0.0660673453602928 0.71374448174906 0.163164796059245 3
0.117926969550142 0.620036834625814 0.0240783545791699 3
0.749339504920899 0.800364310222924 -0.0903060752071408 7
0.0260910304062611 0.61882264370472 0.109035145795801 3
0.37322684936135 0.0649455308980484 0.569903163811447 6
0.219366188745817 0.503636796229391 0.327798540291455 2
0.210559348819553 0.491366323218609 0.336316167999936 2
0.230804759554233 0.505862288152116 0.357948662939057 2
0.130320271573573 0.643389346745984 0.0418476154227459 3
0.0938468940838889 0.618459481406409 0.0189290284599272 3
0.63284018975975 0.593429040777113 0.213658534109262 7
0.0801434972096753 0.601111691592074 0.111856867208945 3
0.880255866893287 0.859030657977465 0.0508302470449041 7
0.218184533544937 0.518883814769236 0.327109873869116 2
0.103393857501399 0.640255835490216 0.173644483422746 3
0.0407521793540567 0.571739818001812 0.0812282082445818 3
0.199727715944629 0.425290155639738 0.525567133939047 1
0.149274358285153 0.585248329164974 0.0520140969672039 3
0.606866167059948 0.663892388037518 0.0403560142570747 7
0.188816561513817 0.518887723256747 0.354799866385757 2
0.609899902628781 0.518658183712549 0.697808955436095 5
0.0852714946766993 0.705440379208295 0.0365316919623803 3
0.827038869034082 -0.014128198095704 0.0273428398278337 4
0.568261715721784 0.47167777950531 0.735471872912359 5
0.762519421079732 0.848378761756609 0.00743702701208214 7
0.549871650305485 0.434942595416348 0.661163876671479 5
0.379564848623863 0.176168481210729 0.520537646816945 6
0.538209944278392 0.854472665097457 0.0800577131898726 7
0.769403542296907 0.905266046480067 -0.039067158583418 7
0.925156631647639 0.154798109970365 0.236393533700145 4
0.353605205414179 0.018450436134299 0.529068151153379 6
0.316246973055611 0.776115110691012 -0.0198215728019897 7
0.23418228509074 0.501048063957191 0.341354748176132 2
0.181329725965503 0.519163898943147 0.139492908392322 3
0.0614188371477876 0.676717360874041 0.0497070446302419 3
0.272344342191714 -0.0055985591192073 0.403202782021064 6
0.00641310422599337 0.69888474061585 0.0770178454226835 3
-0.00790672185808622 0.624471165408014 0.105907324491373 3
0.25475172170664 0.490940321207645 0.342518900450894 2
0.903677679558305 0.261655448952519 0.179393933527612 4
0.936195871823611 0.227286476252862 0.0190360146512968 4
0.287647595602503 0.154140533022139 0.521564537421646 6
0.208241675161164 0.514241553433405 0.362362158518171 2
0.237731732757886 0.486596547140224 0.516469122522777 1
0.504611166013144 0.506599000906373 0.583121628006371 5
0.0386328225482693 0.689380934176561 0.123006033882675 3
0.327910600268359 -0.0469035121417504 0.35890273087362 6
0.153994951651189 0.707336122621275 0.0519131885764038 3
0.267881162644267 0.0560567488380487 0.510487274035785 6
0.744850272520154 0.812610805324417 0.185936985938097 7
0.374274644143545 0.181843296472611 0.586465173420739 6
0.658912263411128 0.592608246508309 0.696970698669378 5
0.447048082905169 0.505428904777095 0.730958341161336 5
0.278135895142246 0.0420357513913173 0.459342583166807 6
0.0981349542482288 0.68699664541374 0.181869966781667 3
0.235416856583898 0.490456514341467 0.340070004482329 2
0.316306929458488 0.0323189000606887 0.686731560316523 6
0.418919666927549 -0.0540892814587644 0.53441131138822 6
0.372845492398054 -0.0268792841066561 0.505944583384729 6
0.310583001991333 -0.00897785474121177 0.584354077649285 6
0.220436266760833 0.526321380895364 0.344191935330638 2
0.531564936908042 0.480557988827239 0.704800699644901 5
0.799639286881152 0.0631027860823631 0.257690792785239 4
0.189045702141717 0.503293958266237 0.380689306694234 2
0.927600315684033 0.385379077448659 0.0218170340181106 4
0.217169652358474 0.48365024680246 0.313482284918938 2
0.386631233901739 0.112011792471256 0.53180059329158 6
0.203736283764439 0.489326442810483 0.361379218700019 2
0.257494392161737 0.0477514875997919 0.556888473578504 6
0.222871368808377 0.512216065518975 0.387528445822674 2
0.516250187100897 0.821915974918027 0.104058105607119 7
0.237037070785609 0.475584331167856 0.386163705421724 2
0.211249853968388 0.525220099004658 0.333272168196335 2
-0.0251824087109222 0.601531702921659 0.0121848725347137 3
0.202082746530669 0.483098575508148 0.566164645514225 1
0.168939972919496 0.479699907866568 0.387504830631715 2
0.211972927060939 0.477249440139981 0.350419901724351 2
0.491218551059958 0.595254697244854 0.698082122871354 5
0.228627108680721 0.460024012783197 0.362739951421001 2
0.0514912396012411 0.546628204120597 0.139336589384562 3
0.916418207665712 0.130030065104258 0.0914792472853839 4
0.20396309428503 0.536180345402789 0.34099765293612 2
0.503550411462927 0.516646482272053 0.666548808831031 5
0.185715691553481 0.506019181854982 0.359260700019654 2
0.452747726369018 0.49000098699769 0.57799384194344 5
0.110681705228016 0.756294178680509 -0.00617600758815968 3
0.177412548969921 0.443737994436108 0.326534584168261 2
0.452328167784604 0.371093336881283 0.663162367822663 5
0.0239871876820165 0.631971127334054 0.136468212847111 3
0.713998473434635 0.85836487017965 0.25381242351729 7
0.637590383684738 0.805472459261545 0.0359331574853781 7
0.6079684758103 0.722014491333279 0.147518298447754 7
0.0781187656637162 0.69154703588633 0.0912531479573401 3
0.275097896596171 0.101324467338839 0.493154161343934 6
0.278082274554229 0.0304291798679739 0.542238835769171 6
0.396533170124737 0.166496301493578 0.55669485353381 6
0.793884345779632 0.90611933693497 -0.13339386808851 7
0.548281203641335 0.492065257942463 0.655005335850798 5
0.584276781429335 0.804226419221106 0.0976064297974977 7
0.368948998291805 0.0058235584232693 0.53697367905829 6
0.396173890096503 0.219229709200737 0.371522202193211 6
0.726109903775551 0.649662181387584 0.116523060497171 7
0.485001350830084 0.51624429466295 0.710674862029126 5
-0.00106940116993624 0.706198803066335 0.156734058823376 3
0.177407611609731 0.605720922539848 0.187535643995596 3
0.189968643366952 0.486128900920988 0.332351900460093 2
-0.0219430786441972 0.649369212063263 0.0840069917086772 3
0.64807887288378 0.778166543163053 0.0100021633765636 7
-0.0242350117850579 0.701329811645481 0.0770716168706731 3
0.286300937764571 0.500915825115971 0.497918661323592 1
0.367989706960984 0.0806664729534817 0.495875057381792 6
0.403641857853699 0.0804694210016423 0.487461434254924 6
0.612641400719484 0.785393310020469 0.225475765925031 7
0.223974310046417 0.585062220751452 0.0443889940328711 3
0.243381325901638 0.507984023894631 0.2938674274708 2
0.562406054835756 0.537761913186882 0.58168816556254 5
0.144138230070299 0.493938053066668 0.469247188124124 1
0.205809726482315 0.484631562152348 0.499861735236292 1
0.421899351896501 0.0921292068812469 0.349984375137929 6
0.21754412626739 0.531629831552272 0.47761165764133 1
0.235125800617284 0.476255715356182 0.50401346475025 1
0.772678179343301 0.216081773276221 0.317336392291432 4
0.228346744321386 0.545509529652138 0.326266675930756 2
0.358756102798821 0.0493210604231532 0.462719462854098 6
0.186991106692501 0.499444391703506 0.353969948855792 2
0.319005761170617 0.0196895349733933 0.430676830033374 6
0.0230715397263789 0.689285935317273 0.0445099703532705 3
0.104493952108578 0.66629340345276 0.142875506264533 3
0.572828782802019 0.709455274451311 0.193305017878753 7
0.0923859542972212 0.632206216903149 0.0257807763533615 3
0.0224634022806437 0.690078272756542 0.1304011795179 3
0.263670003104671 0.485201291500662 0.413612307158718 2
0.226570400216937 0.467688962486083 0.528209935929932 1
0.186979430512572 0.52947863368851 0.501720065397034 1
0.237534838917686 0.48641152148432 0.401498186251625 2
