0.646040166609661 0.59919567762023 0.665356228017215 4
0.290494707488694 0.791504150345763 0.772824377899045 7
0.392614564535317 0.0630035305699389 0.377929527131424 6
0.32183502519619 0.822262513376893 0.750278814357151 7
0.281023695568864 0.036010291513203 0.318759778098794 6
0.686967822964105 0.586641819069811 0.75111478222956 4
0.368089500491054 0.0764718762514728 0.318143522306085 6
0.3663280267437 0.79555956247349 0.721947942695694 7
0.688181593501946 0.775485380786271 0.55634049716059 4
0.279781992347647 0.803520706025645 0.812313207130392 7
0.67310852306207 0.817063843562752 0.675018493004491 4
0.285411040831266 -0.0617279050337428 0.404222417608473 6
0.594470261271673 0.66643930770251 0.626164507468737 4
0.227774824910904 0.149462530734486 0.347743688797135 6
0.36117146692053 0.0570724321210887 0.419237350903471 6
0.328862018400613 0.109242075561191 0.320657415728528 6
0.601724515750122 0.214942815421074 0.528615241431272 3
0.309880314737013 0.789449446293442 0.899881098462522 7
0.552779028767827 0.354537928168713 0.580407339308099 1
0.69866157555612 0.554361139587521 0.683252331361631 4
0.335769061416715 0.746571127140633 0.712908775300531 7
0.655967481313767 0.652552053349239 0.738114484626293 4
0.563847324612798 0.11139695440401 0.722109635217113 3
0.655354099690721 0.626700202083124 0.73867006526772 4
0.64325994898053 0.591953370754248 0.608892090444881 4
0.357228937204198 0.0634505058811375 0.316800593430012 6
0.378871983209748 0.103944488751702 0.331126355196776 6
0.531492641728359 0.0406619243666155 0.569902879302221 3
0.578731691986358 0.653557316371813 0.596201913500221 4
0.460845672829628 0.109516666980891 0.394475879565548 6
0.684776872025716 0.602338922357266 0.605862243688456 4
0.418829896885699 0.113643180833195 0.330958241451232 6
0.729566305354323 0.0335901422563856 0.641324276256604 3
0.57693212580269 0.714237515683992 0.728609621525416 4
0.605290387810478 0.567038780458311 0.72102749779183 4
0.392365693013922 0.100167969301421 0.458343009345202 6
0.295700863394987 0.823218496260678 0.762668658556505 7
0.262819014005709 0.825270824669488 0.806043126073467 7
0.391688411947987 0.0908416438543764 0.384102732423516 6
0.601964235537837 0.037411683117954 0.592205735023452 3
0.709954893360239 0.940302020952979 0.0424341203733609 5
0.65373607045325 0.216036561325478 0.842744246261949 3
0.372510232599448 0.133732460589132 0.27698251724175 6
0.545142518458872 0.245781566824892 0.615539129352281 1
0.676401262634813 0.980059054824278 0.207006044197128 5
0.63498860472289 0.603872830998077 0.634407592506925 4
0.689891836502572 0.64045022934286 0.618743015133731 4
0.752889906759427 0.630962482506884 0.694700656065517 4
0.684557646943038 0.716344041455287 0.697029663353877 4
0.46942460685197 0.0537800373418274 0.348261883433761 6
0.641268596459785 0.147168820622899 0.574428157172233 3
0.307881247749684 0.145009798699744 0.356265040360519 6
0.378583097767342 0.67323143242326 0.780227110519673 7
0.263598321315018 0.0366319533931131 0.445372820418779 6
0.661218865487959 0.629334555992904 0.787992652406903 4
0.405821238153959 0.816354336363516 0.664848529892127 7
0.278356743444338 0.0638786200802898 0.400619808627649 6
0.815238357479573 0.808421549646986 0.202602918480111 5
0.632228141912319 0.0667257289756048 0.740985792017506 3
0.451063216097774 0.314487728292703 0.513420754726447 1
0.638355247418127 0.103247636437372 0.691509959541504 3
0.382620940351415 0.110256620924802 0.362901629150557 6
0.307672067072757 0.0279540394709122 0.344190860428802 6
0.370546877226846 0.809878293273014 0.70498954693316 7
0.702462522691493 0.669825786475511 0.517244712097509 4
0.739610342481324 0.671186030633398 0.69416148377644 4
0.354784032061449 0.75543035294782 0.828674283853723 7
0.520671004874012 0.349173664218536 0.487969862796457 1
0.654198154431687 0.0534414993644164 0.691193924128347 3
0.0992355444457794 0.470970209326204 0.538479180086961 2
0.556291980868492 0.571396823918329 0.693193449972443 4
0.677222549504453 0.591679181045042 0.813055440735997 4
0.754632112043633 0.838593002114284 0.156252811210256 5
0.690317628100233 0.715983090095908 0.545723513264753 4
0.670509243587233 0.748094280400766 0.68091302456842 4
0.704648338223855 -0.0738695020690659 0.689040275342466 3
0.0703199221597044 0.38519992774186 0.428329753497505 2
0.628565113500413 0.740409219016877 0.749972509666416 4
0.711924355606453 0.107168612304665 0.663266418102826 3
0.603134290556316 0.621648610177608 0.622866994070107 4
0.364132318100628 0.808385308217425 0.864120030311951 7
0.827664546065333 0.943846950155399 0.308506159537994 5
0.605235929871251 0.394307291774303 0.445366278585924 1
0.724454195992398 0.631180604891076 0.696199885541797 4
0.328447266570277 0.0974035431344939 0.329006925493412 6
0.622947177497903 0.108772088920122 0.748156937177895 3
0.307605896150334 -0.0129489538394797 0.303840442130881 6
0.39336414054161 0.793576784833678 0.785526202917325 7
0.349811413157893 0.10406144589312 0.394699392653308 6
0.330961255989171 0.0926121905433364 0.338016742239821 6
0.65294357356848 0.0704215309550089 0.650017026684142 3
0.373707547306722 0.0747104869795355 0.360131222330676 6
0.402766702927569 -0.00149194712220932 0.372305864249055 6
0.617783631829344 0.639130441923889 0.763915685515284 4
0.650016583570623 0.716306014620152 0.679376462675672 4
0.950865224558626 0.846684628535265 0.0373694053335994 5
0.510609154898488 0.081039769866587 0.707257710968317 3
0.74119243790608 0.65994288057529 0.530778678050744 4
0.584604043240234 0.760797143316907 0.643248735290441 4
0.357971450425441 0.801689161580097 0.804592158622568 7
0.542498184911679 0.32005221767193 0.550454281581753 1
0.695207454348076 0.729644204090162 0.570797174419725 4
0.191618470541445 0.50066365014734 0.51561538826115 2
0.362817307349291 0.780403338488861 0.839627319337552 7
0.626387039281054 0.658642299940041 0.558503855024209 4
0.570540116263122 -0.0362636244341648 0.688852391648912 3
0.559710055623309 0.373090986004542 0.400592434498917 1
0.311742482138422 0.770897460852518 0.860874867062531 7
0.41428021234565 0.849168679355695 0.790958499226565 7
0.571022225802045 0.0496521680138412 0.707576362789066 3
0.556059154959158 0.542034031003883 0.700701418054809 4
0.678773158794421 0.62802499637079 0.573411347594572 4
0.504742579337724 0.639659362438662 0.820863141063931 7
-0.0312202082763508 0.572402793544502 0.516407791478506 2
0.411607608752801 0.771404845934223 0.869964137653599 7
0.482767934302214 0.0546447774712049 0.258624460101025 6
0.265240096717852 0.825009314346033 0.705624864906023 7
0.337149146797943 0.820374712689279 0.87557102354445 7
0.632948848308464 0.691668844451413 0.584272686623249 4
0.40900166300758 0.871182510112967 0.785338602344876 7
0.285036061363931 0.0816407770172035 0.399850511098779 6
0.396025702944073 0.0452976390208755 0.306210403902769 6
0.721398455234174 0.67333307442201 0.609941962511876 4
0.629576259700843 0.0574648765636414 0.741588976900863 3
0.656075769613213 0.142732083821133 0.700356934171426 3
0.36748991595592 0.0325856697275346 0.386749144173465 6
0.648491963248725 0.0600683737834018 0.594323635131701 3
0.210956542883629 0.312252396259547 0.384696302311382 6
0.461041701198877 0.336350274584688 0.617033009549645 1
0.274642360358441 0.855689158173631 0.68990787303436 7
0.567984233566994 0.697661698166645 0.63813029770551 4
0.425476205764295 0.791706790558903 0.737917549655181 7
0.289992954823078 0.0761259811638996 0.341761715060468 6
0.538387902534653 0.157704297423901 0.557191700630258 3
0.436651140098928 0.849311109490555 0.632157873779268 7
0.756919889693719 1.03738329650889 0.131573187382201 5
0.260580605847131 0.76559584723535 0.844725769026134 7
0.369505479593467 0.692177610229351 0.799066509785237 7
0.0566619985877071 0.440311036120004 0.460974297288994 2
0.2666845021122 0.787786956746616 0.810894024933384 7
0.632143575026653 0.665730629463353 0.636711237844865 4
0.309092755238596 0.768457452273114 0.808960407244508 7
0.442628717202943 0.783013627418888 0.712712413602639 7
0.658765910790565 -0.0929710396190083 0.572248550111005 3
0.660190319758634 0.897050990664655 0.0373651664423018 5
0.383994942025924 0.820112375671485 0.800374388560723 7
0.295984366472822 0.777234858004888 0.792801367014085 7
0.649677317310585 0.723686886212725 0.644283258066871 4
0.584909280980849 0.0627286376809823 0.595248938269395 3
0.712073494938092 0.672937999640536 0.651622952144274 4
0.694611208741365 0.662490565469916 0.576307410983761 4
-0.032176686937024 0.620232361007068 0.447927275412194 2
0.702301291921365 0.091465856975471 0.644402917247888 3
0.269120761262672 0.0941646245001214 0.348767753473026 6
0.696823760688044 0.654118910535332 0.636576277892316 4
0.72249060008719 0.0518066340519421 0.68798285318249 3
0.353868433997974 0.859854962772151 0.809019576825907 7
0.571359319603794 0.236289752861997 0.51868305659062 1
0.340429259410167 0.0281003570569507 0.349478617374607 6
0.690026631608656 0.186130811574229 0.633056658918417 3
0.380510752469673 0.423849191989389 0.471398977567052 1
0.267858886240766 0.0467410174735211 0.368324474926018 6
0.326832575411319 0.698286392580987 0.621786913612866 7
0.367092190401882 0.11744686001866 0.348792083841066 6
0.627058022441789 0.695313267681423 0.66454516513784 4
0.35098511566493 0.794541428940307 0.887398711623103 7
-0.0461361868764668 0.49261740100721 0.529147533379153 2
0.361480092606988 0.753911491944798 0.768243916413305 7
0.638858048852156 0.591638809324131 0.571597202345496 4
0.595607735493981 0.0892186087040934 0.796085537965079 3
0.460705279269564 0.138642496424391 0.392870348681056 6
0.410939490034421 0.0878801420256878 0.42880175476472 6
0.590856950290855 0.0225211500964253 0.55524824608562 3
0.249388192345747 0.732053846149966 0.649563203736612 7
0.405569939616325 0.0679746548099303 0.330567651387761 6
0.372124217479501 0.0775428279204823 0.369274517713126 6
0.157159073339831 0.710117347924643 0.346004247615847 2
0.441119807627543 0.678584294430844 0.976454857089056 7
0.36254515526234 0.786042239262277 0.671845843470029 7
0.542605986956758 0.436481738826602 0.439404569951833 1
0.479597840247852 0.295723757167022 0.536533814466811 1
0.441924434940281 0.0302521278183471 0.425245005995716 6
0.145443542576809 0.606096718485259 0.430943500922789 2
0.385962747939555 0.721172332495307 0.794045606172866 7
0.857625854081971 0.827964557769471 0.317913044562777 5
0.515279732073017 0.303941170451503 0.336887264829927 1
0.654219015044154 0.000621583355790795 0.583928691211289 3
0.641115790117735 0.616959824945108 0.64103297995704 4
-0.0216984411412528 0.636287676749385 0.514019629074117 2
0.33213155816402 0.830935795279576 0.782632457577238 7
0.278989060358031 0.0427408200903171 0.29999017849189 6
0.337639671042461 0.820183462526669 0.86988913993971 7
0.772704041091747 0.963080734510397 0.221830294742697 5
0.378745836049895 0.765606472531354 0.716684599008404 7
0.612343665495591 0.066360529194346 0.657976245551252 3
0.558324643171794 0.656222875882654 0.685982976631533 4
0.594701718140512 0.703789104980355 0.672206863319651 4
0.341885465416337 0.0766928352889984 0.313591239413246 6
0.60709965905994 0.0917604532800989 0.653670084521994 3
0.733531243871681 0.672755766664523 0.613355457819879 4
0.389798936119705 0.80628611543408 0.899035152162977 7
0.866886451496967 0.872873257210366 0.080143754987432 5
0.442284715883597 0.90995637270286 0.702335882815472 7
0.312358221193128 -0.0210015514882865 0.387807279696475 6
0.658297035433357 0.684783882070797 0.682938867087619 4
0.723115350449978 1.01155942054746 0.195651408687498 5
0.743322251998087 0.164739775543832 0.63721097317741 3
0.310052019402556 0.103072670191344 0.279493635412676 6
0.38238893697403 0.0330264643957119 0.31331179557383 6
0.140770191393303 0.493442586716023 0.663788402112489 2
0.277592222550621 0.0616830192826307 0.336484242811017 6
0.397415740529489 0.708906504400452 0.796136634401017 7
0.114291303100085 0.519398621362482 0.403098538537398 2
0.00738365599389 0.475415830088295 0.566176374081732 2
0.351950545784619 0.0020915761653458 0.29264443599207 6
0.636406310475062 0.662076755464381 0.659255240192641 4
0.697335882994632 0.995364829304825 0.171505195552846 5
0.165171985545307 0.489100284278174 0.502868915469288 2
0.626053934857714 0.728474866951394 0.513083220996867 4
0.624489650141993 0.745660588919126 0.544717361975839 4
0.330115918168658 0.804714023673075 0.922508166827465 7
0.766241496285537 0.988248737030107 0.195432354301717 5
0.423311182893579 0.132794635162708 0.453898374818021 6
0.596744025197506 0.917524504748943 0.333788383846161 5
0.57901896074742 0.617275543784659 0.752366955256948 4
0.239995884048856 0.09773795316013 0.433340480732093 6
0.341807321463256 0.117695457253192 0.344297122138695 6
0.345448175808666 0.175951014090657 0.380025425769341 6
0.26786060118636 0.144663720954234 0.352858612430579 6
0.62336333575325 0.710913302761265 0.697093430212016 4
0.344273001771432 0.877660516909973 0.80122690746521 7
0.352372987698432 0.835943784735425 0.695261101889186 7
0.73395346455846 0.65453737204678 0.659713591709846 4
0.680209340004733 0.788292181485579 0.612377183085484 4
0.33618478161384 0.709588099236444 0.810057289087391 7
0.572900475287937 -0.0677171862489638 0.562657052103245 3
