0.967293086813872 0.633761879466918 0.973502610790814 3
0.454423590062794 0.384166398615925 0.927121568279036 1
0.0347314876875705 0.207641992629855 0.0374256908640072 7
0.632740881663046 0.321192768447766 0.868662467767271 4
0.102233622651048 0.000195948060886936 0.0363182472792081 7
0.942989924069435 0.24629623709155 0.703344994137528 6
0.176744682256395 0.348133068929361 0.342975829546665 5
0.664790217049771 0.354968533552149 0.814353706614856 4
0.191479803149001 0.244004265847447 0.752448931451151 2
0.932181782484832 0.681168765250553 0.933893283716383 3
0.204897240301907 0.253036315007229 0.794968848462177 2
0.642953361365951 0.374871557300182 0.960490420776017 4
0.149144681462033 0.169839363785424 0.807844477608891 2
0.180338515752374 0.315599322142582 0.307956624292857 5
1.07619692354271 0.465055824857401 1.0162058157574 3
1.01384996812356 0.610325116783839 0.955292883478966 3
0.85357716656063 0.196413105303237 0.566581076702164 6
0.591778684685489 0.341528960026118 0.911196190241555 4
0.593633187664813 0.284847402724733 0.941408361056854 4
0.387594470268776 0.336427061231699 1.00161860747348 1
0.201390266689871 0.202085950240454 0.664792183868787 2
0.134526828604572 0.26734870866671 0.733378278781816 2
0.18462716320912 0.181755217122928 0.755817032018987 2
0.253834851371203 0.238611551943388 0.782455060448166 2
0.136016849471518 0.236559472677088 0.883839825713452 2
0.18505029773307 0.230355669020155 0.789263611130323 2
1.05316497259083 0.348424290640196 0.775814179896529 6
-0.00309801422979125 0.388395729260217 0.364960955293079 5
0.218109696611127 0.233998180886931 0.820907183272091 2
0.114137556130177 0.175679296923929 0.104082360408953 7
0.896922975587602 0.13998978992341 0.609961108211759 6
0.67757251105017 0.375666757005281 0.948839481182477 4
0.857552136540929 0.0911320953935224 0.614175891044121 6
0.671099236937707 0.430847665533551 0.972303782410464 4
0.910547274799031 0.583143746208505 1.00064919788948 3
0.159015639078965 0.357968143712294 0.331627576152266 5
0.966539016789642 0.695499285346564 0.89422988634158 3
1.013952262363 0.558507210951819 1.07842374465935 3
0.377179204716577 0.365528395134342 0.9230895167823 1
0.0850051735934848 0.0669252223920445 0.0140676768811679 7
0.0293729347058086 0.168402996621884 0.101849946244292 7
0.70209332164654 0.373829842259343 0.84595375656858 4
0.208471890478 0.217658274373121 0.743515525089735 2
0.930738142378597 0.461116238659221 0.957445325698414 3
0.20118513555144 0.220613762521485 0.824954846388795 2
0.179538069514915 0.0319562794422816 0.0837489033232627 7
0.628529186295131 0.298929744954722 0.879924524748433 4
0.370300664140175 0.411670695160497 0.892029304933601 1
0.692942165192789 0.347070162588564 0.953704979104753 4
0.658579842107673 0.259228371099718 0.916493226020027 4
0.193965700338627 0.187949836048794 0.791289543409481 2
0.0595668335750221 0.272158309065644 0.274923199200867 5
0.135133987110788 0.377956581092949 0.271080754426977 5
0.372450617534743 0.317140247087323 0.89525855245448 1
0.9370183136163 0.567496961140267 0.987083351419822 3
0.917115292459904 0.743627990647137 0.829205094879161 3
0.819114786001401 0.158666592974706 0.68479931895092 6
0.96167297431812 0.615290968985766 0.977524447734826 3
0.0604938431043869 0.48883977792053 0.397975314269843 5
0.0423437480874184 0.159624158300854 0.0794500072320367 7
-0.104787254035705 0.11873981969373 0.177011525686731 7
0.911570311497324 0.596613599087171 0.905316944163909 3
0.984803599287484 0.594030543235781 0.905133741610344 3
0.645899957924532 0.325654063385876 1.0137947110222 4
0.826360482037086 0.715535119041866 0.938285613312472 3
0.324831924509996 0.385575264042215 0.991643691561978 1
0.932570594298026 0.14305982826888 0.570401225823584 6
-0.0930440341435156 0.432884413964969 0.305698434026036 5
0.782014338688969 0.211680607197488 0.650485889964878 6
0.160301616054645 0.353521500840263 0.354858886864811 5
0.601056022284572 0.285023069051905 0.929457986974986 4
0.0652696992086265 0.187978172399191 -0.0737980689755378 7
0.0533274601507928 0.0640159846280787 0.00185194551206674 7
0.746703935152319 0.294601284860658 0.854832611280744 4
0.82032261882994 0.542392463937446 1.05499002139182 3
0.1887535885344 -0.0829121362797315 0.153825455941877 7
0.677511198822514 0.310475370574618 0.944766607231297 4
0.596490038795932 0.24390776023356 0.908187668792858 4
0.874533142681372 0.557969785523636 0.947256850460186 3
0.727172382332689 0.435372516418338 0.959646451088412 4
0.686365699465513 0.310626327188865 0.904361419652809 4
0.0718009140706482 0.324169992860647 0.3346021890129 5
0.909342919955431 0.283363745899594 0.616828641631882 6
-0.0124929948158628 0.0687112717149813 0.166598394477683 7
0.875719565584021 0.199655219173288 0.59385439619723 6
0.284019299244613 0.226230016236685 0.75716367961866 2
0.229628629925158 0.161226198409321 0.728574680594392 2
0.0519154093903355 0.0427765894825111 0.18924849629242 7
0.945235783799028 0.602795031551462 1.01078142197187 3
0.194356669170237 0.244382216196996 0.755935142434024 2
0.165059361698017 0.288415805351376 0.735774356674108 2
0.00672140009755662 0.0201697848016855 0.135325016649141 7
0.900362366786122 0.229617716100046 0.433671391859535 6
0.909424066207857 0.738420089439517 1.01973628399755 3
0.715696070698068 0.373007390081079 0.92245746481393 4
1.01165191257981 0.620514747694991 0.881104945603006 3
0.791234224349397 0.734295398723416 0.976529752949008 3
0.914245446212498 0.758346019048518 0.871043585660341 3
0.342378442242136 0.363701921352836 0.92493675862097 1
0.143218233100988 -0.0547596441546073 0.217714146610384 7
0.306719520047253 0.337971668437288 0.929116439325808 1
0.0154286192564312 0.119348646766488 0.0683347941182393 7
0.0122295151937873 -0.0107198368364196 0.175557060623338 7
0.189811839804533 0.143648087054442 0.750951374682235 2
1.08579231601902 0.264645907523891 0.513530387534678 6
1.05252303501861 0.257274205491149 0.755383505018149 6
0.592040413483399 0.348503992226043 0.902978912567629 4
0.623396268993016 0.333591233846954 0.92108723666782 4
0.0992937766825143 0.445998792011534 0.479236840500658 5
0.586107016876721 0.351572229965894 0.876114049073323 4
0.958977492433791 0.726824814179305 1.06116215416752 3
0.0674747728059241 0.263141054729988 0.0618628689364034 7
0.956612040158318 0.266253184384735 0.63458516574919 6
-0.0115671756429251 0.197746915948075 0.0377996684301871 7
0.283174535994571 0.296233779489549 0.779294573312483 2
0.17389292898461 0.239197890414072 0.757822437639729 2
0.877350920282607 0.606568072521099 1.04641903495271 3
0.0854049994864651 0.41275788457485 0.39936048614411 5
0.948159211192228 0.6568507507187 0.956455926702144 3
0.356886103361362 0.291630593950202 0.941777391913386 1
0.0895695828262603 -0.076076266526729 0.0874467843263728 7
0.105581622816596 0.112150304626611 0.171227748418613 7
0.902011916986908 0.679748174555535 0.926271701606927 3
0.625487964738699 0.378257035791931 0.974715263416261 4
0.885485521527376 0.211674707430015 0.753151854095923 6
0.99087307491407 0.249364767761272 0.640080244008608 6
-0.0175492154166988 0.351051593639645 0.304772800925817 5
0.912617584104514 0.754648264488878 0.920428480252786 3
0.220074786816456 0.223052326045822 0.824265827631152 2
-0.0707707217855197 0.334197457619131 0.405124104147635 5
0.658106890169479 0.364046060908579 0.916939266712455 4
1.01522601849598 0.667684448446563 0.916409388145892 3
0.866116552762312 0.840513690558463 0.975399356746602 3
0.0806966431712165 0.306023084395665 0.351214282538 5
0.986198876449278 0.213133421465236 0.568499996899671 6
-0.0526850470686179 0.249880654630396 0.146596021601242 5
0.230377495516422 0.247509828018114 0.819062986065044 2
0.0977196184409444 0.422946619009935 0.386540424118532 5
1.0644533905234 0.674886561251862 1.09808404484455 3
0.845429987317493 0.27610747481141 0.683340884400746 6
0.846617107320392 0.592649294551052 1.03963208492107 3
0.860371271898488 0.413369989284518 0.629775072079467 6
0.631134436514355 0.275946750010492 0.923830959831706 4
0.533322775322539 0.304667323707994 0.923771991153707 4
0.276692583741714 0.19007843522173 0.849198381161323 2
0.0420279908630461 0.241632582200805 0.1378111489918 7
0.600299982992351 0.36815360644042 0.928655660360148 4
0.860262298807263 0.553610301147382 0.886487674364742 3
0.637725878631348 0.261991753666559 0.848078941868454 4
0.0643491667407162 0.398262779242869 0.289834936769615 5
0.193077060470053 0.188003094176173 0.865055007672452 2
0.604478749210021 0.350916472661355 0.933970781263948 4
0.0111126007992153 0.0956152545553696 0.157934250055666 7
0.30014158513277 0.280289604647731 0.727933474895943 2
0.913392552687146 0.535693052893955 0.969286128689893 3
0.694746808826386 0.382568760527646 0.926249302399091 4
0.196210143336497 0.272537396917725 0.74465436787788 2
0.146126065818641 0.464288076674111 0.40580882126839 5
0.715680396053254 0.426092188233914 0.99197109777342 4
0.974793493293146 0.533547334769291 0.904435588850235 3
0.938674357341025 0.55802334166268 0.87378429738039 3
0.575725629380495 0.3290450534119 0.866570880479313 4
0.778893101949989 0.517586290413215 1.02009022924343 3
0.946984296059924 0.199843194683824 0.673988320326031 6
0.103553558234613 0.330034925949948 0.348124803207269 5
0.619193695405097 0.326743326385461 0.873705282790114 4
0.0615398239612825 0.324841756277182 0.323200788237352 5
0.661583515446969 0.295600613793189 0.895351392451984 4
0.692524366082606 0.406335934602025 0.959422473570992 4
0.0273305538843515 0.403572656197942 0.281083111790503 5
-0.117112735963337 0.31549307621836 0.328600076424369 5
0.202878624237305 0.26025230888773 0.753948058778418 2
0.115757222095242 0.528426292380676 0.311098771984142 5
0.979254745246235 0.268218061491764 0.711991544177005 6
0.494291315797418 0.405382921919738 0.948250545487121 4
0.907845317097201 0.694275431244968 1.00142553402714 3
0.595703320321435 0.358127652132441 0.931103555704778 4
0.673021275300496 0.424093239414222 0.965403703241117 4
0.916032353033766 0.632004852637296 0.964572701201201 3
-0.00661878082182364 0.267867163723604 0.355076444315316 5
1.06499635882966 0.186878452376684 0.585582791687535 6
0.702468060548063 0.377319192173797 0.896821310482776 4
1.02797168897803 0.623581894514079 0.855622965100946 3
0.921384749458809 0.180446316025467 0.502486371282653 6
0.0468549502649304 0.0534874829466494 0.0555696513613774 7
0.0635275618472297 0.370179948933252 0.382607317588344 5
0.0640178822054686 0.292872990368956 0.456188636491189 5
0.873018166105057 0.253827640531943 0.622249476997238 6
0.920170082722975 0.707929119573672 0.974951923435983 3
0.289333452489083 0.194898560473934 0.82956773853376 2
-0.0375826119438086 0.110325289316463 0.121012266589176 7
0.831595183540439 0.672829513274349 1.01847115169016 3
0.19550185760102 0.18337154124114 0.734298726951688 2
0.615912177275379 0.41970494677801 0.970864539397751 4
0.974614504301371 0.179207187109786 0.724646442161634 6
0.0986623061569558 0.199024566043524 0.174164765677117 7
0.158817662333273 0.308205940130875 0.79880467511596 2
0.910659930025752 0.612658514183338 0.949830550489512 3
0.600308856475598 0.314220858621878 0.949208401490973 4
0.0797072114787507 0.253466989704705 0.0947396269887952 7
0.0506173380195925 0.407870613553396 0.331108789984693 5
0.0111917329807371 0.328914645259209 0.348049514940056 5
0.611085316563564 0.390853602911664 0.92700270634376 4
0.708427798397199 0.361930384971414 0.886477147055238 4
0.181111448922706 0.228744071191385 0.8220250406863 2
0.917638278717185 0.527801237172009 0.828635989025961 3
0.905861702277261 0.0783398427204672 0.560211216862122 6
0.873045008975066 0.722217805299102 0.80101251204996 3
0.909609004952578 0.606504886133605 0.954887497352782 3
0.702961068499181 0.343357907049544 0.875802163444829 4
1.09469899260751 0.693723385971344 0.962256323379852 3
0.189688864545551 0.18988289516259 0.784843507844618 2
0.929092404849564 0.668892596235967 0.9014692082399 3
0.1355485859022 0.176748647968807 0.064212897848038 7
0.0785500402496552 0.116676625523498 -0.06304391276886 7
0.983688694084616 0.813341178489698 0.948243750085269 3
0.889992766196958 0.233760467014428 0.448718640340308 6
0.0252355254029659 0.0626480094830711 0.0862627700552193 7
0.928258020824209 0.257622543086104 0.611087829744424 6
0.636735446081658 0.274970532226904 0.939957026372516 4
0.293499427003438 0.166481391222605 0.806304135704257 2
-0.0088424118893215 0.0650641407531894 0.0467672507435378 7
0.118808954659639 0.0762308680245825 -0.0484290346454735 7
-0.0172452667276258 0.410439755004948 0.314459427828553 5
0.247747295099609 0.238325361716535 0.759805654431076 2
0.98569489915903 0.540782384197556 0.835362943112935 3
1.01772162525212 0.199067577577478 0.516663777036389 6
0.680936966344681 0.315173453533296 0.961715023191539 4
