0.24985565586552 0.125864909127745 0.147384739307779 6
0.209111135010828 0.661947392315054 1.00479246868776 4
0.902324431526554 0.670406397080104 0.725997926331492 5
0.628578363176811 0.197214559386192 -0.090963482187544 2
0.251955803382646 0.0550280548781283 0.246154130990242 6
0.86693423762016 0.6924294446067 0.807788072052219 5
0.33964891822478 0.461097456868717 0.378881116549585 3
0.320863245390865 0.444535429587205 0.370090986341556 3
0.22303160820354 0.499239503494177 0.322019980195644 3
0.0380857810530869 0.640079455807287 0.776000456963846 4
0.708344861690946 0.593655096403063 0.836520255188632 5
0.589173571381304 0.411540879707526 0.643421271530412 7
0.0123921313632376 0.599640165517789 0.0342081217177941 1
0.71245482354755 0.529169839973146 0.593746672791167 7
-0.0631229981301988 0.760485030541475 -0.0653603700118539 1
0.125312905229876 -0.0372904133921547 0.321643626054919 6
0.212422221255664 0.400100796404369 0.369387944601583 3
0.572032833920866 0.512043304218933 0.680349270745139 7
0.0522124453661 0.555346915895243 0.857339327844912 4
0.629210252944778 0.486348534851428 0.55012136607451 7
0.574240935396789 0.487412450490411 0.525044723197379 7
0.161365064697453 -0.0229539157833329 0.349388517019058 6
0.82803143328449 0.684341824642926 0.855910815494456 5
0.632439052381078 0.464317898092844 0.579374565171165 7
0.75727578586849 0.629777093801721 0.805148635027152 5
0.741384130126734 0.58395834159135 0.825838484721044 5
0.859123617477118 0.706989083342437 0.85434528993213 5
0.133967263387367 0.187634036514217 0.196313611226294 6
0.159292581776738 0.67355022990659 0.813074880873477 4
0.735101269847582 0.585773583059652 0.749658042650023 5
0.610868801392281 0.432862715547685 0.6423206381697 7
0.802842111646141 0.656234099177281 0.824870693176961 5
0.116900531624876 0.509823129095127 0.0856635137352246 1
0.217967730898706 0.442233294450396 0.347517005159992 3
0.770072828297221 0.663863091145438 0.797206562466551 5
0.1290332779753 0.722434256876643 0.142178992828965 1
0.622044829228499 0.564708018217668 0.567557955558958 7
-0.0443025909680772 0.560505774935623 0.767718900240727 4
0.134816709554062 0.684302550065728 0.0913383099295454 1
0.753989883537645 0.620960748244705 0.759006403554384 5
0.820728599652694 0.682364266657906 0.745935023619514 5
0.761121447986223 0.520737579562095 0.639988261047234 7
0.229635254789121 0.0439090085874844 0.0178261299813094 6
0.713169741795472 0.611141478946091 0.663566128667247 7
0.424880818041376 0.277787152125564 0.102394004549909 2
0.811514191148736 0.655739821249798 0.768757235048334 5
0.180695450919088 0.595589610851145 0.119165932434643 1
0.623820197298752 0.559104608583342 0.640863969162919 7
0.0244632065573662 0.507190793954184 0.0932795480220324 1
0.640685507370179 0.494152529665747 0.634730320354001 7
0.673789741659582 0.552388555113455 0.598361338805897 7
-0.0631823708269312 0.570168585808976 0.10731484702691 1
0.685633736170607 0.199125627746373 0.0793918239916281 2
0.272256632454517 0.553958059654843 0.755377457629979 4
0.0713307467942283 0.63925752389276 0.233427647930547 1
0.629895620437883 0.174570625193035 0.0871909110255783 2
0.757227774907391 0.510840483919567 0.804332180129656 5
0.508364432806929 0.151082587485089 0.112659796637503 2
0.377964556186005 0.560874956088176 0.37573053788321 3
-0.0171667866546567 0.557621223382184 0.874056048615761 4
0.778429877683932 0.519524893523711 0.664435020235367 5
0.0818118071244382 0.744811951265863 -0.0250728660525698 1
0.772730870490419 0.631202623400434 0.816925500163608 5
0.229421045361155 0.174190476409767 0.257102165808471 6
0.329934155039178 0.0650688971942232 -0.160381145443328 6
0.672332056814462 0.121546232311259 0.107206097118021 2
0.831473125947929 0.650883386729391 0.836965732027863 5
0.634086670793526 0.432163318872384 0.65476090791357 7
0.0711535677754001 0.852298338240657 0.82498124342949 4
0.514047806617391 0.2821386474593 0.0737037589875623 2
0.229042035626655 0.362790502943932 0.370806662202889 3
0.62990897097808 0.19343287322539 0.181055106718983 2
0.146210580237297 0.589156133849861 0.100025315416541 1
0.692998131781658 0.50067546958499 0.625128396279739 7
0.125454993668167 0.33179972672306 0.391364855670361 3
0.676391153057985 0.527366340935149 0.619468822624629 7
0.224152573460419 0.679473221319824 0.067657728704877 1
0.0487944051326381 0.630664492898292 -0.0319951459998038 1
0.0400715470659966 0.0868280793680518 0.193410159011329 6
0.728409963349003 0.62428315316898 0.843372881680118 5
0.82904767175442 0.581299110620405 0.772575729978941 5
0.0974484721117626 0.720705543801019 0.0686277827052105 1
0.597376014747504 0.517353828104964 0.630434673533806 7
0.326704739180295 0.599517618717849 0.353031534868091 3
0.667808510767081 0.484531867044192 0.684254745423075 7
0.0728068922513887 0.634870821604258 -0.000464563411094229 1
0.732929677209912 0.119151360710951 0.0787678463115489 2
0.787227570824506 0.564334188055843 0.761748328331017 5
0.714034454011766 0.14251001733399 0.0825417688043002 2
0.651630754090602 0.549562588205861 0.587473304124981 7
0.602451707005049 0.522378485252802 0.626471830648404 7
0.854038704922885 0.317359967381963 0.183582721794612 2
0.0839909682717207 0.53398339424029 0.0671680976144898 1
0.660293605394899 0.406759261201742 0.656745431019601 7
0.0456483394368305 0.687879088070182 0.888046537051866 4
0.782952412057522 0.658083641872631 0.765201631544223 5
0.611474350133959 0.487661700211479 0.717459237944287 7
-0.0550780539784237 0.591555803413587 0.73282795302187 4
0.318422371303647 0.172052583459419 0.306483484785723 6
0.705705432172194 0.393011817163934 0.66723487506635 7
0.0137750390128641 0.759573107634328 0.00441824635653526 1
0.293534150783643 0.517136131116624 0.455980911321038 3
0.00396517901889357 0.707687271057972 0.0427214903241297 1
0.246299101848947 -0.0448603318437306 0.127044944787102 6
0.726008356412183 0.631097024582342 0.790303282805622 5
0.742479387971657 0.29115386865823 -0.0229529184766911 2
0.73482221315853 0.618450532681279 0.672527233266474 5
0.822160527337394 0.664676932161764 0.754525059827198 5
0.139933941178473 0.732335709660597 -0.0983620159998321 1
0.046448538663006 0.72541223649575 0.167068882575931 1
0.389291280783207 0.464501511199084 0.402541639693707 3
0.157333981766682 0.485961782646972 -0.0214778211060511 1
0.192696421065652 0.57962778149767 0.00755107483195747 1
0.698365051094801 0.0879844487886679 0.12281678719234 2
0.158858374260742 0.206148987416243 0.338597669641661 6
0.79380923591542 0.77228464203793 0.740112165923664 5
0.45431596966023 0.453556708137046 0.424605636275055 3
0.0736222076979094 0.635624082039903 -0.0130770718740505 1
0.106972730525824 0.678942133755141 0.0585307402351163 1
0.317667917186292 0.659362209805001 0.319061894236921 3
0.681054990140232 0.268315888931136 0.0776926380333269 2
0.81467978147289 0.689792423580118 0.750731054715478 5
0.214166722598427 0.010502506435305 0.15455134095451 6
0.0464057734012727 0.741211731944172 0.802396597373044 4
0.742283656588717 0.136355288430969 0.186711928689371 2
0.786498207720114 0.643351307178679 0.845630510086074 5
0.323110348729944 0.708653818845413 0.221027698058079 1
0.652437513037063 0.112682865718052 -0.0757228307133313 2
0.633852870046686 0.442083848549919 0.712152074682218 7
0.60772147980247 0.488391049446461 0.645551769267308 7
0.263482562155778 0.144159446166461 0.273562330703903 6
0.184604673054878 0.0355311373772345 0.203615205058423 6
0.586695651061991 0.251754768884361 0.00683968570475343 2
0.114577959602388 0.677940455491399 0.128884948390227 1
0.802313004620167 0.64815824516438 0.725601658474802 5
0.299871624036758 0.0973288922664008 0.320883596010472 6
0.388693903334192 0.607266998639797 0.262826949665922 3
0.821230164729105 0.596006383123815 0.758473069521622 5
0.0514089174674191 -0.0221229182340166 0.215095596987442 6
0.0799210030054808 0.667631257322046 0.807228047791612 4
0.0395459529088385 0.640363071456762 0.93477223500604 4
0.673194259674681 0.137116424239467 0.0544077305987159 2
0.425577244479663 0.582624197039774 0.260890121859997 3
0.755470201691228 0.618744720855375 0.751344662545016 5
0.0313572466102509 0.74288944417237 0.802320697829776 4
0.581553775161878 0.51500835370658 0.64194370633069 7
0.0368548759029307 0.631824124216201 0.86091244678184 4
0.724907388289801 0.410976884762695 0.642521621713887 7
0.812819186345187 0.641314141923066 0.732797989708527 5
0.866697296803914 0.135845651905387 0.231977552942759 2
-0.0134181593665304 0.653913366488098 -0.0148431365062552 1
0.242514744536737 -0.01523092540657 0.156503501998735 6
0.66123396677634 0.519340368320921 0.616432555401745 7
0.753932074511703 0.195261157801835 0.0306976904502041 2
0.807537174774803 0.551136330968203 0.826026857201083 5
0.695478935854656 0.152351518995156 0.0571042569549634 2
0.654667234178997 0.431394988615539 0.680193566116665 7
0.60826466019947 0.418702118766579 0.16822967516641 2
0.658169192106362 0.456998541259634 0.651864262516641 7
0.201373268962318 0.691382002076653 0.84473932979296 4
0.839577285031963 0.687090891826558 0.712670294644332 5
-0.00501040988015183 0.6588978038775 0.0689215983936065 1
0.734796142507599 0.661339691540603 0.719235440972119 5
0.688028755400061 0.180077966317323 0.0902007819280506 2
0.316072810852588 0.0467512845664187 0.255391915019446 6
-0.0739942955238336 0.724539589118315 0.0930892541555636 1
0.76696845870543 0.46277857576278 0.687010433707776 7
0.724494076801158 0.509475061258757 0.594232873343696 7
0.833107459098029 0.624566370385627 0.760557291525526 5
0.138380395975189 0.789581774329167 0.931656065729622 4
0.262913395972011 0.137646809138817 0.168533169905226 6
0.836474201187338 0.559721813220613 0.912113517969539 5
0.0909624892172371 0.516361714003066 0.0794048546208569 1
0.764643235625047 0.00506290413194707 -0.038828956612123 2
0.228339132222876 -0.0474628595864403 0.0981015344965938 6
0.760889247815846 0.680273149559828 0.789538065603785 5
0.365224145445876 0.397173227482534 0.253082900091659 3
0.769957931074485 0.618646516247792 0.80681225072586 5
0.233980160445868 0.599375846815114 0.814274548048681 4
0.305751003110757 0.654327196673103 0.352639024380194 3
0.217956424862681 0.643889232132092 0.32510195086039 3
0.824284441055091 0.186857801504372 0.140494489711355 2
0.29313342901486 0.0470652014280906 0.214704715574496 6
0.158218795548458 0.189699893111087 0.107248131826642 6
0.821021318023143 0.598665996331318 0.769355599911914 5
0.17394043557421 -0.0260080245729257 0.0532190085465162 6
-0.0756610084527703 0.639626672976806 -0.0027463382024651 1
-0.0297779949387662 0.697013189875605 0.71263388406079 4
0.776884098880692 0.75452001770103 0.728912393867815 5
0.30749163224089 0.453922180794134 0.334136996408786 3
0.413468203603504 0.446631605412382 0.307265686932446 3
0.662353924541374 0.500525031763876 0.681381871390337 7
-0.0260577604539669 0.764269080698146 0.127587950735867 1
0.6340483265604 0.497367236329983 0.711065264091118 7
0.864897365258919 0.632956784496714 0.850132182896578 5
0.399883148826655 0.503567786077691 0.303616737315505 3
0.306078190609639 0.708401536929993 0.36293602775885 3
0.747683109762208 0.508760378552833 0.640627371232989 7
0.267764595348477 0.0163333132204978 0.393372938333519 6
0.265947492508393 0.030562460902862 0.450000103645259 6
0.639410133996438 0.564124585634251 0.615546727040311 7
0.665238807132804 0.446034439607706 0.690063051822444 7
0.481651517384767 0.326267650598814 0.101973428452783 2
0.0874084399674844 0.494374391758881 0.809573209523501 4
0.342891265944173 0.481108939454724 0.538351443194876 3
0.627646161496017 0.484656906932134 0.732274096329313 7
0.659439501293969 0.495018460812319 0.63619318283886 7
0.34973488338665 0.503746824884911 0.424745319923352 3
0.44624868143059 0.563819362904033 0.377241631857932 3
0.752628991440191 0.697018216132889 0.814761298400567 5
0.383185111603339 0.178887046966664 0.172701094428955 2
0.677161022846104 0.15815374654703 -0.0451921756843573 2
0.184871836894811 0.0920409395586092 0.311224073494176 6
0.252991134687091 0.476594617505138 0.46202041335635 3
0.175000876113925 0.196606401204064 0.0968666814952556 6
0.374640116025511 0.602793081041135 0.289988605778995 3
0.691826920065169 0.433668071818913 0.708083174037382 7
0.79034296193523 0.709387446018374 0.737842000328716 5
0.650642547215558 0.451586126261328 0.560085534510922 7
0.636471039297795 0.494348796009696 0.648908534033411 7
0.670825029013665 0.542536313871885 0.568804248014067 7
0.315245089728659 0.450598097326685 0.397784316436202 3
0.62584288792991 0.516655402886208 0.536484578081908 7
0.764892794001277 0.638318172858179 0.740760681012898 5
0.208117898211049 -0.00430222944805654 0.231360872573319 6
0.67723523454839 0.290321993396122 0.0787058597545837 2
0.363084384170392 0.572660129157837 0.506011655776664 3
0.184754509297258 0.588270734815391 0.0308241237127782 1
0.811967132136517 0.740293123162194 0.832399026326505 5
0.13460539295045 0.765010312345247 0.190185975097139 1
0.617352725318658 0.482082092029558 0.701655259588348 7
0.853841519751034 0.641898260618504 0.749649920566983 5
0.0239548653857177 0.482111502456461 0.614718285289874 4
0.0434743172111793 0.59775489134684 -0.0156034724550641 1
0.573345230736296 0.298833757297118 0.0664021943638936 2
0.117686482066282 0.687342281234291 0.134433782913329 1
-0.235777651071882 0.68676770766391 0.936452430928647 4
0.850532960192262 0.617302269193962 0.838147375416415 5
0.0864890914113509 0.0514207820071664 0.117204834847737 6
0.591062637770851 0.182136449707142 0.0377876449248797 2
0.198342441919452 0.503351975174357 0.68998145674849 4
-0.0258948707058905 0.806851484410505 0.189929374955997 1
0.334971756294469 0.500164030253684 0.324404294412283 3
0.0749615311744278 0.725903987210279 0.071250636821051 1
0.413305220241109 0.6491781291894 0.391955364047487 3
0.784637702282882 0.170361143886725 0.0719617876357011 2
0.628729435227235 0.448840193921726 0.642210638636878 7
0.597854008591147 0.425708912046466 0.596911840840447 7
0.0455672904512086 0.0773751834548719 0.240398664559245 6
0.683219816938006 0.45621332698531 0.683148979274585 7
0.210357517296998 0.482847426847808 0.238149157495642 3
0.695990638235131 0.655169292150761 0.781514801617543 5
0.297431798029546 0.464164098897332 0.333713792081007 3
-0.000667352977417365 0.7920457921996 0.136419213859111 1
0.597664266881012 0.242722207963047 0.114138326775521 2
0.175829437558154 0.0977887332164178 0.0937725221567366 6
0.807684948014481 0.631299590590067 0.876178283012084 5
0.749819799941521 0.229345594965908 -0.0929488847280252 2
0.658699488171135 0.265249202602183 0.0911841774502368 2
0.224386849951635 0.117427703866441 0.222375213025032 6
