0.460252273384486 0.8809511340949 0.069037695625856 0.54646580462891 1
0.222106196327816 0.493000840007354 0.765942979339217 0.86406823089196 4
0.0962321237260362 0.930037356220729 0.0831808322968683 0.226413682448535 5
1.00023255514925 -0.209765860652775 0.776422376243715 0.780702834063024 2
-0.00166998669642478 0.782229827104078 0.571639330213328 0.725324743624463 4
0.765498518187311 0.850900315483214 0.161439036737161 0.354207759937772 7
0.0349709715893692 0.715488376694713 0.489249942871592 0.54744649499426 4
0.520034726558797 0.194785901151198 0.690748658544705 0.303393692536557 3
0.969456295587131 0.152758647361093 0.884894846521783 0.979967160730137 2
0.616369952528933 0.124109826105464 0.65582635987703 0.353217300692332 3
0.482946186593202 0.17340213484448 0.424886089833989 0.125174926662506 6
0.370133210225955 -0.0255218240212082 0.811876545662441 0.110573172361612 3
0.499290106926196 0.974255999422365 0.0752011944567955 0.562286477729235 1
0.590414167777048 0.933690614757642 0.0817171841351872 0.523394436034354 1
0.158838730581743 0.676546735922516 0.715724130368005 0.610019153538459 4
0.382223986780017 -0.0757326581032783 0.517930827198894 0.134012374165588 6
0.587207608787271 0.139035188051586 0.499633980977446 0.0318734436530262 6
0.913176580789329 0.191205042223715 0.956789031335925 0.955982431490949 2
0.494152604565155 -0.0374563266633629 0.367352801959366 0.115681300201863 6
0.0069030136447199 0.908349961701402 -0.0131270009952641 0.220775703325464 5
0.492060528949602 0.919506010526927 0.0535728393151769 0.354943326156563 1
0.607066683156915 0.864270020680051 0.0356152391926492 0.536977086093754 1
-0.0612142806487306 0.775295306486329 0.488938200707953 0.658405429579496 4
0.796526551188416 -0.0299984261448267 0.726225918240116 0.902146514416743 2
0.439913482271608 0.871145667683452 0.0972837113275981 0.501784728421595 1
0.225307344734743 0.88785748266254 0.15285558464493 0.155202479591432 5
1.04573808653105 0.0411314462391864 0.876814751627463 0.970026393450272 2
0.449889264308644 0.93058561727158 0.095602586633166 0.578382606022676 1
0.97214612158336 0.184965404813782 0.881464169841307 0.824235292227701 2
0.852987976358749 0.0700153056129349 0.776208130902652 0.857165401820019 2
0.096636530941939 0.773433632615569 0.804014384874209 0.676076981811395 4
0.898517077929526 0.940526288538432 0.111728858534154 0.401424795254674 7
0.528711651004648 0.929812187404824 0.184001674182869 0.421603904139014 1
-0.0262960755178241 0.83572912924272 0.674146413651309 0.31837395445555 4
0.641010920912002 0.925577976630166 0.0631164159732514 0.413723406910631 1
0.458022852533499 0.106319256310144 0.464724575057495 0.120408274684044 6
0.393189954545972 -0.024758366181172 0.480607492287066 0.14142651252933 6
0.403180945980802 0.138755217069356 0.613708970110562 0.0846550342336069 3
0.759213472229897 0.948818421541252 0.0470027510409255 0.368870015030704 7
0.145779937059759 0.859307811490469 0.166029425263648 0.261140052263119 5
0.141238838699491 0.650350078418714 0.63936531450209 0.427127356426512 4
0.975655983726258 0.363661924698778 1.15523007234784 0.923680721116885 2
0.518121608132045 0.0153136581813674 0.896854476505454 0.0943423910820134 3
0.501432203987232 0.933804265414314 0.00461077701376013 0.548408392758625 1
0.489670274990278 -0.0734912409083046 0.52353268107796 -0.016233040591814 6
-0.134741466199239 0.740363102509115 0.410636535926646 0.757938504807912 4
0.45983633197575 0.953775542757063 0.133586643033537 0.504806037227873 1
0.480476666240931 0.960205170784178 0.0977811557382726 0.433842074815946 1
0.248884880576031 0.935697876541783 0.110017758756431 0.230239569148977 5
0.955211951628598 -0.141629252461038 1.01965934288182 0.682071786331363 2
0.560373770932666 0.994086888301335 0.0924057200471256 0.562365509190586 1
0.0146633128825706 0.456487652451016 0.529357112401578 0.703426164716731 4
0.466070650072038 1.00002159087816 0.0274128377402505 0.558269452991419 1
0.56849752265739 -0.0229830831721108 0.410655782279554 0.00808226227856292 6
0.578996673693548 0.163315501072322 0.372130213658731 0.0261351599408904 6
0.52036058760554 0.875713483188696 0.121786213570558 0.479294244976542 1
1.11654965550239 0.179219947186681 0.995898468007421 0.928243105024967 2
0.433238972678497 0.984825115326523 -0.0027805896230932 0.486099000037264 1
0.540999174268861 0.945809771464346 0.132655822256504 0.477529447204724 1
0.0737022084978288 0.673256726627204 0.692729966689289 0.726955136626208 4
0.534700642834605 0.0544529144118762 0.685670152350037 0.367040670458042 3
0.551834129228075 0.133381673269447 0.764658162295902 0.145247189960981 3
0.230519691324988 0.927496230744325 -0.00914092409115308 0.253278601613913 5
0.0495080788253311 0.740949326363281 0.642055615887976 0.796273822152282 4
0.622079918371811 0.240668883094996 1.02468572848657 1.02195093708004 2
0.357847358782292 0.0430301327777453 0.302441119651477 0.0687801649188647 6
0.603326699832363 0.0675864347516765 0.284350666812103 -0.124694129077012 6
0.472447656763025 0.207142326648276 0.63932592259039 0.177535057512419 3
0.119855062069583 0.992962229992071 0.107634444178327 0.19042484131619 5
0.900110690917522 1.00774889427624 0.0287748072527875 0.33988997359071 7
1.01292450549542 -0.108935907238521 1.07113879675774 0.976955291977275 2
0.0354280439494373 0.59158697346048 0.451320390166918 0.663989192609712 4
0.882121212516144 0.189009093134641 0.975703286003971 1.13748183817145 2
0.806514791177371 0.89202654985806 0.0414214038046148 0.423665315721492 7
0.823700352618173 0.928005720459547 0.164683605700896 0.341577529032657 7
1.26753800819406 0.000808609397810633 1.01310999211656 0.795187532986857 2
0.208119455544927 0.97923114130029 0.102457708832045 0.172735802773286 5
0.332467038410758 1.08366124375516 0.700828425287041 0.671670612475518 4
0.0217734695479738 0.867347115264173 0.806755093513215 0.599275780794178 4
0.552012628810783 0.186041755416779 0.85287194646289 0.250639046765295 3
0.268748999427757 0.452051490206144 0.535722467614616 0.573389988340383 4
0.515243508456633 -0.00994249154282283 0.877150460172765 0.292601769333036 3
1.11821608293184 -0.038259423784472 0.872534299095296 0.726662338074919 2
0.424614773345128 0.176619594132318 0.340972312357513 0.0449877395368231 6
0.444676365920285 0.863723459813986 0.0808993511463205 0.459743667258714 1
0.108961713436524 0.978093379484644 0.146913882459943 0.250228024999052 5
0.301639891688134 0.989720282641855 0.0744840248974721 0.222713744278859 5
0.220235075019751 0.932269619822275 0.0576252678230876 0.191498037553213 5
0.153544828879314 1.01336869464265 0.0661652292877956 0.322961210388915 5
0.333512873512586 1.08878146818668 0.0858363474777821 0.335338231687372 5
0.455335441052864 -0.0104190859532145 0.328283522355863 0.0889996517455763 6
0.538812457706441 0.0361036899037026 0.372283612715737 0.141133206928141 6
0.405254327763136 -0.0103123358105797 0.339792657819948 0.00860666998865203 6
0.410609210200008 -0.000203188911194099 0.46477950363227 0.0788182334929876 6
0.46581901559211 0.967592108700137 0.0651460464515404 0.445892726982831 1
0.378404984115823 0.113259138070415 0.64664842527413 0.260196772744995 3
0.147784226557714 0.833036227192916 -0.0695474138854222 0.246375005947613 5
0.909674543571292 0.102706305729824 0.916603076174812 0.856761855778983 2
0.440488982589927 0.0426497084322589 0.411861960343035 -0.0177646026573013 6
0.476667926119097 0.890125961265834 0.0568460951754929 0.529569008547969 1
0.416892807961054 0.129683119441036 0.459657112359218 0.069891423206028 6
0.487697747181833 0.891623286582606 0.049730838848282 0.497758133911477 1
0.521381814820955 -0.0257471739007367 0.19978075842772 0.0836984921006035 6
-0.144856339058588 0.730595535633156 0.338669517303524 0.607239883749121 4
0.114626565815654 0.878665932836185 0.0294360487306796 0.282778298001056 5
0.169383211382214 0.480021723104082 0.915537697456512 0.591387385975154 4
-0.165483348778759 0.694508922807841 0.629031438202101 0.471194731004163 4
0.844036139954021 -0.11369546944733 0.780069911896555 0.933985377582989 2
1.2013303266245 -0.0981810876318976 1.03862907414132 0.608992565891341 2
0.500699259296736 0.0420534255629701 0.696704905722419 0.0994378943692829 3
0.22355390382751 1.02582995175056 -0.00201906993618665 0.207441061423795 5
0.552155791162764 -0.053517686009133 0.739287248556881 0.147406372771493 3
0.768703911949821 0.990395770713763 0.0474940486612228 0.325564836772939 7
0.307575181768709 0.8577638497707 0.233250550061016 0.230664648833907 5
0.665810888634388 0.205548447419566 0.992715442253528 0.338891014552558 2
0.147845003352129 0.626140013287401 0.506588512495767 0.7632712449626 4
0.971762765295912 0.126848884229846 0.877629706903837 1.05775600840517 2
0.822139457045659 0.96939042529198 0.139905724746941 0.391244575772745 7
0.45462934099382 0.0919792256793748 0.818394045278964 0.129343702374563 3
-0.100046833139965 0.769191959411381 0.491281495068916 0.552244741938273 4
0.265426631053045 0.64971587953592 0.804765603080531 0.582882254435677 4
0.303751356386713 0.686089591448282 0.720912660933601 0.754271894462936 4
0.393665087919167 -0.00915734025714594 0.3027273057265 0.152847385667784 6
0.747300604874255 0.909007121591198 0.0941323903924469 0.339076751518071 7
0.381410903519355 0.0677945881706589 0.790352399043162 0.293124564129247 3
0.185595197418949 0.56210771594701 0.776929737277387 0.866264736487307 4
-0.0297403644318832 0.758807604404335 0.617175303273655 0.759495925915069 4
0.307702964410592 0.972309525888981 0.203049101115973 0.163999675572094 5
0.0818676524706818 0.494490204240166 0.399757380598707 0.579796691019278 4
1.09430979637804 0.166766335420858 0.970991481576351 0.840333579568279 2
0.79137084789156 -0.011020655796989 0.949848402276591 1.08136333518143 2
0.698382661003626 0.96165437824954 0.197477486417917 0.290511961468903 7
0.588627230878776 0.933462992076835 0.00790300053133458 0.420119508176903 1
-0.0710146956218165 0.543050384380168 0.655714323397869 0.648649565816927 4
0.53943108471681 -0.00631622422181351 0.370398863857539 0.0414071169507381 6
0.0442785307606576 0.437474087063166 0.516207438084885 0.552396972179872 4
0.75460148783063 0.0427311817350767 0.998674991464218 0.855852241858037 2
0.741349635892962 0.918090389672084 0.137271999898017 0.309444637841 7
0.39672776117372 0.0074355922741684 0.35109682246421 0.0188578082907771 6
0.118205578784727 0.888868277324393 0.160939989046873 0.232397895573164 5
0.57978561667563 0.119445868406727 0.767370042204976 0.336643483282918 3
-0.217247775710361 0.699148422309781 0.716504990012642 0.614382303999076 4
0.372256557636872 0.066997570904921 0.265475802355198 0.0600381507059231 6
0.437311281872305 0.0490630957795518 0.807530395905627 0.268999810843121 3
0.505965025825247 0.92886643038777 0.0476782201340303 0.388553125315009 1
0.448123388876045 0.934370674368382 -0.00477107972045179 0.518982517599831 1
0.264598077803194 0.713627482459028 0.656447812045121 0.642489105834301 4
0.426692035937393 0.0899096624785262 0.42214923874885 0.0377116981718199 6
0.475800459306224 0.891421332409718 0.135659480673226 0.459960305563577 1
0.450654186125086 0.0818026749390482 0.751002490761688 0.138225794499962 3
0.769724368767193 0.196603417727958 0.762419330445707 1.10155104128198 2
0.83014961615851 -0.0557245814882469 0.965125257263768 1.03480071627461 2
-0.0483395065746282 0.643322291620314 0.685752559952234 0.645086853342451 4
0.25953932410977 0.93976757656703 0.000561546067950669 0.312863559709497 5
0.461164299874922 0.0746070524563229 0.771110925749307 0.187854888633357 3
0.898075148753632 -0.225494461160603 1.09985682290166 0.687809700800601 2
0.520226732703194 0.135996172788817 0.379713296307886 0.138059172442504 6
0.309024497380133 0.994553461894917 0.0265314468810484 0.186127429233595 5
1.00751328074591 -0.208927015037581 0.887355559085803 0.71116804235209 2
0.676943011714485 0.444825997453998 0.934982751639986 0.990771677681867 2
0.905482108777742 -0.0225089071155136 0.904489727097455 1.02448502065133 2
0.706548643461551 0.872919929986048 0.113318629606222 0.345009917947588 7
0.381614764597983 0.259465959991798 0.435346639061678 0.0232703261170602 6
1.08598559629688 0.192032425470963 0.821690032279221 0.72276431185286 2
0.655299592983582 -0.0461821116071376 1.11603425228577 0.856324146995106 2
0.0279429214997618 0.667742157608434 0.680161400738582 0.616905378138432 4
0.752627454099029 0.880531114863633 0.162047816381616 0.270028459274151 7
1.10231454784516 0.0143971512821192 0.933554816224088 0.716200493964176 2
0.202287962748143 0.899708006127007 0.0902926310378629 0.215136828772285 5
0.49580049049645 0.970895285915481 0.113524924835574 0.353118894556965 1
0.545219391293115 -0.0321232825182978 0.708089395281708 0.229531588815841 3
0.710882900900323 0.856935427418984 0.148261240526168 0.304020129818688 7
0.179955045495794 0.663168143197161 0.66306087118252 0.607735909311948 4
0.0993775347074182 0.713120551093873 0.737079873632486 0.534855233262689 4
0.838340500759226 0.893659378524994 0.207439456869004 0.261671565360095 7
0.550767494210738 0.0988737036612185 0.872734464950977 0.0996655868162502 3
-0.0462278924619214 0.626038622801175 0.787508081599954 0.74285542149311 4
0.722498865267567 0.885633379370221 0.0397040489965758 0.287336099853369 7
0.823946231489965 0.856578171487912 0.0129738210640629 0.369136601708671 7
0.464099971783593 0.0340452520358218 0.506815626588002 -0.0413588253974747 6
0.129755838586672 0.691266851145072 0.859337047470217 0.464221002381552 4
-0.130858460910186 0.672936192990914 0.699046722819335 0.607623898713341 4
0.349936267625817 0.937748417942346 0.580802657187824 0.506529521352117 4
0.826857336836894 0.953522534393037 0.149287810847821 0.33840879291056 7
0.283176239661469 0.89971365943602 0.125554533801707 0.264928118663442 5
1.02364817207149 0.177584650369168 0.721879909697478 0.673990766424595 2
0.056182927132225 0.516342142340262 0.725791919756297 0.755347226782335 4
0.0230192723212535 0.537814340560806 0.730473182664828 0.547176187063691 4
0.598574799337964 0.00998303259615256 0.752747136280687 0.284851496054815 3
1.01621310996224 0.0179541318358864 1.15837820977001 1.04038983523325 2
0.0585367355319801 0.637833079524488 0.56366029500602 0.702911373966311 4
0.156844429730151 0.900905398508386 0.0293485045052915 0.159674758127065 5
-0.15509449316818 0.677071851515976 0.489986967529394 0.778569339502899 4
0.00375637482634097 0.688413631026548 0.833678496219396 0.613271621461596 4
0.474851185105992 0.134828448719542 0.731092060268002 0.286824502820439 3
0.461125999248642 0.986116800810454 -0.0123797725013031 0.562967928121527 1
0.150564205506 0.454872947629498 0.442583286478577 0.728208106637693 4
-0.161680659146122 0.801246349358429 0.919449329576158 0.397355181673715 4
-0.00507923741661555 0.62018677527137 0.785148803550137 0.572893162529826 4
0.160105476359612 0.559429577438917 0.506997448346292 0.418015798278693 4
0.761642781883014 0.983916535724522 0.0774584186497077 0.388179869784423 7
0.889462998069751 0.201971666487559 0.78159333830963 1.0799834929844 2
0.517243958987294 0.0944067204248916 0.738291347983569 0.147904326287075 3
-0.0887599237389045 0.625346936294656 0.650403201542746 0.498656768341476 4
1.17499983559861 -0.0506631095319245 1.19749300424278 0.909230346782953 2
0.126337212565291 0.872471526968726 0.0362194431643751 0.175012819684891 5
0.631316993257831 0.267986486181259 0.195816842073922 0.0456012070049459 6
0.930113499002954 0.0501874295437667 0.958489329889057 0.858528443290732 2
0.229378732116595 0.922914966770385 0.0549436118550775 0.263426330285548 5
0.126412180618166 0.411913276782225 0.521916679032857 0.60625196750402 4
0.457395533129549 0.0997134068544706 0.760171414813997 0.216870042876534 3
0.327037301279095 0.877778183196313 0.0879776294453506 0.24912871382681 5
0.434555880728517 0.101740319921161 0.359591341737002 0.0207329579836407 6
0.824660872323526 0.21075480279586 0.788076145946161 0.722957779541926 2
0.470468848549343 0.910951964774677 0.0434659415113396 0.430350005366478 1
0.702579990637309 0.895605084429535 -0.0394955654323403 0.258528335415886 7
0.853461831958379 0.946708041244361 0.0486745754588156 0.445368523811139 7
0.257164503731948 0.939331151666684 0.0952052416013891 0.0881245775500975 5
-0.0597262922582243 0.751255708142196 0.657336536307876 0.532430220183495 4
0.814048831993188 0.867202152114566 0.0125742554835253 0.425141833250041 7
0.60427445274372 0.0609298767975904 0.330361462244007 -0.0335039141866141 6
0.127543307839911 0.894514077373823 0.0350720700399449 0.215011320667976 5
0.411510925217292 0.0240639043738472 0.855751063611968 0.0836873346507184 3
1.14607423884155 0.223353887722997 0.612518569055156 1.23841846623666 2
0.574269703463349 0.944320980919934 0.0304070915221421 0.392144500964407 1
0.777836944179242 0.974319128139576 0.0814913098329893 0.368971107252049 7
0.355671144498336 0.819142266951993 0.178329910074615 0.582438304950798 1
0.557580291045635 0.0344149707932801 0.760026545480309 0.0986859783282465 3
1.04797132097887 0.0655712826833409 0.575868768265385 0.820355145459685 2
0.64514586482302 0.159081405480572 0.895500001328379 0.216317629631067 3
1.0749728478544 0.159497922851953 1.09825042183358 1.04328122539241 2
0.626636987829739 0.785195559190199 0.102938272585283 0.501938406439453 1
0.500566535821226 -0.00994615993281837 0.270949925379321 0.0563006729625543 6
1.27307530158263 0.0600271304570726 0.917043588747746 1.1070744585718 2
0.0637979352404523 0.651742326037163 0.801279994956866 0.837345552904653 4
0.249062953636992 0.827294309182917 0.729794315445718 0.444867784857809 4
0.506026228269565 0.95098209189609 0.0932913912578546 0.514929582342409 1
-0.0125542443636538 0.546358303098832 0.589095952918391 0.74351599236389 4
0.355327928743566 0.10663648659658 0.417247241085759 0.045435963573668 6
0.143985745018866 0.938739095328802 -0.0114134101291104 0.226056258650361 5
0.741465619336533 1.01257777426294 0.109648027375802 0.321355832515991 7
0.210960388799566 0.75175502775149 0.110695113368795 0.2749901290275 5
1.04947805419971 0.105493590333364 0.597745915717594 0.999261239202041 2
0.24044373252802 0.91714754556891 0.00381354809614284 0.291342520389563 5
0.147960117015413 0.772157358430539 0.820885907487886 0.62785573971529 4
