0.591599010035459 0.693265468913352 0.352777373062215 0.467150460467143 3
0.816785361869358 0.280077145061936 0.147641560529741 0.0474753710435992 5
0.794670586337697 0.19969998574746 0.215956719624544 0.0716375092898654 5
0.326014680467385 0.773025771997105 0.589856671673551 0.891030357776638 3
0.684720087252607 0.229901012765921 0.236245759000947 0.061934802168487 5
0.173162151939692 0.897187843381689 0.595369084577623 0.904238439054921 3
0.458358179559771 -0.0110804443611114 0.900015391371462 0.0992204385733898 7
0.960825098151985 0.95548793590405 0.433493846376999 0.683513636016478 4
0.744247933632346 0.218785729202787 0.217327077358449 0.0833986289447322 5
0.379377781727148 0.844404311286404 0.412188871612301 0.285062862844541 6
0.327759156687101 0.767813419483108 0.492930474351562 0.905819706239586 3
0.74620324187766 0.242056444857397 0.239838602859341 0.111537033528793 5
0.401216121735957 0.900796528237999 0.715792552792441 0.919399946931374 3
0.836568417742841 0.028381980440526 0.356823773300428 0.858709767360763 2
0.76957747281829 0.168879985060223 0.215700465004147 -0.000176763315220721 5
0.453378012455002 0.960620399828899 0.304445090518817 0.769228281919276 3
0.905959242245081 0.0675700515032602 0.332571845015386 0.956694273510212 2
0.578418416224112 0.813102468505555 0.156123895113578 0.04368163732464 6
0.907747902901164 -0.15410913715858 0.426195277015961 1.0011299808923 2
0.408129098319884 0.863907922595512 0.57172802185555 0.764658601186373 3
0.985714383181931 0.233786828289302 0.183759014206688 0.369811276194834 1
0.813822770184073 0.232566859018986 0.24547989863238 0.189642497015507 5
0.831190639402636 0.296344869663627 0.29674154262373 0.439845198417934 1
0.391705117581422 0.742938609264984 0.604754268264946 0.637193194854393 3
0.948157565901757 -0.0114530803964701 0.362882148212996 0.441940083743138 1
0.346704788750477 0.741289845182342 0.631711562049357 0.883418602676694 3
0.564037026513713 0.672793500328437 0.149622024161573 0.226360092147238 6
0.747869751805054 0.0422028612766377 0.271396467350947 0.949877834299995 2
0.271653221654551 0.845067209216182 0.120767250839615 0.302862026035287 6
1.02997065260369 0.0897774098079981 0.385480116561972 0.947517519652494 2
0.303787224284356 0.775511279980663 0.51099114454471 0.723123291679615 3
0.665235009680672 0.207884780872903 0.214858323757397 0.069186041075038 5
0.304461444840168 0.977905536342657 0.325308375720925 0.26692195477725 6
0.405731084172988 0.697534318030344 0.326786477497552 0.0873648274639072 6
0.810683098076802 0.289098920976565 0.128759195595256 0.0390050454589301 5
0.776037613561539 0.191287248098381 0.169092430554676 0.114002696472337 5
0.411686852629707 0.762740463336483 0.585142980479172 0.708733240973665 3
0.896719772708778 0.271599455846225 0.27026160972785 0.326506079716332 1
0.475780526401508 0.759128481817735 0.475406661317351 0.704609094128577 3
0.452112359341418 0.763935108037649 0.386024370310936 0.25668517865085 6
0.782851691701932 0.141403578786768 0.178765328993602 0.0698562245448279 5
0.525201606417335 0.132108269846311 0.944407201354681 0.158127552603075 7
0.245804817929017 0.675856954427248 0.439676285763594 0.824169990499673 3
-0.0138954630435835 -0.0261912157896547 0.760940309503497 0.0353767903365917 7
0.741718439479487 0.0950744121873246 0.409988233392994 0.961342723190715 2
0.790288938888804 0.232070264167429 0.219768187048386 0.149462053911083 5
0.181276641485202 0.212113040831055 0.626734905796816 0.480319173464311 7
0.399132073703296 0.614993851258834 0.536161563369587 0.628026057329477 3
0.476892903490214 0.893001837080615 0.253049202656116 0.207124091118538 6
0.835176707631253 0.148243052480087 0.199983211320835 -0.0151452367762732 5
0.232676020620314 0.566660361125927 0.615332313369894 0.716661704575205 3
0.386280233311379 0.834877286991722 0.379600497967413 0.856730891431917 3
0.79029955557468 0.313995158316235 0.248871451987286 0.096854553740096 5
0.181941504482933 0.853543541173695 0.393322073409571 0.338139150806842 6
0.454507099015117 0.797105897907995 0.434457599518132 0.153010495493921 6
0.767369074605147 0.205117237892277 0.156022595078248 0.00628141074163624 5
0.794660855321359 0.120863629664602 0.184543719391259 0.951226353156254 2
0.649121260201021 0.063013240263097 0.484998761470363 0.794601174814531 2
0.770728611938698 1.02684808437892 0.354464284770865 0.569429793376843 4
0.896681741231121 0.202844440416962 0.144287686443329 0.0306215739223831 5
0.697518543799655 0.198630842306659 0.183131480721626 0.012535279559573 5
0.29122269820588 0.729423350809955 0.621670348544836 0.684174987993133 3
0.645589861150534 -0.0284319356293165 0.366687954574765 0.937955693330101 2
0.796907106706359 0.214211456286912 0.223124295840865 -0.0187662757606458 5
0.270348638146734 0.940742553387177 0.502480932269519 0.681143745132308 3
0.847369857950286 0.250914991412715 0.340415841559393 0.821423255081547 2
0.787322452945533 0.165296816594865 0.181788130740301 0.0201142757437533 5
0.898794005083051 1.01593357495819 0.52085201873833 0.535822811704504 4
0.51333545311135 0.730178654008172 0.330313306723962 0.223549981055933 6
0.440082526640779 0.54276201481252 0.297070338344951 0.210837787375072 6
0.357216480895405 0.842886028861293 0.549748858559002 0.898685188933841 3
0.317050045233695 0.820544484360129 0.283322265524181 0.146938937566934 6
0.317007272859484 0.0606676203371291 0.978953568117805 0.20013591953466 7
0.845210068651272 0.845142603716665 0.378198740650481 0.69768688159458 4
0.846598636280783 0.167866370781747 0.318358345522848 0.946374989876021 2
0.330971673729465 0.627196695870074 0.269298275136553 0.826693759386894 3
0.83017840978999 0.220502873679138 0.19646054445706 0.0731999641306905 5
0.75825768415255 0.305673270088311 0.237081697464538 -0.0163263782395597 5
0.318958270315753 0.857892879166389 0.481627961887177 0.759004281405004 3
0.772087082021744 0.149068925814802 0.264650483290602 0.117576099743589 5
0.640686560931349 -0.00618130775278548 0.412209027536198 0.882065266263513 2
1.00161431193806 0.874297474167301 0.321719748553328 0.794577183611681 4
0.751571207655295 0.216584766894891 0.252168159054029 0.0320025755357231 5
0.828505239202602 0.137750286758078 0.204973515854394 0.95871357852546 2
0.684285556893638 0.111020751895706 0.303685784858521 1.00259294062205 2
1.12742087250765 0.929436340198996 0.546896373596174 0.431344724115704 4
0.7868201944125 -0.00461699074567345 0.208061181603362 0.908357337833261 2
-0.1428453085101 0.40090503954262 1.03302559423352 0.0413612204942472 7
0.957887836367796 0.197424899828808 0.129629725162565 0.380484618013032 1
0.408897829879741 0.841729581618877 0.149689066661258 0.31272541044815 6
0.463746224688243 0.745865223034847 0.462555996261817 0.821820291577882 3
0.292549988552625 0.363193386495477 1.15276112436725 0.278501088007381 7
0.265343018514827 0.628249216093651 0.279163875009254 0.112597708515419 6
0.313695817977158 1.23391933763141 0.138496269436922 0.116244823494808 6
0.572625493988415 0.821610107272535 0.551161373501755 0.788048750708484 3
0.523846657865153 0.56239706173218 0.247444505155553 0.174846237765783 6
0.248691037959802 0.957441952786676 0.213291164336975 0.338463338113206 6
0.838498102118255 0.098137324716623 0.604579860355935 0.89182492008533 2
0.875920742217202 0.304758177374833 0.314549132727826 0.00937551049943339 5
0.229209243768724 0.575335340875627 0.223031665957222 0.218298041187949 6
0.826397647221135 0.0545180323611208 0.346946128532039 1.07187633057922 2
1.05390468606396 0.933343026339026 0.65311087798314 0.664163114660865 4
0.842499220941435 0.750802512174553 0.492958133553855 0.68773247136704 4
-0.109156810678425 0.363258237045496 0.766664395123751 0.232570002520312 7
0.609067706470715 0.0304011990480048 0.410692293126381 0.86087528999395 2
0.754531161024202 0.245301328198351 0.243223200389766 0.816402210978527 2
0.44656525198644 0.764574087334639 0.546778009618131 0.759962281062888 3
0.315358205008122 0.824454197062836 0.691194036136478 0.711748825743259 3
0.852203108987683 0.224072837418798 0.201847031650172 0.0394323699205928 5
0.674153565692192 0.0880527190539732 0.356030124766581 0.877049572021254 2
0.670963759884794 -0.0251546152298781 0.469551967205442 0.823158046111142 2
1.00094512779642 0.898924805306375 0.51603844373981 0.66180070991324 4
0.765964393626384 0.255886303681107 0.193540166886793 0.138855395320516 5
0.864265026760013 0.275593593124562 0.317038270012408 0.973325967901633 2
0.836060107732695 0.293313497432781 0.207867645104146 0.065158668040004 5
0.804289369537984 0.213189112728183 0.260142637484269 0.8596663854376 2
0.514165099558958 0.703946580120506 0.366026365356938 0.944029388517323 3
0.393435464938464 0.877932049126706 0.536341052005085 0.782492674607571 3
0.245334825408276 0.645613204522325 0.511551517704234 1.01267648673272 3
0.792135240900683 0.334501955918988 0.151319712005606 0.0923518030516012 5
0.332068630018314 0.659732909713063 0.551473322453582 0.818137650376395 3
0.834874651689707 0.0869605596908083 0.353058144122463 0.90161076444456 2
0.495397211927149 0.875641518598438 0.345856810720272 0.0229385801877726 6
0.351221121108839 0.796817599629325 0.322783913728054 0.618236204878081 3
0.794464692105806 0.231018562272106 0.249491083523394 0.0624477738911163 5
0.802055545721351 0.197833352280331 0.337161960726813 1.04076222177664 2
0.733868556946721 0.204866007012455 0.22683873912727 0.0307570126142865 5
0.157647154723462 0.170391069986013 0.771327275499848 -0.0520819189900192 7
0.208656042311228 0.0984460946569788 0.885553800112728 0.522913460492518 7
0.435756618623415 0.580975877339705 0.460327576519949 0.729377161998378 3
0.695359704171626 0.106771630980076 0.378849069047536 0.78656048721357 2
0.514558952712789 0.8663791817362 0.462286339701363 0.799518358894748 3
0.323466843766096 0.934883400630941 0.0926775276846023 0.150564060781551 6
0.345230935845571 0.886558777792318 0.480911440406241 0.910894848883923 3
0.240635715979153 0.703324403118025 0.46594853803278 0.848933840069505 3
0.698104622225846 -0.0423322291376932 0.304212701556395 0.860132692428806 2
0.77986143073631 0.000300419681194874 0.309768009589411 0.934239336488241 2
0.332823176342589 0.979862956490856 0.460949371751201 0.786891862201016 3
0.250346545192514 0.741598031121605 0.421255432292413 0.829342925530934 3
0.723338182450119 0.202455687510903 0.199264842641864 0.087389273059181 5
0.742106039336063 -0.00727167771956611 0.0326267523456607 0.577094684359863 2
0.715777643704105 -0.117289780996725 0.31200787534689 0.857825131893288 2
0.36311726977661 0.768681172518184 0.647712466932834 0.833952070153589 3
0.383481610116272 0.866976216919389 0.479535828901106 0.808677372210837 3
0.841898024822238 0.205421254771745 0.181279906181431 0.10829902293277 5
0.592068236930856 0.0448649079380975 0.626745890668332 1.16966548813137 2
0.409993410554407 0.689170795208832 0.454470290999268 0.892775769239794 3
0.584085133454491 0.0623487800437286 0.347503380946114 0.821046196485199 2
0.1105300304337 0.0741752541778453 1.0300607603041 0.185401190500452 7
0.108827785387493 0.326181223155188 0.916606674911116 0.437230426608727 7
0.779923855034457 0.209995540547075 0.167205646159686 0.0582975125386181 5
0.949616605302532 0.981033877341252 0.734598422866076 0.751634729983855 4
0.889231220216982 0.036566382877293 0.401472028716133 0.842871414674459 2
0.436884347850683 0.867976977376234 0.230317152177554 0.0908405586218548 6
0.809229570401089 0.243904059247367 0.190355890514169 0.0227810714898628 5
0.717330545497325 0.131602977057618 0.339006667494384 0.945595898989367 2
0.239916302043832 0.898977479733323 0.112845112719697 0.209188091921019 6
0.363713882330877 0.985684060058935 0.390408411191349 0.719539745574595 3
0.836493879457314 0.163055385917443 0.233938818568219 0.913942160939274 2
0.899728419962316 0.0855556227071764 0.509806452186596 1.08306817014887 2
0.835126475914053 0.0327000165795027 0.519499380200652 0.895258434353281 2
0.804071314913463 0.21349978029042 0.320172833781254 0.0707671519261678 5
0.139917614355205 0.716340992490899 0.472347483017649 0.920093387309448 3
0.896282416515412 0.163331298011057 0.277902009491405 0.352727529696973 1
0.794493935809856 0.0887263765506009 0.553663888870061 0.89406179573385 2
0.749488172327169 0.212173383586879 0.280646363399314 0.0341109048671167 5
0.725758264907559 0.110390827626921 0.353427117743328 1.03663799148865 2
0.880624937407505 -0.120161865335644 0.330065905908096 1.14816007589029 2
0.43838691936552 0.86738213692757 0.351269208716207 0.258561540226135 6
0.543789214747871 0.106228634016891 0.387485729890723 1.06897301910034 2
0.429202690425584 0.859470918240554 0.0600624838990804 0.139932302595527 6
0.750629973614844 0.231771827738167 0.14116007823587 -0.0217113494186059 5
0.820505238553499 0.042956074897707 0.238228936403881 0.980526189426169 2
0.412010931399244 0.807771551033874 0.467067539807255 0.883077097238653 3
0.713154401135114 0.262947766014498 0.246033017236055 0.156833759127369 5
0.297933778674442 0.822506143539355 0.48276115013805 0.890224161948958 3
0.800576738746808 0.149377547903883 0.188054467194602 0.0992847635002741 5
0.828636225526383 0.147374271978306 0.220459937053951 0.103486372360566 5
0.853025242150514 -0.0345510905916064 0.443921917485119 0.879026093955378 2
0.478426315924824 0.591154158441687 0.523542037624979 0.757108528371556 3
0.826659367073778 0.262128798061861 0.174069775891129 0.119719232636895 5
0.469862544910173 0.669145009682072 0.404531802612127 0.946896285900054 3
0.792030622908648 0.216155765762912 0.147392380970246 0.0129394224472511 5
0.972640104457685 0.333303879686234 0.202581628511579 0.346956727108438 1
0.210142782687856 -0.0167409098836797 1.17148164902714 0.241894001604588 7
0.422903818287505 0.715068226278657 0.275249172853005 0.320953571890526 6
1.00722336553846 -0.169709229642593 0.633699902886043 0.930928292883251 2
0.89695888968289 0.0606393784711978 0.518219695330165 0.814597738033295 2
0.912728804157172 0.247296198909539 0.230863132634845 0.377363253672091 1
-0.128450298474316 0.24598786737175 0.963881840711743 0.495644515229994 7
0.182973801525199 -0.00135955846924991 1.08649736765727 0.42261411364896 7
0.0972585523606943 0.213136045455151 0.85537408828249 0.141958545591733 7
0.694119412105271 0.0879802362997308 0.545776641794302 0.971936082909935 2
0.948858979540291 0.209110434912106 0.246798299186119 0.28743493801811 1
0.393053061404306 0.833702238961196 0.364392759383356 0.767609859376167 3
0.782124881538167 0.261324173476415 0.172750376452195 0.0324592929788792 5
0.229960148428059 0.894036258347875 0.485214827142519 0.763827875418242 3
0.438177790625322 0.696724686704113 0.402748961248432 0.662797654572712 3
0.837164527274619 0.228836129304008 0.1691394195555 0.125916074518059 5
0.695061614400004 0.145213433019917 0.218703268095059 0.10596446357411 5
0.781391749732935 0.158953244055488 0.243055401875024 0.047987607873461 5
0.326785067022542 0.573859798410959 0.418372369290703 0.663659094388719 3
0.786650496476573 0.0967416200702807 0.266136118924285 0.795955526811673 2
0.913076058576379 0.115399329416036 0.38844660421703 1.09455959503637 2
0.798070577552072 0.138013685188281 0.218573303527361 0.0649030004324416 5
0.760397576076879 0.234282834892907 0.168021553068271 0.121743427075135 5
0.859356724952842 0.245762130952016 0.17967696635153 0.087805158368133 5
0.32975402072053 0.90844304230763 0.283998205444742 0.129756536301933 6
0.785834230415397 0.221368542010325 0.155878458921665 0.0691765599918459 5
0.795520858170608 0.263580686606169 0.401596267885858 1.02872885937361 2
0.477336949281132 0.818365697963501 0.519845228837084 0.880277729625786 3
0.761511387202174 0.184707788412202 0.23604813886305 0.049909839200687 5
0.847335788941668 0.261900009760278 0.16153619843061 0.0737500963412345 5
0.474011784030466 0.926521007670795 0.378631381146194 0.719420552413659 3
0.162209684875042 -0.338885258333897 0.854625129142185 0.340544131471482 7
0.875545638396867 0.179022717666286 0.279175226645495 0.314412778612953 1
0.399467463896401 0.883642467447247 0.233879638144802 0.265886493513328 6
0.44441938730426 0.764328902357426 0.258503388693776 0.233407385254357 6
0.804365985779734 0.166139185884348 0.212370247929817 0.837823305222448 2
0.336517733950025 0.606110389504889 0.39987406967385 0.738851524019249 3
0.7506553508954 0.156051989311516 0.243772696300205 0.0881334156377837 5
0.672943836585138 0.0126163102654186 0.380474720974615 0.885996178431461 2
0.886930592609141 0.204241498844482 0.28105962957228 0.117008527554472 5
0.814224033702517 0.252625069153662 0.292383606282966 0.0296231627131031 5
0.250853657881926 0.0398006550750156 0.832496474079684 0.0424330641014131 7
0.77957105527406 0.176979668104257 0.216809882733294 0.105367775209182 5
0.239259577738618 0.789419816046793 0.419982133429949 0.75922542294517 3
-0.105813697017101 0.0160051355115584 1.02613502500163 0.19361991913691 7
0.919104496964462 0.147735012431561 0.144868449751502 0.134629681959343 5
0.796943391831517 0.209845969403032 0.215564297450939 0.118161692527953 5
0.787639979623066 -0.00198535129502016 0.298130170320681 1.08689615495117 2
0.417686104819197 0.753716860104933 0.623155910637574 0.698445622903697 3
0.836134687156147 0.227748323652404 0.247952008036136 0.0731244928044388 5
0.383045793253439 0.911593984948194 0.0671032042866638 0.343250995891733 6
0.949093641350698 0.0980939471087311 0.11635193051566 0.262470247958084 1
0.012140491961662 0.14076953546286 0.973676158709274 0.124000355711201 7
0.346784628900864 0.646432052573389 0.5588261995142 0.865494947830377 3
0.805084744294135 -0.120161124270039 0.536013773425844 0.827416428344141 2
0.425711320059141 0.738233126152591 0.276610799801784 0.304602939417458 6
0.28894291126647 0.798397945966128 0.557217814901611 0.841299828769136 3
0.841213783936684 0.105353062964728 0.50313042396554 0.888165954544425 2
0.176260385070326 0.589087061127855 0.0796069259554775 0.187477755340578 6
0.342374116659286 0.724866970585701 0.341393968562796 0.168284325408716 6
0.247344957139691 0.677857822787257 0.416227807229823 0.814132434878713 3
0.736132540771877 -0.0866239356077702 0.442432978167398 1.07137609432958 2
-0.109814761529546 -0.09710961990989 0.88928353355711 0.0269056648687135 7
0.822371397270719 0.292558975473782 0.226563431068196 0.0452590823420294 5
0.260623961444075 0.780744639908833 0.46810366292207 0.454315812599201 6
0.874450418644837 0.195069242385284 0.186890009322833 0.144361388985539 5
0.764153187063075 0.132643750176737 0.493076372382044 1.01933109279024 2
0.853710267208375 -0.0403949277403867 0.361204985218671 0.911172957265373 2
0.802092665452873 0.14647181235573 0.174794818070421 0.037067433831884 5
0.37465449077915 0.966242075893305 0.545108122952699 0.905695310497227 3
0.331603622411433 0.819282621698181 0.0863096253319842 0.398010243680176 6
0.245991902136222 0.856394558689976 0.556556690144738 0.770213639353047 3
0.635976586479407 0.109821438689583 0.333825365779742 1.07167806674502 2
0.780604960352448 0.188900377924338 0.23876287809348 0.204416123772269 5
0.802365455982702 0.163362658092839 0.300843587552563 0.808548158680155 2
0.726428940075792 0.160850990507312 0.153076896804498 1.03940974451996 2
0.773571555386825 0.195685414394782 0.141038442387705 0.0851503821073139 5
