0.244607606431564 -0.0659106488095094 0.590385437635311 0.630676453534112 4
0.969267129801691 0.350260989723508 0.791162260552321 0.367907989612595 6
0.355045787313263 0.0899884779009344 0.831751079144263 0.486131602237515 4
0.923433119218923 0.253633192755492 0.349934863608835 0.143416493976507 3
0.535419329573144 0.924174910065865 0.407714983401973 0.484421204901178 2
0.78341609421144 0.172730735053041 0.316793349754832 0.446579744243801 3
0.377403594179633 0.926221289146791 0.531926006349428 0.19416496124185 2
0.76683417615525 -0.0774613715380473 0.234725795226578 0.148674940744968 3
0.720395032747194 0.0666519284649661 0.828266805975818 1.02359341118525 7
0.396269837620605 0.347844259203839 0.790963765945226 0.359630539653332 4
1.25839805663444 0.0225416223041655 0.194346373849066 0.173222724478073 3
0.524829635486365 0.0348593033846094 0.622235337647818 1.06098532140173 7
0.503163789734715 0.571977154647423 0.870518453603952 0.305017170351396 5
1.11616683890838 0.376572060751702 0.121549980327708 0.12590326724175 3
0.173329149395303 1.0189697900822 0.344871108520982 0.627460583531611 1
0.715823986379286 0.153716302175598 0.653447076208646 0.912491520972237 7
0.0731241129626593 1.05079333607717 0.464076712928847 0.568294287959793 1
0.766925836585068 0.520731052023862 0.743576401729542 0.354822138673187 6
0.526549031571086 0.852552319977925 0.535662565908299 0.32895590107552 2
1.04721635364752 0.340587403080206 0.65467534524043 0.349382886695384 6
0.980946308666854 0.0753990471415916 0.121041480566062 0.223631492782398 3
0.402863880112113 0.558717721269035 0.8304145697615 0.302452929992687 5
0.180804333281596 0.962333370937306 0.330277871542337 0.517730624914505 1
0.226392260184903 -0.00954892634860602 0.602122137795921 0.48114303108005 4
0.0797347719669049 0.996729702550952 0.342493837516125 0.568281750274719 1
0.356051874625116 0.606471835020209 0.835131353191298 0.228281248640521 5
0.416062614117187 0.0790539913584805 0.774176318723153 0.541725631262557 4
0.681172670493864 -0.0315845953413375 0.632743478327199 0.990215084813137 7
0.25048590104166 0.748572010974877 0.513646232735517 0.371505917399282 2
0.00551249979898527 0.940831843276584 0.416585521963753 0.644714235556836 1
0.472255391299156 0.429040032683507 0.717884329536716 0.332550306188158 5
0.926667785359506 -0.0504919627066544 0.129317907557814 0.298327828405306 3
0.597787555355618 0.258290546545856 0.498369853338584 0.881399596065567 7
0.959364033365147 0.427953645942103 0.94195159199431 0.293812443976292 6
0.0862146960147714 1.01820152129185 0.371578658746761 0.56355082686952 1
0.0672141349031586 0.811651116370194 0.290699648370402 0.726738850719957 1
0.953179459962292 -0.0828817742139922 0.188758406920077 0.124823460189867 3
0.158205068008371 1.06040891208473 0.437117979132259 0.754441910925753 1
0.972429225185141 0.266755415900635 0.640416808201803 0.350167652072795 6
0.366530759182208 0.057309080721514 0.826905522249998 0.534991195726952 4
0.118495573603097 1.02227410125307 0.326167459596347 0.710077099514131 1
0.293856863305675 1.02184621664596 0.535389864426945 0.353784012275163 2
0.590831004888748 0.215007203970192 0.867772785980723 0.814835767185782 7
0.42212663557415 0.535163299686568 0.952203973531464 0.293042890910423 5
0.576932297544022 0.414280718718927 0.761641011010364 0.242974613516681 5
0.240128570458283 0.235135631017396 0.832357317480771 0.467634688610877 4
0.769416038544582 0.0048030490164228 0.295510592503151 0.0569959033982757 3
0.296490448584839 0.85230466412668 0.575897669692136 0.703701767740841 1
0.883944539165085 0.111092174120167 0.0134543106805161 0.147024570861136 3
0.261509850220247 -0.122530255609363 0.919063494408487 0.656277446210996 4
0.171785918585827 0.988997032837565 0.382304346225984 0.584723929473948 1
0.513735535409613 0.786278272758173 0.578890642204541 0.483930265192207 2
0.00682180860329339 1.03272222340423 0.392825108895464 0.628102604593738 1
0.644775536053625 0.391393046865627 0.946527961944772 0.27315777736703 5
0.873896017884019 0.360201536835511 0.847506406814626 0.334185564726977 6
0.436191842919153 0.41763858835258 0.834299595559451 0.240164336354368 5
0.309199718953403 0.120074042769176 0.800566686307888 0.657692804357626 4
0.936186478433859 0.314497962474134 0.780707197499355 0.320075296883 6
0.332229345397232 0.0717242983456074 0.609795779831421 0.406867599692967 4
1.02712331057194 -0.0109075401359923 0.192124853083453 0.28663990576985 3
-0.031185756218263 0.978050159358164 0.45028195344583 0.462632176748375 1
0.507916596246247 0.395627949684858 0.61362229522334 0.16903112551866 5
0.273462836052401 0.0131305819966909 0.954526712139112 0.615291671080393 4
0.398643200251544 1.01919776301168 0.450729094340544 0.437184443052086 2
0.823999424416614 0.0171240795437205 0.273657239926027 0.242013032780319 3
0.386154096513411 0.906844873364272 0.535704763475194 0.379073866552522 2
0.300135021241404 0.863926225652398 0.573387202482532 0.459334109973945 2
0.0806131533670658 0.866491691930378 0.406348666876468 0.706733183155586 1
1.00567547043778 0.257551095109196 0.891276362062366 0.496373226141628 6
0.205321749473341 0.986197374045993 0.302933412055302 0.833465260293505 1
0.106541586105068 0.965827551801604 0.357588937743193 0.656974254523586 1
0.0767787103087472 0.923722026001555 0.371170878524755 0.644244027444194 1
0.397303237495021 0.967886344408891 0.508072360891655 0.337385096401444 2
0.663855751524236 0.0466257785906303 0.720608713341558 0.941053878958541 7
0.3193683152091 1.11066414748586 0.434584724990381 0.305688339163278 2
0.570815972611603 0.318939347522966 0.785232792540847 0.158339216163142 5
0.664131453466581 -0.0517174458421532 0.535003706855115 1.08150197601589 7
0.332485985806203 0.113891621657555 0.861040167726974 0.445744669806848 4
0.773048425260669 0.094550898178104 0.687891414898067 0.87444944296039 7
0.340126442310864 0.0925967053914026 0.647947490638753 0.50513920426633 4
0.0766905431481906 0.912407510077782 0.27946241793357 0.556755802394293 1
0.395380732499438 0.0842183468752155 0.975705741600488 0.590693706556523 4
1.0478152966078 0.226504960271193 0.325070613341514 0.0794074737826551 3
0.985912834655715 0.0710935287156025 0.128085483622166 0.174066833985437 3
0.599906321855216 0.105418247530531 0.691885971861332 1.17230297546091 7
0.315700193949078 0.991544018084884 0.423963266236943 0.369939652016229 2
0.697213573322528 -0.158288172417501 0.771468996853502 0.915774877329335 7
0.355006642012835 0.0884776431544687 0.845774160538107 0.568201735880433 4
0.0338485980939175 0.99292634160077 0.301862649297106 0.623181611376953 1
0.747634343334064 -0.123840114767309 0.572298977658846 0.959231849586091 7
0.954985659480125 0.0587634950121414 0.32354574025925 0.0821616351365576 3
0.837540266407214 0.238015223763074 0.678352085633452 0.360031449440974 6
0.0212926140298555 0.983972897325166 0.441859630649237 0.542737044404002 1
0.270976662021474 0.910618969407588 0.570274964933446 0.358423175707931 2
0.409361694016446 0.0513750847315525 0.590200799842675 0.499419866177566 4
0.952114661128728 0.0987201438385042 0.282229682874289 0.326690335917499 3
0.361802631779035 0.996027847116361 0.384268876432693 0.454174647532151 2
0.380928988515197 0.038692667057093 0.847536815174299 0.636300004467284 4
0.878842929301118 0.327408211637801 0.890444096581883 0.427826669825241 6
0.368851624183992 0.961686854678786 0.472847883012818 0.388568605478767 2
0.0903341693930526 1.00334592676242 0.262865891882238 0.65862718165667 1
0.336343838381294 0.134922112709303 0.703718213327871 0.536768182596419 4
0.803964449062269 0.211283773568921 0.425179974367009 0.342131097383282 3
0.709814805251276 0.17554280990169 0.0698043545716455 0.347425519720729 3
0.646024385001186 0.608140018098223 0.774248102483238 0.438321002167523 5
-0.00834042722718685 0.916149052488652 0.44129228749544 0.584438606884952 1
0.231630352160384 0.933348817808861 0.294614153701577 0.655193065654851 1
0.648512402638238 0.567002711456205 0.836725067923863 0.216028683608166 5
0.798493688249885 0.0732206585912551 0.0982893198961599 0.127482922058613 3
0.644067191660976 -0.0560886276202524 0.620570107619352 0.933645665708455 7
0.816930039852445 0.222815304730245 0.145789482886606 0.240774544207491 3
0.197888850174591 0.8336177675073 0.4764404520556 0.328931272586856 2
0.846050206683519 0.16814006341104 0.0775051576954364 0.347974953715663 3
-0.0394739790160249 0.856827119388575 0.279017269853072 0.569751933182712 1
0.610273575106314 0.537666691100556 0.681494151071877 0.248739808360338 5
0.848216126644197 0.0656015515738372 0.0530475422215757 0.413642251859295 3
0.97011660917723 0.374439646616835 0.696285928295609 0.315752418329288 6
1.03073697425833 -0.0491567953718577 0.483863592948591 0.104990206530803 3
0.92150675672811 0.26421805584514 0.673502876991089 0.299699732497763 6
0.442705535878514 0.210342457019074 0.717519016855095 0.589977181386357 4
0.497462980389688 -0.00422861376953898 0.875375156840671 0.516542657179229 4
0.380795249939492 0.879482658530637 0.512792488109804 0.362996967999292 2
0.785045264197888 0.132902386700869 0.145927601553297 0.210466359912466 3
0.128987715569537 0.340492525803306 0.830817710905466 0.530881369317684 4
0.0656623848065185 1.0235392767795 0.49863586570211 0.550662845364492 1
1.07558196610987 0.0118537875287739 0.126119263303429 0.252168246151318 3
0.84392224266645 0.124352655185953 0.282255094909774 0.316497528279356 3
0.839925961897197 0.0319491695075757 0.683991976220789 0.953062872801177 7
0.0112270019418858 0.915572176004822 0.316962381270544 0.600392814503646 1
0.208472394592001 0.818336483481305 0.490709141006552 0.758086544041399 1
0.201038586980477 0.95685656984463 0.317214391868925 0.626736569616856 1
0.413747982771896 -0.0690777164103767 0.692812762317269 0.507764804989914 4
0.992842273031736 0.318192639765085 0.922869151419111 0.280037955266129 6
0.496014216972953 0.504852023957877 0.757422732251041 0.284082321827852 5
0.366477138692636 0.0662670292133092 0.817962279371651 0.633812147294174 4
0.736568533813552 0.165380837911422 0.621045474607867 1.05830265649794 7
0.451042985740669 0.160138882631627 0.731498142085892 0.355064027968484 4
0.980859470608144 -0.130176968203284 0.0952302877249753 0.154161895380829 3
0.938452905662818 0.380643993052506 0.133288741408719 0.255573084814024 3
0.841750930248066 0.137877307877679 0.189167144500825 0.224452444987886 3
0.320053160630978 0.18287797199104 0.774199646366605 0.402009058579935 4
1.08667260643875 -0.124090526928362 0.231203780661846 0.189641029095294 3
0.468457071431237 0.0045449621437914 0.678090424818994 0.478923947762819 4
0.354199673137632 0.808203247651608 0.462807295128767 0.354707182040151 2
0.824968331084911 0.538780140892604 0.819897387193152 0.559767700816779 6
0.11668359005074 0.92353358827395 0.380433029562315 0.666690973007589 1
0.277321245512741 1.1463804746851 0.363829642651307 0.342007184458877 2
1.09145983129932 0.429613172523643 0.835317245587971 0.373849915235711 6
1.01698600881138 -0.0877863841004817 0.270191856727771 0.289796171185388 3
0.680084072333571 0.348007089217965 0.817126805986817 0.26944837061606 5
0.369952016373999 0.851541042714407 0.538523632238726 0.183729121438739 2
0.235519758617323 -0.00719455072340519 0.884882570605592 0.597168921685825 4
0.789082032231066 -0.036356113634802 0.638135026691306 0.945978017831494 7
0.28462951975645 -0.0632589816343185 0.72639305928577 0.56542341386289 4
0.0311356365945662 0.838418776517971 0.415129323837298 0.628538811790596 1
0.0398422403343257 0.92254665855455 0.374192894482955 0.591870367427348 1
0.830621366790025 0.328379515549047 0.658111954148516 0.258526409618876 6
0.862259773827159 0.362971108249384 0.647871538207311 0.353975718170251 6
0.991988149011493 0.0267296683209357 0.186697008777437 -0.00605365671218916 3
-0.0328270062805621 1.06318750639241 0.319277791305013 0.647326757539516 1
0.992225212388192 0.309247485318801 0.94467209555657 0.375938116567554 6
1.04368160040142 0.282377587536548 0.714501652351396 0.336673741779213 6
0.871936616960965 0.00104533676492306 0.209075383273717 0.491454752637365 3
0.54715357554582 -0.034927373252289 0.674900089057545 0.887449443264066 7
0.226092419918205 0.96594659132916 0.346137709289512 0.746108447255137 1
0.669424955295463 0.355100492309848 0.739053380977836 0.198650671847297 6
0.420790052815162 0.431236800905822 0.85935814907305 0.192111109626578 5
0.592062168815962 0.938031426938898 0.319965410949184 0.380527301768223 2
1.18662092731742 0.054413093697683 0.163539834151253 0.0909597500898751 3
0.329589841990321 0.00764316203966088 0.860541348394663 0.425815014782019 4
0.0332958898776731 0.884004724991687 0.333255560244569 0.686280510000567 1
0.0199832936969199 0.946039401775107 0.254669428621758 0.581207901846194 1
0.0251745293434728 0.953145209578532 0.344420408219227 0.628705375343207 1
-0.117248056702381 0.891111793641279 0.359050392184927 0.73612066627479 1
0.316570075481278 0.87787623862625 0.5371963956888 0.401697087019295 2
1.0418119075243 0.0523835664048739 0.300874703799713 0.287935619224309 3
0.241789756629218 0.0401844588837016 0.798360344580825 0.392849738636091 4
0.493984574185486 0.0704594242395384 0.731728542189839 0.325040365229696 4
0.344490637409745 0.206390902337956 0.790437352988161 0.366741139746657 4
0.954537931321542 0.0933044412560401 0.096698242782178 0.208559016244197 3
0.174912955289132 0.975240802463416 0.355582390647451 0.619738498145113 1
0.39510953972368 0.0587743200471859 0.81387220699918 0.441176785509847 4
0.412868436860032 0.443118618909372 0.883034952088912 0.0727356926905056 5
0.0879076354654494 0.785875550311976 0.33000946100722 0.77108530971181 1
0.885404878647929 0.0255403530600197 0.200598105978728 0.0889206546845794 3
0.720399785402701 -0.061736923294331 0.200325151438946 0.3489866495783 3
0.0315912395405503 0.914677336716733 0.310050772276003 0.692128938145052 1
0.137905569216794 0.950891826665749 0.384676637004906 0.755177291213406 1
0.717282177762513 -0.0343848811161186 0.665042338958185 0.979390540387769 7
0.99147341192126 -0.00690337868657456 0.236922176182855 0.360541754676391 3
0.805266263077012 0.281938001183325 0.735573483281147 0.505107491371845 6
0.190316623224113 0.863592105610595 0.371101100105595 0.636805059443889 1
0.117042681991778 0.929853763014406 0.367000162554988 0.612686011295971 1
0.778833079622198 0.254554641834974 0.843779551966226 0.45156868081577 6
0.390805406264115 -0.124095867642041 0.632063185216692 0.450023085776129 4
0.223294067816313 0.904818861700122 0.440658088259307 0.627018025195886 1
0.625944722949357 0.0238445295469315 0.541368354829724 0.75913112421016 7
0.911242006448619 -0.0631037119659145 0.645720952340478 0.951097466944369 7
0.0730155594447592 1.08211480311817 0.506680027639218 0.806740971994844 1
1.04704211113279 0.0319697524242696 0.101962889240861 0.111351201968423 3
0.932112081415928 0.367634999478755 0.985655909231802 0.390371603730529 6
0.667711916848028 0.340912358143295 0.463828743718476 0.102293810182053 3
0.551128549989479 0.675899670895527 0.84064171249614 0.181181682426526 5
0.79864504071676 0.202009809159203 0.776835654481949 0.284383372889146 6
-0.0581836055512472 0.987861959861965 0.233607023227937 0.618129950004046 1
0.820022423152412 0.261257024475223 0.015016417878668 -0.0295469544281054 3
0.413600145123988 -0.0949023446115316 0.90316008637752 0.454924798966122 4
0.395240016230797 0.900785643115158 0.540864706905375 0.252821922373963 2
0.354899032265475 0.0648220924491199 0.616539411952497 0.557513030892477 4
0.334870387413065 0.152971075683888 0.831218333261288 0.534238867329439 4
1.01898025534166 0.0722771618493618 0.051131992771346 0.111644545359382 3
0.795324394877991 0.400106198970668 0.754335081324518 0.343801491729633 6
0.136687496708999 0.906285865093269 0.378121313435602 0.43396696557362 1
0.0276353489888247 0.857534479084785 0.415270405763295 0.65910111291884 1
0.811490283939642 0.164587513830315 0.0696202736357061 0.244465279172642 3
1.03245469283456 0.172790738899342 0.319541141493196 0.411209266951163 3
0.91731477730738 -0.0130117986914508 0.35148992414934 0.124290647716046 3
0.613256773340164 0.101137595611282 0.591555783561658 1.07630423932274 7
0.913832229522461 0.3388477765571 0.793882017440929 0.495415713954216 6
1.14067425452212 0.194198419262999 0.259576663156803 0.0439084814756459 3
0.390241607492857 0.471134003265383 0.862136368563809 0.142653084330731 5
0.0804498786776291 0.914795280621643 0.39303402142408 0.681333406861703 1
-0.0255787750253322 0.908936345172093 0.287361053040174 0.669742856615247 1
0.919731960163343 -0.0739757453667923 0.0629429687395899 0.130809577539104 3
0.229709541753542 0.914013426886902 0.498159760137586 0.208267422545396 2
1.04885101751266 0.337374766441642 0.776636179312949 0.248947870647613 6
0.522087061586058 0.49974180785493 0.727488040145363 0.230043694215011 5
0.559969160943697 0.982942228296494 0.58494214405343 0.373106083956258 2
0.293214558011984 0.291043409046701 0.654426319308711 0.492584258821469 4
0.44256314053281 0.947042042570459 0.380320969096897 0.501303811712213 2
0.848359893581196 0.372217763681636 0.864009297658158 0.178687516318494 6
0.419265741287005 0.885042809254832 0.47960157916043 0.440788439683547 2
0.339818240258675 0.880655279047078 0.396872489163723 0.193212416544055 2
0.299632347656634 0.0152607855187558 0.82188273722883 0.518548757508542 4
1.06890013006019 0.0106080469124194 0.279470851254895 0.375355941464828 3
0.793747249348924 0.12250123992613 0.287187121427944 0.146874402513131 3
0.333398699396586 -0.0377164299684135 0.810717415781638 0.565163072439055 4
1.0551967195541 -0.105069126122161 0.121205191376798 0.371146089444685 3
0.295699974915047 0.194029762665372 0.855864459710105 0.482481374074452 4
0.055955419591735 1.00704961626056 0.400586814494702 0.645220198461573 1
0.297856892662642 0.959317429378263 0.510007412634053 0.404186569965538 2
0.358863780923711 0.0724426865816359 0.818863083587516 0.358112399408793 4
0.954202776927269 0.098776200460849 0.18067266510119 0.0301957037409572 3
0.392774227896444 0.182501733612095 0.659692176575013 0.712661634272008 4
0.962814004765732 0.397182521214466 0.819921303708701 0.549279499195623 6
1.096341303775 -0.0345324089010238 -0.0417329314716396 0.269358075866436 3
0.227200487267935 1.08947691690605 0.573027909443506 0.257367392278248 2
0.341293126074342 0.98551714824941 0.585977337573721 0.540433159140945 2
0.401957944294716 1.01900777816224 0.539468909123295 0.388234220164795 2
0.215456269546281 0.0899087515648909 0.698283909474539 0.316687694666848 4
0.0557140773977788 1.01981837572315 0.239695345646667 0.517982740284962 1
0.313550270980527 0.99713583335199 0.402412958201007 0.201908346997311 2
0.54514633654747 0.0249922842151239 0.687804791282852 0.577424095772904 4
0.619775259702324 0.0436803521400941 0.623236544273458 0.852487040150746 7
0.263209588593426 0.905789511100697 0.543098129983151 0.298628064944712 2
0.106548832994078 0.937674344527966 0.297668620044203 0.659299120960651 1
0.454891461172953 0.650406680813741 0.784048286442771 0.406226150121191 5
0.60773117171246 0.537702582643906 0.740812550919345 0.226256747715329 5
0.351264884024404 0.806923330835818 0.420199237106918 0.311186606810325 2
0.10932795891983 0.904007250245724 0.364387566762412 0.603814391122242 1
0.69017465488901 0.00695210518334881 0.53736802165628 0.996361725433682 7
0.799013272869866 0.567440124192247 0.882141479497506 0.380272048567949 6
0.580302537355553 0.224034547585735 0.837321706436995 0.408596697614248 4
0.682073216623794 0.170005813363987 0.696953981990517 0.997970400816056 7
0.113598646002097 0.945933760178765 0.409491225609184 0.677592534443649 1
0.793693645629021 0.0824626742150925 0.621386241303684 0.927590336477805 7
0.324224735463709 0.942149885488275 0.270071181546229 0.358978872077624 2
0.367301699815729 0.0965142410520471 0.777296845814251 0.204951327481804 4
0.482673736741684 0.373043208213018 0.866504560390121 0.205209182166587 5
0.472119706817411 0.00789032485510031 0.836464312521945 0.431640980024226 4
0.903577321665395 0.0789248998826388 0.123340722463122 0.176292827452857 3
0.870118041941413 0.412224101470199 0.630756370171952 0.457812037459593 6
0.687991361904856 0.00705711969291356 0.620786023190648 0.933511372304761 7
0.239506959337952 0.896054131305379 0.449099418471623 0.347214887115708 2
0.899527183140346 0.169267122743753 0.308754756154519 0.169330612100751 3
0.295875879187936 0.916588831886659 0.596297813117387 0.475662819177273 2
0.425240832996295 0.626846950476194 0.766127302133389 0.284727182416981 5
0.876752834033822 0.0776031991478479 0.248570590773751 0.0433688247326799 3
0.161675436022773 0.929524593318149 0.298645432862068 0.668245741475305 1
1.04694028480744 -0.0329238316205599 0.308929621244663 0.462199017877438 3
0.296266089709223 1.03687367899457 0.615474767365903 0.181081832561228 2
1.09570931087769 0.33281254914858 0.734147331344128 0.394809762517706 6
0.662045883765078 0.532002654785393 0.820716495597169 0.230086775779028 5
