0.731360001947557 0.887961039186116 0.146608229574295 0.273314466612388 7
0.0872249762618629 -0.015833498216878 0.204872129872868 0.274074997956592 6
0.353503168720222 0.20055787494126 0.189193733791577 0.114269457702187 1
0.7559288297081 0.100115739488967 0.285117089946774 0.845881514150545 5
0.321362284518049 0.144197710700581 0.217844720420512 0.140045519443276 1
0.938940144814366 0.710125729597675 0.399726644271274 0.329663475337315 7
0.711031954760416 0.0297834047727757 0.315506913923897 0.752544245444407 5
0.204042693456249 0.0296494989000238 0.0517054768082901 0.305911321498695 6
0.0866879827779711 0.0233615076763472 0.096628929865486 0.285834589645563 6
0.269031127223551 0.0527742696630539 0.112545190014863 0.201474180342059 6
0.72542197855875 -0.0120349408257728 0.318753327242439 0.953852454549234 5
0.739147356241492 0.136961620186209 0.239872281232957 0.754679667330232 5
0.858397854139857 0.242709341199806 0.304035726681773 0.805943427692696 5
0.77696499481645 -0.0681948195627996 0.368170842577051 0.921107832686396 5
0.142060344459888 0.168433856341445 0.0943338112743713 0.170014127340888 6
0.763132427208422 0.0724967417600624 0.315267638075468 0.660201309490237 5
0.813034627569275 0.0899552379611888 0.244897828412795 0.721588515145383 5
0.810206170860392 0.455512960516086 0.457724133939991 0.735544272003097 2
0.739944318151685 0.742463822825396 0.147564663341434 0.426811043913125 7
0.847264735810858 0.211077565053695 0.367656277390751 0.699376370306069 5
0.908824454993263 0.138082758512459 0.458995277237613 0.716883737175949 5
0.155666053734154 0.0424157432326142 0.0210122372119681 0.271707646696304 6
0.634650362084627 0.134830410199436 0.49469047299886 0.900299345307708 5
0.42751852978442 0.911850480210852 0.312299311014449 0.022317969968587 4
0.896513724811621 1.0082448363519 0.200311207412168 0.244276277020824 7
0.238831661642412 0.126501181762381 0.0709384938600719 0.259811251769606 6
0.41495948508605 0.309237805939435 0.264045564828106 0.114109635630065 1
0.762029508641252 0.624943803073155 0.0357241967654441 0.345550057859983 7
0.716417093132426 0.803739032888712 0.953939848800709 0.43553898407442 3
0.224686273567343 -0.0118912940066203 0.0483046964796833 0.203926623170101 6
0.650217578056718 0.454586070065132 0.655644571746767 0.520686660472753 2
0.807631333896321 0.655876775465897 0.221228942546811 0.504960098426507 7
0.291124705076313 0.0342433984112955 0.14315310011739 0.222287647808292 6
0.705435592821347 0.834560914793111 0.199096649992674 0.394445863133584 7
0.865762978174048 0.949222541730171 0.202809923474544 0.440457114046505 7
0.617978036225632 -0.158986518771588 0.411277329835614 0.750938527595001 5
0.73725117232667 0.886967457070798 0.0905417853683102 0.260539106609654 7
0.762383000740804 0.849980615282116 0.198786202512646 0.152476598210856 7
0.498940674904238 0.214540920741188 0.169382641008709 0.0931459771663461 1
0.3453496358661 0.278230666888238 0.252542130426574 -0.0190528369262916 1
0.230605556129818 0.153612384651626 0.0502461257588513 0.217045132342077 6
0.371657045462356 0.985024037336429 0.237533612460791 0.148205569083687 4
0.332947064686756 0.192609716270232 0.130375687638616 0.0533714399115099 1
0.834604194684692 0.740104438320285 0.114662446098296 0.369892311869922 7
0.786862936555799 0.669784293060336 0.939965957068356 0.521481525976261 3
0.189369545306487 0.962650634064606 0.291131656147799 0.1185746858333 4
0.243837604178878 0.199250175327771 0.168955655130466 0.126932694199625 1
0.238075427817514 0.0754547920165447 0.0131716466749924 0.261496860187673 6
0.898280648876856 -0.00173281656085369 0.387986194432061 0.829722631300516 5
0.475710227235792 0.156860851421177 0.19553298254296 0.124527407268478 1
0.86223818986576 0.864908854529633 0.271649519154925 0.343830531364261 7
0.801987019549895 0.0978471997002914 0.356980088650612 0.855662702462005 5
1.15164536293489 0.867906590368928 0.922826041720862 0.566496554213904 3
0.33743160545482 0.0701856387551713 0.0547073786763118 0.242785856709043 6
0.828149578067679 0.751663340124705 0.121289687564378 0.492971750865869 7
0.771637390618421 -0.0496052643297213 0.339560249674126 0.730095409321677 5
0.701825938182808 0.758582816063462 0.25998846337548 0.40590603209702 7
0.856648568713383 0.483695634690391 0.418071799036816 0.594522214498975 2
0.129221065408524 0.0809707184268594 0.133854152673925 0.287077623734388 6
0.21435231523356 0.195256597563197 0.0561631741646056 0.125332287836214 1
0.275576060389358 0.057915568284955 0.0530863361705999 0.29681486383528 6
0.367625997387128 0.21132997463941 0.119365853843167 0.179812432795229 1
0.852081291284961 0.600364084611075 0.262140680748808 0.362676999505406 7
0.922180615394432 0.776393594770836 0.920585283917197 0.68239228315775 3
0.758706465221872 0.162231427037951 0.431952921580439 0.827060267941738 5
0.430516720243673 0.16923521592324 0.181572150048025 0.0830623090825381 1
0.307962884384523 1.05046114945298 0.405573799249633 0.0305582156541777 4
0.839703686690149 0.0130157431709311 0.356217359227925 0.826090174365925 5
0.283864535633853 0.635243420091375 0.5448725615612 0.0178426714473664 4
0.438765481538768 0.131554900673911 0.241640473989381 0.109863221110524 1
0.256421489196516 0.241412173036875 0.299898459721881 -0.0540375953845239 1
0.817847809484343 -0.0729931215234965 0.323709632627084 0.674773334973843 5
0.833354077580814 0.0107057863512032 0.301755309399825 0.661902798080397 5
0.847391674300901 0.741216677826545 0.259416981403396 0.258995678601298 7
0.352996375113901 0.281674045896597 0.260527660508731 0.0843732520268137 1
0.947756101691095 0.089865121184951 0.352972198711047 0.823337643678203 5
0.762677843001528 0.875487633925283 0.0618680388374239 0.281223780466098 7
0.265912177737915 0.111279992043356 0.0679326099386179 0.161799504746392 6
0.329434959787926 0.93750958322061 0.442848053712806 0.0840275188877506 4
0.682567868837095 0.0409397030822692 0.325853735633447 0.856635800622821 5
0.739732084259596 0.78006109708999 0.147019239462342 0.33974439676239 7
0.673678777612821 0.0394746160052171 0.354787602666832 0.712500272998026 5
0.450204400180258 0.19483525701282 0.223637066592775 0.0617331378833985 1
0.289363764921069 0.0207215428245168 0.117780488042406 0.177291132336862 6
0.201095043609402 0.138097243916106 0.131454912717009 0.206175078355337 6
0.379752989400331 0.28523782456576 0.216368998008059 0.028643341943742 1
0.232905496545051 0.0343784866176954 0.0908788020286886 0.335479286669002 6
0.139007114941379 -0.00354622733741597 0.0077868565484243 0.206947160288331 6
0.814788305671826 0.156448533995938 0.384997710441331 0.867033685291811 5
0.337532074242749 0.158034613646166 0.242982310837795 -0.00821538703024713 1
0.807199279002479 0.92622466092967 0.165107036752794 0.459634375267449 7
0.389342159008975 0.2177681864368 0.305785661775003 0.0411655535097397 1
0.220199269972173 0.0796181573882954 0.129452766747907 0.253049783572237 6
0.106048515580002 0.0496575840947049 0.0941835290008536 0.160328670679302 6
0.247846786210018 0.739776879433414 0.207539424423736 0.0219882126429761 4
0.268624768099066 0.0355494409922659 0.167534281055923 0.248212837259046 6
0.835388887889711 0.198798174270754 0.25898424063173 0.752774175125933 5
0.814330373710309 0.595951125964642 0.530424525669509 0.692565100974663 2
0.204358046310609 0.0942252835105496 -0.0444462782217818 0.292741690544976 6
0.303925804607349 0.187744695341279 0.143663982788238 0.102056201946651 1
0.244022423529134 -0.0376955986684692 0.0874343214829127 0.193076915312537 6
0.909111176329798 0.843607710570091 1.07069500419819 0.490610412650608 3
0.284013672704745 0.340387685758667 0.172599492215436 0.10922391496151 1
0.718413323440965 0.86752358376735 0.274357428501032 0.383515461236131 7
0.646708047821756 0.816332656224963 0.191681913185371 0.261620404116471 7
0.295167676505476 0.92929020054688 0.309069062494436 0.118162493185238 4
0.206631498735354 0.983157717688294 0.378838911993517 0.0980211567706511 4
0.331979666889792 0.175857554344292 0.191236840653459 0.0389986971326792 1
0.170498447853421 0.0420438795019941 0.069366369718395 0.252384267494652 6
1.0115122181185 0.730310210954413 0.344177954394982 0.243671470984093 7
0.39825612191441 0.167427235514635 0.242628532074707 0.0838315460095104 1
0.333053993067462 0.0552502968213046 0.0772216544417354 0.224699134448559 6
0.234813517924219 0.091332702902441 0.122027204633037 0.167817727382922 6
0.366055124641336 0.36442480576928 0.246828079656891 0.116690425874195 1
0.898617170407948 0.476554854259166 0.461189181963905 0.644324930462971 2
0.253571278021238 0.0445867306360947 0.135809916090517 0.207625589422201 6
1.01064811569397 0.0614516983971861 0.272745445462804 0.858827555894257 5
0.837604923332813 0.72521334423007 0.317880257063461 0.397919901082319 7
0.498120719460136 0.411782508265828 0.487085172142034 0.595609363194047 2
0.207564288978842 0.102237548313916 0.0615123647504203 0.257689103035904 6
0.296650226946542 0.0123810402111927 -0.01893212764054 0.250821041045176 6
0.760036969997394 0.0392896492544223 0.309848528750409 0.916166597970924 5
0.707851104416949 0.237319799942634 0.511990619227878 0.956993982689912 5
0.811416886292277 0.0858737717343417 0.508478419908823 0.848170211163714 5
0.578174697218327 0.705158519014141 0.0814864602857307 0.438237279316195 7
0.699140200809999 0.869100637122232 0.171970850775366 0.299549725592095 7
0.432959634408993 0.833380492779523 0.556027287204342 0.125102737739824 4
0.383647200922354 0.186680555618823 0.240198811715314 0.109502249372314 1
1.03509423455899 0.0874622040222092 0.362074441402611 0.612229822884026 5
0.770032535858282 0.457745683045129 0.470133992440349 0.755614027622077 2
0.902107288781683 0.186693564975273 0.438012882428101 0.754478969750465 5
0.859719011054338 0.177400943314383 0.187261373857592 0.759828954399986 5
0.838780820105368 0.497217692630896 0.430877832274609 0.635513869500794 2
0.917804541625959 0.621765012550724 0.875802447875551 0.526856671057445 3
0.332265924023956 0.291373266242608 0.288456657919813 0.0141630529628812 1
0.868380936585797 -0.00613355792459179 0.54392498390809 0.764745878206256 5
0.277418878962774 0.208291124046244 0.224485284634502 0.109679596936228 1
0.864052070341216 0.841021200517976 0.099561211114266 0.349322164635035 7
0.431042111035756 0.14408226396752 0.120079531791997 0.0388754218643532 1
0.72456305126609 0.650143066646404 0.283565281100231 0.270260212036 7
0.9041724644753 0.0119585585106463 0.299434236921086 0.672022992688108 5
0.407233501909103 0.248811622631838 0.160121248508167 -0.0258843480185864 1
0.840077517838909 0.892570584385966 0.23088290200536 0.381149611405506 7
0.173809315905176 0.0592891455950648 0.0410326335827204 0.308306109260065 6
0.862857579638045 0.937845070061297 0.117127010221849 0.425069389720493 7
0.922663882337789 -0.0223255814401557 0.445811595880236 0.732282318370273 5
0.421572275099734 0.129965079648485 0.263019772022804 0.0554218443439202 1
0.747397828114892 0.870082809341782 0.245121377033646 0.261899434117318 7
0.580655837519113 1.03849425661425 0.394988665914193 0.405298059509889 7
0.302618707089145 0.0167619457196811 0.0981670177012042 0.239923311782958 6
0.414650343366972 0.116506529305923 0.330514850531065 0.0839346352685633 1
0.821542182251635 0.0477492920610223 0.366067259890666 0.664460383455495 5
0.814106885437731 -0.00604887980603792 0.36638436693562 0.66349424422532 5
0.819757007834908 0.331463104147901 0.491935145890875 0.533351138230254 2
0.778090273956563 -0.0310900257467598 0.438067956164372 0.673191696991106 5
0.318012159823416 0.21873823232044 0.183362356751921 0.146218059754509 1
0.722182989848266 0.583862546947226 0.550688394935138 0.648721124598124 2
0.397793864924672 0.189502048596805 0.152958049816883 0.0877381744653139 1
0.200993262440691 0.159892346353067 0.148842562520629 0.10996272341387 6
0.830566775353618 0.168278287714349 0.449785654353553 0.678532237236149 5
0.761151750472988 0.101807675794686 0.372212298511516 0.798070328048544 5
0.798714687704921 0.116001645654622 0.290427317188703 0.704691960961317 5
0.151202291262244 0.0952394783546923 8.76800692363733e-05 0.223893669784224 6
0.372393504858019 0.135031029747683 0.298324201496799 0.159328343593656 1
0.430376583891772 0.268631447382927 0.228799199655666 0.0880316379198532 1
0.126730923865694 -0.00150770474008054 0.19363315366026 0.289285408125758 6
0.73122240223046 0.735485893516478 0.12245382811462 0.302124399033728 7
0.675230016670865 0.752680118947342 0.318541928443278 0.423802827153333 7
0.80223080660161 0.106046379118137 0.432526298868903 0.856876341187579 5
0.243048398723896 0.108133841271853 0.121236256440932 0.256716417555875 6
0.216382051406696 0.0426957464707696 0.0899562638473381 0.238672339558692 6
0.0877966193380104 0.166879307807453 0.068181145634475 0.196967600935591 6
0.131575933650673 0.126523269999237 0.0977088020326136 0.165525499575659 6
0.402580079895327 1.07807492783133 0.229187748656893 0.0215741743679611 4
0.206164727038693 0.107532576643451 0.0539623263071223 0.18109776851591 6
0.147313600076755 0.0645875267927073 0.0682207474162141 0.236914570408326 6
0.716779734106992 0.749979745748559 0.484120641070661 0.267680188777717 7
0.177119012614152 0.0885736920661273 0.0722278715147497 0.232074986082141 6
0.239302949344898 -0.0130395403926315 0.0497664804040583 0.138800153588895 6
0.787348840113671 -0.0136384439293619 0.38461283195066 0.89251119512959 5
0.795909394192809 -0.0234224174719208 0.325428846460268 0.819991673260201 5
0.700900556225059 1.00465940203957 0.274637724969173 0.332291335717734 7
0.815496079254661 0.776079914586077 0.0803391885872205 0.298707218528661 7
0.843791650100688 0.0766629509846408 0.344835538660074 0.624853625503839 5
1.06056429422693 0.862850657292145 0.917350521749316 0.460019228285273 3
0.334806824711983 0.251765773293294 0.2501311182845 0.0542008983955814 1
0.914559932594021 0.0566376671200609 0.428345479978521 0.83353624080138 5
0.244419448133111 0.0950377036361311 0.0299628735618953 0.194205743350699 6
0.317743182932354 0.229815881859116 0.239313878435672 0.0998023786569839 1
0.763176993181488 0.116941010271438 0.316537834432364 0.750654833141415 5
0.250831407319865 0.299329247344457 0.154960133849345 -0.0368891741019105 1
0.797686855704985 -0.0623476809252892 0.484252935358108 0.801099379281745 5
0.403578630449247 0.766109312673746 0.450659619789263 -0.113039633367616 4
0.14720705892898 0.0362448591271241 -0.0447979015782716 0.138532074528861 6
0.278089108750994 0.252077506992472 0.26003050506216 0.0281198275598903 1
0.285170493351144 1.16811796169008 0.481542316031896 0.148767060968047 4
0.317365235067241 0.0272209350484664 0.00143822109132713 0.205601128291899 6
0.736783377986098 0.0690233589760003 0.454043612058326 0.772484719369007 5
0.173210765993526 0.0119094363750518 0.0489333763626279 0.163086892209017 6
0.200767745413392 0.100528801011594 0.0952546835154853 0.184731789697553 6
0.835753288938193 -0.0261941707697129 0.41576602655449 0.855289388057868 5
0.8246007631535 0.102067784836074 0.273710167564498 0.892872403473791 5
0.865407010101292 0.760378154466828 0.946566094795852 0.57568769810781 3
0.646430543618907 0.193203192093717 0.322110546730089 0.789557902060519 5
0.89881955508978 0.79019021723969 1.0212768484924 0.659121660252943 3
0.789216044070242 0.8027600796346 0.160062720121121 0.297981025553296 7
0.931541214739775 0.0867928099223417 0.441924976365336 0.856352724586293 5
0.241942563027645 0.0918902880507012 0.106849181539971 0.179874696715492 6
0.867917809355578 0.0672209318549457 0.411925770219711 0.725796001879535 5
0.163341026928584 0.0490023482360016 0.112291090989239 0.153114984307704 6
0.317287435817916 0.149027399263492 0.219123884897672 0.241123280112145 6
0.379812890743739 0.114693129673569 0.191541982721307 0.090047965234526 1
