0.896244249466257 0.722924775906997 0.131163997378018 0.0303705498452729 7
0.593671785931528 0.14558624545091 0.788523889325152 0.923939311697625 1
0.611298004400758 0.271073339836865 0.685740709982139 0.910181838472269 1
0.187990732309037 0.131282424654886 0.351739927469725 0.66826819567929 3
0.0620915846779947 0.616782339613167 0.264891873018731 0.232121000890509 2
0.286016543526553 0.204814359753021 0.595961601518372 0.750222123027205 3
0.969863653457615 0.321633653674253 0.937722846717988 0.397217445417645 6
0.578212337192268 0.389293364876234 0.720759064387249 0.894692706541251 1
0.1567685101887 0.224475508996929 0.476800060592874 0.786870252651522 3
0.159173264125352 0.842413941437824 0.195895331749455 0.94517388401473 5
0.628221076224644 0.212997124409936 0.592538661064311 0.84244868559171 1
0.488275677187345 0.0919408736646721 0.624545446614745 0.911590205018723 1
0.402392082944227 0.596708874416233 -0.0685337493450588 0.208074907247808 4
0.11404467851977 0.693515381268834 0.137572687691125 0.374868963274365 2
0.761916413395335 0.133701456553336 0.607846688607022 1.02909595935655 1
0.843022469399973 0.111250628616719 0.819199031228373 0.50151429385938 6
0.700894922654695 0.762830054499309 0.196917950697468 0.0209713142848137 7
0.13169817256465 0.601781367483632 0.16568995659303 0.377505737882877 2
0.419725499036496 0.665670641782951 0.00477257972677038 0.074493252867469 4
0.889752023680076 0.181224520716264 0.83455225428236 0.214819555113615 6
0.314018409394909 0.552291449916493 0.111517938477163 0.0204351590172856 4
0.2062858492155 0.202363370733865 0.499562349175668 0.769583808102335 3
0.425166176262314 0.660581244177619 0.10025455606142 0.0163005201681987 4
0.372511724099388 0.678107356143701 0.0778913495192203 0.178508510112012 4
0.118789736551116 0.807350988269045 0.332665996516623 0.433644309078147 2
0.75499418029752 0.45156901911031 0.809900789721795 0.378860417306159 6
0.123622525884435 0.144891742669382 0.427540762865719 0.810382159964682 3
0.17137640093801 0.108676634057592 0.505475083672693 0.802863850213235 3
0.22111373336934 0.255480244564718 0.456842505179056 0.735374836004647 3
0.315539217726092 0.270849189850443 0.340901234412869 0.862466607134 3
0.0229064849344043 0.577322861662039 0.103772343095412 0.428707947630046 2
0.762317733067626 0.791569932677337 0.237782924024595 -0.0718429149720624 7
0.156679335501978 0.0747629008631504 0.466955256887301 0.750736383573343 3
-0.061356143911427 0.592581694160573 0.242606014202811 0.328745808780591 2
0.380944459586023 0.577032158544422 0.0491689049192909 0.0333202058594367 4
-0.0319382274460867 0.606033864615732 0.197891834386917 0.380913812756338 2
0.777402626159523 0.206210725758137 0.557423613097467 0.335828386141703 6
0.32236824504708 0.0772688205803055 0.653067875801413 0.690063951766926 3
0.325052486699366 0.515696838842696 0.10234013820557 0.0835389486111769 4
0.459151384657223 0.689539149721718 0.0918533295032025 0.00368839585203183 4
0.657709908179192 -0.137651328175723 0.833572518825208 0.314671185391473 6
0.220178287279735 0.658701037196992 0.0374227499313667 -0.0416018804186289 4
0.292818201120698 0.615083625750819 0.0414069365618919 0.0276826507060055 4
0.33625243426806 0.603247269671783 0.166032660921798 0.0745601107281775 4
0.082656740468407 0.658780835582982 0.198039861959132 0.401377557803292 2
0.179105320803096 0.18940617500155 0.433064701890202 0.729184489482425 3
0.891475256723818 0.710723132016902 0.153083259969416 0.0553381828059206 7
0.294040383933662 0.936577136396476 0.138970586989166 0.900339755085538 5
0.298659538353523 0.689624631147555 0.0954275411206182 0.194717013279908 4
0.4248408567587 0.756413409478817 0.11896864744363 0.135664551466128 4
0.717680272851303 0.706046835149102 0.152143525066768 0.0337425039637778 7
0.911738811997908 0.772510757101241 0.052560574158836 0.0475360097322221 7
0.76688830648809 0.254139859957903 0.762923339127965 0.576370602704387 6
0.823444365097857 0.819358700441963 0.0895332162145142 0.104369954150793 7
0.73812327370813 0.770482695045351 0.323774785531489 0.0629972021448676 7
0.482728223290998 0.64028332971212 0.16951760995807 0.143511925354081 4
0.770142321695226 0.943819649520897 0.195174680224499 -0.10001281980337 7
0.24570503426288 0.198075136777764 0.520876685616486 0.873695429858511 3
0.695279660046013 0.0570019778400543 0.722176965502203 1.08541980876122 1
-0.0666000796589527 0.583981855356253 0.221008227034002 0.386127087535183 2
0.0730936907823751 0.664714089911404 0.187325281734045 0.390995655430106 2
0.72024647265441 0.773754861475796 0.22309298142515 0.136911444349395 7
0.875174594175873 0.268644831622103 0.839986554463813 0.465922788113411 6
0.219495159951543 0.590121457117661 0.0388241266566508 0.171600404986554 4
0.859217792001921 0.593894735163616 0.358448787657156 0.0122108500312249 7
0.178619693242223 0.291877730591306 0.493130787816877 0.882923665727532 3
-0.148630528837402 0.630072069091205 0.286660978548279 0.270593995532335 2
0.564831504682871 0.700997182164936 0.155745739780207 0.168385938378165 7
0.230539806986132 0.291923913277003 0.568409446351184 0.810033073310072 3
0.623806200047167 0.250751102769233 0.842245138091666 0.980630194036237 1
0.848725642054001 0.756047090326854 0.388732009078656 -0.00456470111675303 7
0.279773684139057 0.140449623723868 0.548894112974045 0.762068341909591 3
0.455804199243 0.550863287808569 0.230261954714357 0.196500760619133 4
0.873916513725985 0.259564204440674 0.89730553028847 0.192442295376771 6
0.0157376716817399 0.663902379702207 0.262388032361237 0.41705415760056 2
0.0910776468931262 0.811351745971045 0.103171235157203 0.412048852914234 2
0.77200281095074 0.310414307001295 0.927329971415264 0.264335783418003 6
0.935106297631258 0.0441447505459807 0.820217565935486 0.292239599807771 6
0.769465042091951 0.182760310086655 0.725968055970111 0.461479089583217 6
0.0402355996778177 0.642662259134514 0.213925888865102 0.260850266937676 2
0.188011681358143 0.285554654096649 0.303734518852843 0.757721171543111 3
0.345172401327961 0.759024676405377 0.144379601724685 0.0930426481336271 4
0.782245233372969 0.648531430978218 0.226969302775159 0.0295534595549188 7
0.751541628493923 0.776572537208934 0.18318321298981 0.0715327261696009 7
0.422704480691577 0.67743229823779 0.00989340729822702 0.0582126871130676 4
0.120388577466196 0.304569777809462 0.575512566037178 0.796610967637183 3
0.858389784977356 0.236165669043798 0.825577858674878 0.287718363348161 6
0.133491672507389 0.892353236498179 0.257172598056892 0.923183085059146 5
0.757619182545967 0.715611872613392 0.365884144497569 0.021342644815123 7
0.288154818693307 0.731871211212845 0.195541656661564 0.0951039040942189 4
0.42485742240012 0.729353218437177 0.115160761857902 0.0675211484827874 4
0.645809201093961 0.115500145310974 0.638587122219253 0.902129194499774 1
0.0255495032670158 0.71717276837824 0.308779368439309 0.422787416595412 2
0.934154386301574 0.174974547224986 0.846240221760556 0.34372716743145 6
0.629740925058708 0.242093066858525 0.675172967415612 0.356946579846335 6
0.107713383388575 0.71785273136741 0.200380051161794 0.457812228410523 2
0.247284070567137 0.312505417577347 0.582463134838126 0.641810309533526 3
0.0856340937265862 0.214870294553861 0.333368720267933 0.798819835650628 3
0.304627257790516 0.557282939604619 0.188760013108143 0.0732270752867251 4
0.855226281628333 0.830617787426633 0.245425077890157 0.0634672510385674 7
0.358272101881364 0.689353577010315 -0.0288582597265074 -0.0378628973260336 4
0.525265375358326 0.238331790809969 0.754973111392304 0.932563922708604 1
1.00394252103627 0.246948943690587 0.719253160093883 0.490089303500826 6
0.282511856471972 0.662703958890674 0.227615570455322 0.14563837387423 4
0.757628843590489 0.0755482775785343 0.870089883493484 0.32765867549379 6
0.784125013811725 0.112462293709059 0.684316208161454 0.367019661443103 6
0.816882182812438 0.248051104278418 0.864847771850172 0.328666797477446 6
0.149093532336718 0.271887758782351 0.521003575195227 0.777166794090043 3
0.86616281294702 0.841896935216192 0.0542918383410692 -0.0400696106112657 7
0.284919560424875 0.669710729445079 0.0419844118875905 0.107100968065167 4
0.0543128512771913 0.748748368413606 0.204637687877734 0.289350369956339 2
0.367090657259643 0.679578394459716 0.161797681656943 0.123883995538888 4
0.246841006845116 0.238841300317501 0.483105177458895 0.668455066942096 3
0.435235346848126 0.18979181491722 0.660375825533828 0.93436285532721 1
0.108958221377579 0.0577700940448455 0.47687099654387 0.797553795971594 3
0.262497704045336 0.130878120937088 0.468881072587925 0.832771584910628 3
0.0616591165177838 0.679568720569945 0.150898753324398 0.326214105552617 2
0.383197956630577 0.708347717114363 0.0942606649052362 0.067553492160842 4
0.555502711289716 0.0138362830484462 0.732725700070201 0.885041025055184 1
0.737531285854114 0.914109619262205 0.217483041739124 0.0724416994007726 7
0.731510748636593 0.780516199958626 0.284241922075484 0.00987771477197939 7
0.21907921027949 0.62466034613896 0.0750511232042575 0.0309542725047654 4
0.366143264752746 0.544681044658879 0.0447826258020445 0.0871172897423633 4
0.139943927193535 0.618918170573204 0.0600233716723771 0.390995243395559 2
0.180512329688768 0.259620092725084 0.457335713447069 0.871390790386249 3
0.832084645455125 0.0777266039658286 1.02363548792874 0.274527322883635 6
0.779265766940152 0.355919391396477 0.709688391275314 0.171930915792088 6
0.661780339515617 0.316382247337747 0.816118701021751 0.382509103758686 6
0.752563222699357 0.146047707271094 0.808232548072252 0.217923169946938 6
0.0400647652757146 0.691076000054081 0.213949431360858 0.373935947951133 2
0.204734802950486 0.363661188811507 0.497593350571073 0.832052430337514 3
-0.0134993613255839 0.691529169958723 0.236622864941482 0.383850407474313 2
0.0685813061401757 0.627011565306245 0.357664206998617 0.464978853743602 2
0.20972808380962 0.277845649973664 0.573788104568729 0.684950567445649 3
0.3177051254995 0.217844936877699 0.566763994143253 0.909807857281456 3
0.240888184483693 0.689430131083601 0.184817926918201 0.0985326684634745 4
0.195487870309221 0.684560200895468 0.227040776213938 0.336821123369662 2
0.76952168776664 0.786800736269509 0.361227873022105 0.202917408741669 7
0.537826360829337 0.2907723068775 0.629594672025832 0.786821929121953 1
0.767271205615553 0.860895837165585 0.191174625116652 0.0117667165654435 7
0.242501021803375 0.267563654037778 0.487039802068547 0.804319704872603 3
0.0709156311939963 0.587462220634525 0.326518965497714 0.500963020071153 2
0.253703858558202 0.739427500595011 0.26608701893281 0.807872350407926 5
0.606456923172195 0.160316138531418 0.664667191620245 1.02499171770169 1
0.766380796399353 0.823731791106337 0.206221017842812 -0.0500707098536887 7
0.699069788549278 0.83707285558519 0.238953928412225 0.115521466022368 7
0.734288044791676 0.898806154980536 0.186617719678369 0.0564620198809975 7
0.0720245959364292 0.769472537447583 0.10661771164405 0.433454874092671 2
0.148844988837537 0.849216992122639 0.185340176866881 0.827031123155741 5
-0.0114774298345468 0.589478493632979 0.164511618714597 0.397970382887091 2
0.367508788518806 0.658714454248871 0.0353488318404531 0.00648633805016607 4
0.955339679747422 0.815242622126893 0.276867875407387 0.140453352472078 7
0.944945971456263 0.845594682353596 0.130416362870183 0.169779169321391 7
0.796998029534023 0.662842652274497 0.178101389181747 -0.0201882705188661 7
0.703742344048696 0.289465193663556 0.789348470837725 1.03603265979184 1
0.728754749617651 0.129656261164185 0.486281329972513 0.848222086085108 1
0.194355324742427 0.573380388507012 -0.0251231980936481 0.022368427331171 4
0.789674344722279 0.746687772423313 0.304181914554247 0.0493645667317356 7
0.350342394504663 0.192176847650271 0.465795933866429 0.830576083337259 3
0.325786249469054 0.627900637864212 -0.037110321946229 0.0675845797020418 4
0.0201596879285082 0.707975900471507 0.146510677654432 0.346844672970524 2
0.266763832605787 0.66494287169838 0.028316583454033 0.00694199944382379 4
0.171398968362938 0.0762668402564745 0.499872723922269 0.738870860574518 3
0.293601395169932 1.11138045853893 0.330690560417222 0.918075775129956 5
0.749877614535924 0.147386996985396 0.649402509098803 0.854859129765066 1
0.790784926719488 0.318891609242326 0.90780797199238 0.386286723401918 6
0.358554250938634 0.580393350235628 0.112310022045713 0.0478475431125047 4
0.89122247710716 0.828110396644945 0.243589306869518 0.0299794397677091 7
0.385039597490292 0.675435292576515 0.0907665867456448 0.112706074049213 4
0.0391241996764421 0.697634886815241 0.311600124906439 0.269279752372236 2
0.657376615948113 0.24073257917745 0.858704544703205 0.501400087968003 6
0.304408113609423 0.636059799511269 -0.0284739801457185 0.112674459022445 4
0.136959787046809 0.695915167541862 0.167393822897907 0.393223676069315 2
0.0942871418851059 0.649353679835168 0.091098055766539 0.527486160100849 2
0.156925405196359 0.538888928293013 0.318758146326328 0.327017937062153 2
0.223669851403014 0.261204043633746 0.527079298142908 0.927858732476859 3
0.713211404495033 0.336357037485589 0.813400443627288 0.497108238797422 6
0.0978458525698813 0.204330096401201 0.536451939227632 0.828202056341523 3
0.0681013090169546 0.241405517794853 0.45085922907286 0.795838806845064 3
0.157315215497037 0.245093040597609 0.509873070238637 0.767635567554389 3
0.848519572173321 0.909669516543909 0.145229573854801 0.225032163179783 7
0.446160348419899 0.620770910169657 -0.0124406928504169 -0.0187472205454982 4
-0.00763595455652299 0.223193061840147 0.424279016573494 0.767757061375236 3
0.36125489072108 0.815569515446661 -0.0773449262006852 -0.00964920266813368 4
0.0648881342413413 0.566287755580856 0.223302641324949 0.375983092625652 2
0.293185378623795 0.397144634624651 0.508533659190381 0.797850392367857 3
0.0464935459560794 0.596278982232987 0.249356410322868 0.247179991036139 2
0.623466698658057 0.210229331956514 0.687255058981036 0.852864910200073 1
0.222635557810914 0.198560587848981 0.433777228442918 0.72151161820398 3
0.023750786389531 0.672635277761568 0.260959267814078 0.498125155731861 2
0.363892804548174 0.251404993057902 0.546268759662505 0.844911177265786 3
0.0249735464450243 0.752812358094409 0.268228221485861 0.30360399289216 2
0.180950095315275 0.0828570948587403 0.479844135732307 0.895605004795862 3
0.895994461662351 0.899626728070861 0.262717952175804 0.0927937936003584 7
0.0974402911506466 0.872222294066742 0.281688266215281 0.852292148428542 5
0.0369277177576283 0.74250179585488 0.20273871735594 0.431138400157688 2
0.316216672330334 0.511970376361771 0.109217667795961 -0.0391626676014071 4
0.113432495459993 0.911114935327166 0.1811550018175 0.771212804713225 5
0.746786754542509 0.301562792813549 0.936090042342566 0.377729943736615 6
0.469219889741235 0.236700156531916 0.539214255782813 0.752075489170541 1
0.511421068950897 0.301112211900836 0.812641692969172 0.357534173878274 6
0.163937265601377 0.2202505177893 0.550629146495044 0.819042958441815 3
0.0983574055506289 0.566205107057474 0.25436721072307 0.20689137326898 2
0.636559500114626 0.237749847383091 0.529552374346463 0.884098043181068 1
0.133201186142742 0.556126442090366 0.140616322224605 0.222615519363056 2
0.618925227650555 0.0339780589868579 0.587633548967339 0.767558464154091 1
0.486043262106391 0.421085815289605 0.466551168497973 0.79869005047816 3
0.776301990838999 0.0916172043581368 0.662712795084547 1.01559171644307 1
0.0347421370315981 0.657963503576865 0.235066050642181 0.475660153683944 2
0.859662858617434 0.457670631747895 0.809843112204411 0.380107882716515 6
0.401874669925182 0.699639700585651 -0.0401562181477016 0.105541812609258 4
0.320108307319272 0.640498282154106 0.071851558640035 0.0160697462100316 4
0.622199156760302 0.165018379295024 0.60717535065487 0.936858616272052 1
0.834239872284978 0.181323647317976 0.711147653941211 0.206335023633654 6
0.813847319266911 0.745886089453738 0.219067261531781 0.183064742738451 7
0.164313503997889 0.950517471769167 0.0250385802431271 0.89922297483653 5
0.375184431579768 0.624838363222215 0.138538624406105 0.0232668272188747 4
0.290667469053337 0.624899076038939 0.143364599268519 0.0522189417988694 4
0.827473324409918 0.810885934186764 0.238020143401035 0.194907782124017 7
0.012089619956545 0.682981716075754 0.150094591492149 0.411192160906535 2
0.214595563850501 0.18465909099638 0.634802475825229 0.63344698217582 3
0.233710600464238 0.219992611462488 0.607964491530987 0.751600515223435 3
0.341881270937336 0.551972549496894 0.0864556296805918 0.0807920123244734 4
0.0978745615649226 0.749663258415955 0.266947043246963 0.361566271151485 2
0.655294851650781 0.113947735433983 0.813241973994377 0.379267392966363 6
0.45844162960373 0.781933130364674 0.150531921692036 -0.0378652487595729 4
0.525693427937444 0.323975543914297 0.577678325601647 0.906124643370108 1
0.771748701787988 0.290483825698663 0.873595214264694 0.347942256615021 6
0.0309190487758813 0.69649995651027 0.14118976343029 0.460785857938978 2
0.238343946263023 0.162007868944602 0.425326888792339 0.801233837814427 3
0.684763233841438 0.280333939289993 0.585071395733646 0.480324089669492 6
0.0918376029307206 0.206933553060345 0.453672923408191 0.702346924267953 3
0.586771856943313 0.242187942974141 0.552222410549387 0.899714433581951 1
0.482149129760253 0.610429840998768 0.119736035908794 0.0492235296190476 4
0.566312361951216 0.170439378329014 0.62928116581482 1.02635861711314 1
0.655505583589635 0.0685969359677213 0.742807950726936 0.323194138128143 6
0.479515282364847 0.656950299244349 -0.0798727832075056 -0.0905648519276525 4
0.0811521647558265 0.190980655260294 0.558947619056786 0.78479469676857 3
0.988681375986799 0.8781698991623 0.241639720788336 0.147800737104319 7
0.714271150782535 0.76280355752583 0.241833539977172 0.0457584386846061 7
-0.0232443248361098 0.620215577401756 0.271817355451133 0.413310591981654 2
0.0389004776813971 0.701316414291782 0.194213169566605 0.27110680017131 2
0.73096672730979 0.675360327960183 0.379621531729801 0.144699167585941 7
0.770625374614061 0.269330187926139 0.85958008365185 0.456174484464463 6
0.47983315547445 0.757914151220772 0.0679449687962847 -0.00362399442446898 4
0.672465598498684 0.234349591570438 0.564650486917222 0.9800997245107 1
0.783218116782412 0.462474315892363 0.824990379916358 0.34961739378736 6
0.148100624331695 0.569663749981267 0.248903750797511 0.446998543687593 2
0.623454961574477 0.289474322084957 0.632228788382653 0.937981409244363 1
0.236414766452821 0.631394971551448 0.0144977433358472 0.162985623293294 4
-0.00116773707701322 0.748562712711393 0.37058445362984 0.420319626663853 2
0.147494793877272 0.182984152290718 0.495068424652845 0.808753959590468 3
0.619945234042603 0.121047167380105 0.736908555408611 0.913155956014255 1
-0.02947580584809 0.680938273561917 0.0955564490197777 0.351702175936248 2
0.396308059279098 0.481029615980271 -0.106277742611758 0.030669133608738 4
0.62427373268358 0.185840687641619 0.653439530287976 0.953859042301387 1
0.645087942328825 0.224925200971361 0.598601937105043 0.926618664401513 1
0.836836988553934 0.203462679667533 0.791539501797931 0.138420828841723 6
0.205250917538599 0.210788399382534 0.502808293648093 0.748075967373087 3
0.347745225006804 0.646317159504083 0.165706615197309 0.144676062078418 4
0.0821840338185192 0.352840228926451 0.528705836425483 0.62927265077861 3
0.625003139302798 0.209829887041408 0.648022707336685 0.941427891647389 1
0.822854519732551 0.76961770663685 0.183780667758457 0.0807348514796717 7
0.153634713695162 0.282511057367265 0.557919523467672 0.906230379872155 3
0.241894489907544 0.242220220251075 0.634116552469056 0.834915928025247 3
0.779647088550568 0.0941084478348716 0.6733232803373 0.310525175502688 6
0.0569939301178388 0.243712592683263 0.449466563003314 0.737560999664242 3
0.278946182156784 0.140008654291841 0.494040758894736 0.787702256761684 3
0.532933693258897 0.170901164817541 0.643432369418323 0.867347353847396 1
0.352229703802406 0.653240367775248 0.146536287660634 -0.00803531936667974 4
