0.041194905750942 0.510807840555211 0.499248597146127 2
-0.0203222661019497 0.612749860538994 0.222528045991705 6
0.0205030044444931 0.392756698332227 0.64716544355702 2
0.658763136826517 0.416629679921957 1.06034593090655 3
0.728082310968519 0.748071998762912 -0.00592838622536371 5
-0.0442782649930449 0.598401379807495 0.289985484173851 6
0.585895989421569 0.174436798900862 0.419950654140931 1
0.692002291546937 -0.0984999457696274 0.0881850106154436 7
0.146091492120385 0.712804426782049 0.203874854304933 6
0.692220111503535 0.0579371711314645 0.454959782032427 4
0.0610843239413514 0.417432484314268 0.656042224614987 2
0.208830780345356 0.732249109276395 0.194828275846369 6
0.0606723329323104 0.430005235606381 0.530985098358184 2
0.106459952548507 0.417136856725094 0.544148003125038 2
0.642400221101218 0.109050272159427 0.0315072768574689 7
0.682769916945824 0.79939256447238 0.215778382406713 5
0.744979480425688 0.55671485502738 0.884533684750814 3
0.166943543925594 0.425901200001185 0.552033058257336 2
0.597747369626382 0.166976797613596 0.427411258173167 1
0.734961605551271 0.859584288331359 0.0601472130126719 5
0.667074312784876 0.827577572868449 0.222212695125471 5
0.138588596707436 0.38958367186699 0.543025502169772 2
0.565330779808713 0.178912223480879 0.418777044109794 1
-0.0115140726562832 0.494118970336495 0.67803516307395 2
0.537146798797828 0.526159570539631 0.831081764690459 3
0.571600182871105 0.184759381107571 0.421221859199226 1
0.158708321624786 0.645046740015984 0.134334226088188 6
0.713642522322744 0.838929272466801 0.408415359205672 5
0.112198497437788 0.547932138587322 0.574787814250877 2
0.608080272061313 0.0495679035958046 0.0567511830631594 7
0.53579634714802 0.111786743070877 0.44287956209158 1
0.579583826427764 0.203071737038485 0.467194160839923 1
0.553808961317295 0.213742431405355 0.437566853180525 1
0.652991472106812 0.0773695731915233 0.507469225362863 4
0.28039681010424 0.659979921887637 0.755445947406948 8
0.751587860322038 0.084333493599052 0.0634073037697898 7
0.683067881104881 0.016814463629582 0.0888224750838265 7
0.660907432100234 0.96385577546975 0.024959227795592 5
0.713837286208437 0.34408343600573 0.871546253437278 3
0.0116679848731936 0.549364808733994 0.623389653820035 2
0.757642877990327 0.512938866739644 0.847040536754251 3
0.592920086935239 0.766881382193997 0.107347134879265 5
0.685857241497828 0.41611674914886 1.04420142902908 3
0.134170474971263 0.729802280119207 0.171544146081525 6
0.667144638251542 0.0513705916724971 0.0633753757103103 7
0.699903709999877 0.0450955265183819 -0.00105208098596814 7
0.520340536779583 0.172146184437656 0.37353514326761 1
0.553566976478009 0.218312955350381 0.44624960841127 1
0.137355364633478 0.68030693324347 0.108281502470926 6
0.741694625836499 0.0381850824729042 0.0351143812894923 7
-0.0620802491008791 0.576541510954947 0.51687016540131 2
0.475678147177848 0.610490541806538 0.815325297828799 3
-0.0810464231362359 0.395156634840023 0.589258252946773 2
0.0924856596345694 0.393342666345627 0.461082405867828 2
0.769096102398514 0.818343674516373 0.171750082690481 5
0.741753494459864 0.0531149885180323 0.434563672109763 4
0.0724818271246817 0.37711883927302 0.547241716155171 2
0.00734621373077964 0.457333254241522 0.462004269321791 2
0.722873375378601 0.661884700259246 0.212817905757166 5
0.748951378638928 0.909582814020052 0.104390323916568 5
0.0768353865895399 0.602275649779396 0.19907028838747 6
0.633432742460146 0.725462089346685 0.989724283067393 3
-0.00476708411021935 0.454418841201944 0.577668251968666 2
0.731277604511346 0.0747705929507421 0.117702592976316 7
0.596088562894263 0.174963288811518 0.412305790498176 1
0.0136412608587092 0.394022340220555 0.486092792142925 2
0.0949935538093364 0.447156804358852 0.561155882384275 2
0.547115239924909 0.216070563676719 0.433541852095196 1
0.612164400265347 0.718441702775083 0.170320974985487 5
-0.0631570959907666 0.480868454704814 0.565104073176067 2
0.0325216686627181 0.473379183563105 0.601110216539016 2
0.700591744445899 0.832519080132061 0.0736637541803847 5
0.813503879601824 -0.0175501683701683 0.0499292163547192 7
0.514404028363347 0.194869708696596 0.44856080386027 1
0.661232719929054 0.0652891789707839 0.152775304050767 7
0.750377048624894 0.806861278391748 0.167850768074558 5
0.655127980890934 0.808705698738194 0.061008866172799 5
0.629925952528664 0.707187173569583 0.193673606984241 5
0.104597257210962 0.282118173990911 0.687163310037045 2
0.579908439611371 0.161195274637052 0.452418033930594 1
0.556649528690047 0.197450149480752 0.412353040417902 1
0.687182375390549 0.0299746548442362 0.44274951463412 4
0.64788435143371 0.0548728833424248 0.428820632912527 4
0.0471802130581601 0.747139673995636 0.331907287953365 6
0.635779004636432 0.0737134124487663 0.0671003921403104 7
0.730098586379416 0.0823421889384731 0.0066547384856236 7
0.117230256429435 0.42067149047245 0.60566333841912 2
0.751495721542298 0.0931129794096287 0.00484676979073421 7
0.919520672427481 0.396730177310745 1.15058105107687 3
0.679421124685894 -0.00810188586920502 0.136370859066032 7
0.319787780151849 0.667125518905883 0.865820028964008 8
0.763398811855493 0.497513019521434 1.0950742861232 3
0.139393788145824 0.413163893000957 0.580238190128984 2
0.657703799691511 0.0202536955148446 0.111703387574271 7
-0.00930299614835049 0.48757876223803 0.626963671849867 2
0.744423926379622 0.071294163838558 0.0361704874190091 7
0.684285385318017 0.611608451948777 1.02690338834288 3
0.763904062665844 0.914174475134563 0.0425579234285397 5
0.683045730185961 0.0591029728864478 0.394934013167062 4
0.638614719367805 0.184056128241615 0.48263517881521 1
0.585014086606546 0.205187046270264 0.446132156020257 1
0.682550779782038 0.788445843420825 0.313757539044601 5
0.571810276111452 0.176658348399696 0.477695700957898 1
0.725006806715599 0.0398166680481803 0.431069800431395 4
0.895096054537728 0.903839324671944 0.179732734101685 5
0.552376032491751 0.184891264547413 0.438954278881407 1
0.0353996466259193 0.750841308609143 0.0795021997911003 6
-0.047771469857193 0.673778623471832 0.417543564630819 6
0.561849377739247 0.21900220210736 0.44387843739294 1
0.609247836301971 0.169883471933411 0.380684970606694 1
0.747269927296525 0.818970302348523 0.280708543043861 5
0.189763975838604 0.347659630781594 0.679456868651256 2
0.598954391614423 0.142520327549345 0.0479376978473332 7
-0.129366178090082 0.687337719229128 0.232255847799781 6
-0.0165441578061902 0.48254026258529 0.571864717639963 2
0.197582418038162 0.44300580700835 0.662475037116736 2
-0.0427709875487954 0.583684674359886 0.34170555686758 6
0.696515314284459 0.858219201578107 0.172866747682621 5
0.690138023345687 0.0585150075296269 0.0162409797338836 7
0.0822713835615331 0.605045743275925 0.087304423153293 6
0.84660863776235 0.767821284917437 0.0428965112472872 5
0.555341446018703 0.252304914733897 0.439454657005542 1
0.70549361323284 0.0623892264644934 0.394659444347264 4
0.586171901743753 0.138365009267008 0.418633869675455 1
0.725083080736654 0.0896929743887804 0.458728311175356 4
-0.0306539590540465 0.357149295994275 0.624314419890512 2
0.143414550647768 0.744093767956336 0.807737504833259 8
0.0709272594828463 0.487852985194425 0.558372138865452 2
0.817565824752735 0.07201990589333 0.0379814632838517 7
0.590609764027146 0.157572597987968 0.473764441498423 1
0.120024092627883 0.725870568182448 0.81935049497806 8
0.484809562569072 1.06144076980381 0.316049676493668 5
0.507757471777757 0.193594847784641 0.398750695381707 1
0.728998914238273 -0.021023437723828 0.040584623441759 7
0.685179905426383 0.366128351364448 1.01439201549863 3
0.65291706921521 0.728648186958596 0.219913008673172 5
0.582477155937171 0.852964265053803 0.118992350424389 5
0.0544579723360189 0.371726139676385 0.37845703821397 2
-0.0357705931336998 0.396674901087279 0.581538508274674 2
0.0791455524284893 0.40568365293801 0.468930811113321 2
0.669464233139092 0.0865594691028551 0.479455269896092 4
0.102232024197489 0.732759693669459 0.794987554871229 8
0.00168408123768857 0.434954453741126 0.459188949189885 2
0.672999867556422 0.776211299486059 0.186098884338351 5
0.0625479246015841 0.539770874834664 0.53772902118596 2
0.577674257383832 0.709580941876102 0.174861800522952 5
0.530509718777915 0.164595143695971 0.366604274938976 1
0.65365968242428 0.819403464345261 0.204124667991443 5
0.565439530282879 0.913527858413284 0.246957389977116 5
0.540569039445514 0.169882718485446 0.429711952437968 1
0.656901415662375 0.151346085448943 -0.00824774724133884 7
0.620286090959564 0.946776042411828 0.156569999167503 5
0.718605235678188 0.00542064122475464 0.0124545884919117 7
0.146173676614869 0.507876617609112 0.610221029594723 2
0.561682114759234 0.193418193308966 0.470099587581038 1
0.614092783064548 0.0261766994329508 0.0912223011470417 7
0.568746415597476 0.189089579179151 0.447691951271624 1
0.556862717369394 0.593522134356669 0.681862661720994 3
0.579969611738539 0.17752161461502 0.463549513314225 1
0.697843285058094 0.538504756032372 0.145665836856266 5
0.713828640404099 0.289119838531772 0.952264808105375 3
0.574801025884486 0.338557513331913 1.01668819401086 3
0.0387855308947974 0.545476853379541 0.476109834987782 2
0.0774372733532254 0.419251269022486 0.584590616819327 2
0.0313318700510362 0.405969595673182 0.540659323377752 2
0.636901161868329 0.180493995973683 0.44795601981976 1
0.171155092255203 0.333109064754631 0.638753355144424 2
0.584202751677658 0.0717955230624173 0.454364704854304 1
0.576986480191098 0.199707530325976 0.502437778560751 1
0.0963183954358872 0.760758549069584 0.171214573683179 6
0.0375727149673011 0.619548223662902 0.147288667635522 6
0.0991749102185818 0.480192025890157 0.502300090483919 2
0.736282067820659 0.0637717280365586 0.186749097127518 7
0.553484596339437 0.203661564676389 0.409569855234485 1
0.559539985345455 0.227330675007246 0.45820358144571 1
0.616322869227216 0.673793682582562 0.23103980224185 5
0.131521450119536 0.716051745992023 0.921339302050618 8
0.0250036718694752 0.458974228784284 0.52565011363667 2
0.0627316308944423 0.382285662033384 0.558159313790498 2
0.496785069382944 0.350148443247038 1.08730680394514 3
0.571338366281588 0.187703816581723 0.452001952478366 1
0.648539570026947 0.0823512841816901 0.0595075626134363 7
0.709040826833688 0.833023451163933 0.220916026552624 5
0.0856907422809308 0.405927063047086 0.686589328821467 2
0.162045153502564 0.649963172470982 0.840255523467535 8
0.591034023816662 0.17866914295414 0.429226827009012 1
0.0582739934883054 0.509338527976902 0.559508386952994 2
0.762629424259539 -0.0793400891330663 0.04842191653542 7
0.532309048162994 0.182931520673173 0.443240215208177 1
-0.0614914280249193 0.539256444592305 0.686371347398693 2
0.365072265735791 0.711883964825636 0.832658469937233 8
0.750391170648785 0.45634422208217 0.907828258210117 3
0.630209671033111 0.164048595138111 0.406657988350753 1
0.535654482795127 0.251525056187417 0.424915626272046 1
0.225338193761455 0.765254831572384 0.793410924105242 8
0.168485364846895 0.777520188192385 0.829237841223343 8
0.0897727089269216 0.510968492455887 0.544951215959059 2
0.0155528071283863 0.426310010679139 0.557839221230164 2
0.762986733197851 0.0644368695852469 0.434455588948758 4
0.0948281679630034 0.351149258226738 0.570646232395334 2
0.723621107648489 0.0681000365467968 0.136922297821402 7
0.704972461324969 0.420765069204184 0.782902615005315 3
0.0655986178466279 0.557931751839492 0.154671925682379 6
0.436661042887962 0.708828075038635 0.211720282136239 5
0.57493594368974 0.723837245623022 0.212826864363501 5
0.116246281521753 0.504030553422367 0.493954734805885 2
-0.0645979077203289 0.587044410279267 0.105098095643602 6
0.785523234942792 0.672523760180797 1.04941034877369 3
0.649600444942444 0.920590394945324 0.0388402082556675 5
0.968043883630908 0.476476140469556 0.968321426736975 3
0.680548872848645 0.456029673703023 0.911240777038277 3
0.227306237780811 0.756534927829082 0.818777231525188 8
0.221197674813606 0.752262613032818 0.896392913774533 8
0.0821648870869015 0.579551606096482 0.0919086715506428 6
0.54471100264205 0.193701241359741 0.474700350581049 1
0.649171140599974 0.200188659443229 0.448408010931909 1
0.598125707439485 0.3291750118147 0.889453017913956 3
0.640829300746227 0.0141555425454465 0.455794150496602 4
0.0923810788995897 0.453072012907806 0.536641870125765 2
0.63954982892221 0.309805981263417 1.05610217657753 3
0.746452737905857 0.103244966397031 0.0931497543523985 7
0.72090689360758 0.697362006990785 0.10000242536551 5
0.815209119631998 0.788827686179443 0.0499075409510745 5
0.0935253708347017 0.364830733424729 0.583647591678707 2
0.720277959056902 0.898807497038521 0.161178822390347 5
0.569820970451808 0.832814373978424 0.271693631572477 5
0.696564055907493 0.0307887929136786 0.428794078564243 4
0.0942668297095356 0.739657397890738 0.137414653865566 6
0.668779417712095 0.0612267129877992 0.452436119428521 4
0.105815225343419 0.784018699560983 0.276612349243547 6
0.0538477848012852 0.75971632535596 0.217533204589052 6
0.57269446097738 0.19682799828558 0.459704586906254 1
0.832509395997546 0.705511006940727 0.469283609005079 5
0.0857711191691676 0.490365105804118 0.456485932016825 2
0.781837390380105 0.613317222910559 0.956766407930635 3
0.100213027422765 0.377050618531735 0.465319415220986 2
0.59746516337521 0.235372677396052 0.484945612519746 1
0.0678312627437044 0.746369485589928 0.119635698877771 6
0.0509944934087974 0.571808547915003 0.522300314263937 2
0.677707354290253 0.846759377388195 0.282311011982134 5
0.640365073576568 0.166258397747922 0.171748972755993 7
0.588904165218194 0.13720978092436 0.432767008638212 1
0.574942774623308 0.119522707515964 0.481260501601639 1
