0.91350354292339 0.598534334176571 0.494955916780865 4
0.948755133723191 0.345972035326821 0.199608149822223 5
0.565826341861901 0.129427853648377 0.946516255438012 3
1.01905300844898 0.35625955559988 0.132261353195077 5
0.343628010083681 0.860653146534315 0.786740810389888 1
0.529208698441945 0.0932951749303965 0.923778515196159 3
0.576781229527021 0.0438551041939771 0.951761894547859 3
0.888539125452892 0.354286340437339 0.159917036067864 5
0.863988507026862 0.370802650033756 0.2746210445494 5
0.594383950556068 0.0277711564279724 0.932720850789541 3
0.387793478248092 0.156433957095311 0.925445990451624 6
0.0685516308921527 0.802645012875232 0.0744693197715404 7
0.216309390654558 0.929889728403665 0.0560948793341903 8
0.06740519940863 0.819572017711757 0.0577892881762557 7
0.922548111778866 0.0377651877223158 0.418546447969705 2
0.917021786548058 0.195552983886177 0.15506753462782 5
0.844361592722124 0.236471175504933 0.273532696152007 5
0.449294994951229 0.201253856627183 0.856498646070049 6
0.841369975533695 0.127540871786343 0.436010131111549 2
0.452837072251463 0.219045744166263 0.950206598700509 6
1.00984444623369 0.144099458181148 0.35594077109339 2
0.857435439921089 0.781535649751701 0.293376314500899 4
0.442915020082335 0.152958309861758 0.948981970756719 6
0.9532879807165 0.419549917468097 0.21639930002843 5
0.474318945005708 0.212378488930751 0.938710491015644 6
0.443685807185248 0.131814823189984 0.917889324030697 6
0.966987469221603 -8.40531552585844e-05 0.432355511356806 2
0.508816424544105 0.205460562790947 0.933307846798276 6
1.15745666967838 0.0693307949815624 0.401580573436739 2
0.786661168666781 0.608071122537592 0.540984826714203 4
0.900962569054155 -0.00451895163987741 0.423190637168512 2
0.886378779363072 0.183260865882452 0.454498509790509 2
0.219532132647919 0.961797568155927 0.0286420556778464 8
0.513616900186491 0.0446635697377137 0.900378805445556 3
0.561530845430158 -0.00138140756914477 0.865380439734416 3
0.895179034856561 0.288977353378397 0.221875274481601 5
0.521418571178676 0.0174507342226168 0.912197224625664 3
0.941622444837252 0.076659234677289 0.360865043741972 2
0.788792838747155 0.724189661141202 0.431372051505743 4
0.453579909346862 0.197667889570083 0.932075276729887 6
0.528846433477141 0.0188786133527848 0.888131563669676 3
0.770683218201331 0.351433470868102 0.135677619796648 5
1.01827736703151 0.0181285167563389 0.524353569074975 2
0.951246869962408 0.117986583058745 0.484649362653089 2
0.938776838472554 -0.034408173325076 0.423058526059376 2
0.451146009834339 0.210085718985016 0.994024056823924 6
0.577286960621365 0.0735769922818093 0.909115200233369 3
0.392921845331897 0.177280948476567 0.980791972962923 6
0.0537790551402391 0.857751292128205 0.0515127818079129 7
0.992662101668329 0.283439298293557 0.244894533545412 5
0.932841945528512 0.0107361409302406 0.426153214867618 2
0.0800220232821397 0.885913956852968 0.0760471769235064 7
0.203723440330802 0.931636808760987 0.0375479474084878 8
0.98111402907437 0.0659932673781102 0.438354094729465 2
1.04232102870809 0.401309953571634 0.173254665202786 5
0.9384951563658 0.360968530078246 0.24087182262689 5
0.0968559376224614 0.783241027728422 0.0585932391140765 7
0.964113770028764 -0.0105933268373826 0.478489327761373 2
0.783126006418431 0.712918176884979 0.377728716619717 4
0.957316255596188 0.279804879276774 0.212547535100328 5
0.379354149596186 0.683442550690583 0.689630280836564 1
0.452993255831484 0.155987031190387 0.91634590561477 6
0.527091829457143 0.0832078193150814 0.949215461157676 3
0.961151693627167 0.0799005966065114 0.458211464167998 2
0.168022541168123 0.962506896422144 0.0385943305927445 8
0.412577898160621 0.166470740032676 0.975444438548955 6
0.432650742939237 0.184102237787436 0.934330217388684 6
0.939167651597484 0.133295492271515 0.502900870015144 2
0.349691294064897 0.836160287421678 1.13976733902102 1
0.989750400586599 0.756358806848045 0.385782183107242 4
0.934493311292238 0.130152645915823 0.241162776941698 5
0.855908267041389 0.0993893153675325 0.413036848431345 2
0.730842145366043 0.658443341608605 0.459432178443219 4
0.690691816881098 0.599737845915871 0.466655174621786 4
0.557220170251477 0.0825473393273942 0.973145514137935 3
0.455769849776138 0.17509780726479 0.924581835261855 6
0.53130390150511 0.0735226677167995 0.904302437726512 3
0.494989223673541 0.0909524084024919 1.01133555734115 3
0.865865392139815 0.309096619369467 0.21455114395515 5
0.941657267034573 0.268311059705818 0.179905602390169 5
0.521411033496651 0.117830094393944 0.945890906067613 3
0.484417464857078 0.0905737993674957 0.951746862441392 3
0.944625917862715 0.1782054813857 0.253342716209043 5
0.87975913097088 0.141623634959594 0.417401396554523 2
0.877972635776759 0.103219980244614 0.359199510370513 2
0.205321681987422 0.911038763206488 0.023106902790736 8
0.210710892441113 0.959925704949152 0.0253027160547089 8
1.03466937298806 0.0448272902488365 0.585889224365262 2
0.458474437108651 0.156604293794105 0.924286371031074 6
0.355122089167427 0.22945071209713 0.904596213937248 6
0.997558746670245 -0.0144385833857101 0.407129404274362 2
0.943694410929791 0.135360394681498 0.543304408287856 2
0.561614441635002 -0.00768721257588889 0.962255495901103 3
0.873770019388822 0.33459696350891 0.147721483670998 5
0.457575366779832 0.696517481376901 0.91609950895812 1
0.438539701610199 0.162438511290808 0.929822940170329 6
0.83240894996386 0.715205047499351 0.587337688084145 4
0.385262643265547 0.18110448438727 0.910120550183401 6
0.440758906964029 0.23754049621005 0.940536292628076 6
0.895722685096914 0.0773925762718733 0.504555569602379 2
0.598199354588624 0.0664141434791619 0.932007569881886 3
0.201216403629541 0.879657717731983 0.0331650574058852 8
0.989468475651442 0.354456335663199 0.172684038548185 5
0.952924767003359 0.051844788815176 0.392745326945675 2
0.552302097422901 0.0633862724259138 0.9732520892941 3
0.994622946696799 0.291516787915192 0.0653568464240897 5
0.744292115619498 0.310225761706661 0.156785042462891 5
0.840767902676027 0.222165335145127 0.278614089270218 5
0.101186950447196 0.79656790683708 0.102524986770086 7
0.997449418674777 0.391359859521384 0.045189342415754 5
1.00564103885953 0.200586753254477 0.112661241534928 5
0.48231659997401 0.157675902496541 0.896693165464865 6
1.00962024178135 -0.0657274413815333 0.454501744678185 2
0.393407108217783 0.696735722003934 0.70825174775006 1
0.784653473749471 0.748607125665097 0.438138038765071 4
0.300062317536602 0.874313747764082 0.769349260829784 1
0.570903516639496 0.0871794404257273 0.985012866600204 3
0.579780936424599 0.068506936238266 0.970841965191072 3
0.958396522419408 0.128248709472685 0.399445768679268 2
0.839924372629932 0.620401878426253 0.320394348456258 4
0.948819047790123 0.303718752741088 0.228810336466402 5
0.472483381128453 0.185765451319036 0.863134588908375 6
0.574790347151841 0.0408223074104555 0.908118376992848 3
0.459201303837415 0.232404178316184 0.842434279804889 6
0.406805029129524 0.234491228823662 0.965432784632025 6
0.912225331532219 0.273100346003113 0.328548742853452 2
0.962822887417834 0.316992741445268 0.105233091721746 5
1.02293998755987 0.270266102588686 0.164204529341791 5
0.45761122735524 0.249472514917981 0.929352613494389 6
0.785393557323438 -0.0551059751051348 0.530223190167184 2
0.96463453700173 0.0866305280213877 0.361903946816906 2
0.551761794747913 0.0500898659613321 0.96325157403582 3
0.564641601594916 0.0674736302471392 0.931543673977927 3
0.878545601045282 -0.0082962287430102 0.408831661854081 2
0.941765631596287 0.0622138367076006 0.436128618050049 2
0.463674549338463 0.1980790284495 0.893051949838487 6
0.552370657894222 0.0407838256763698 0.950237393449716 3
0.229479686549545 0.942097009739441 0.0697779720626284 8
0.500008667874288 0.166205865225675 0.949417500154335 6
0.928907699620246 0.314315534932217 0.258274587110752 5
0.213341606020891 0.932144826156497 0.0528028184709049 8
0.549641257112533 0.126755138616098 0.928080140449129 3
1.00649437880996 0.311159267422518 0.223765026137383 5
0.952717731117562 -0.031907916625887 0.525004427745766 2
0.899036854092904 0.208441196765037 0.424130469065415 2
1.01896731225738 0.30700338992364 0.123760317809885 5
0.982462581122294 0.202607235968594 0.337020829637535 5
0.874035716355244 0.631102647585449 0.504803347709884 4
0.832898503406647 0.378246809463935 0.225135761296801 5
1.01301053940845 0.277557224462405 0.286534019894582 5
0.87071487774464 0.152115715151371 0.404874625653966 2
1.01963123186604 0.0670858343710942 0.35569279679168 2
0.341093167623909 0.74143723587171 0.584956479454794 1
1.01182148923779 0.423888828300817 0.231214924442799 5
0.445685828573336 0.237334453581836 0.941441548601991 6
0.459879183476556 0.16188808661161 0.898598875989833 6
0.392911978544834 0.83298980930941 0.921047656524127 1
1.02142772685767 0.257331912486397 0.120215349233655 5
1.10972505859924 0.0644275809500287 0.400883630176051 2
0.370305911829551 0.656003443266219 0.843031585663536 1
0.420210488072355 0.199193484475723 0.892894998434494 6
0.86332815493823 0.617846608675489 0.420583523610683 4
0.957750088288467 -0.027253666461517 0.410906948820256 2
0.456478826574639 0.188968067966845 0.969831756038911 6
0.461383401429187 0.175568753340306 0.902895758018033 6
0.509768951134688 0.134280149401487 0.90536129983539 3
1.02790820418764 0.378841270382507 0.292810562660573 5
0.0619744319258874 0.834028762126714 0.0707787273588028 7
0.960644294294267 -0.0422513215965381 0.410447393869194 2
0.441879169268149 0.146121590102125 0.95875848968767 6
0.721070216923024 0.823960684364118 0.53847466252927 4
0.570779393652852 0.0594434241494461 0.914221038344882 3
0.860336565197881 0.590733378185775 0.368921209798661 4
0.911091519778238 0.116386003832869 0.385564754532613 2
1.03872732974594 0.340589125905542 0.208902015630323 5
0.874192192705584 0.0765524843426129 0.470311334007586 2
0.876274322748053 0.24684784967574 0.143707182492953 5
0.0880207486253068 0.867181302502775 0.0429335553999011 7
1.00324222342626 0.280746537878534 0.237333298340546 5
1.02373295119776 0.449233681705582 0.168780843899333 5
0.578086225144017 0.0897803924650693 0.934930687589851 3
0.519357103650628 0.0899536384886677 0.959566540503823 3
0.429462328164366 0.192739484244694 0.942380826685045 6
0.85918214780738 0.367390943233283 0.202854974721997 5
0.0334511062906262 0.776861660182988 0.113742910875706 7
0.489139005749728 0.895918680474398 0.801852003156567 1
0.936459917740067 0.380822751472252 0.195580966400458 5
0.00823293752015912 0.757047409636548 0.0696935590954552 7
0.891782820501212 0.409235845352974 0.233560434381408 5
0.961628323280461 0.113233171080474 0.533429129140355 2
0.984354037336062 0.238153069865814 0.41193619146817 2
0.1314868156692 0.946097640039026 0.0524039699135492 8
0.447745626770329 0.728167462530322 0.837364226685439 1
0.841805308020532 0.123435887330678 0.398511477312581 2
0.979602059939286 0.19341248539405 0.263819888598436 5
0.580411683221497 0.0843474824401457 0.905511784300723 3
0.190687379285632 0.91049524007062 0.0307774734318293 8
0.815855998608804 0.389609728524337 0.219906253877883 5
0.846314657296257 0.320245744310993 0.350723586905593 5
0.78867170220081 0.65798300776505 0.350816258678779 4
0.92231736196563 -0.0676317660931292 0.665832296222355 2
0.0578117739405522 0.79041362080282 0.0565250825266742 7
0.513283424304009 0.209600843274365 0.931264975026781 6
0.948072348349483 0.254764784998419 0.325535967942929 5
0.597057291780927 0.0571119359458511 0.978102733217786 3
0.313004314953523 0.752996669645503 0.923344651230782 1
1.00269485742844 0.0826099727312759 0.490794826811863 2
0.434399985962704 0.172989044825768 0.979424083917579 6
0.991287037600323 0.327346623779491 0.184015603413181 5
0.591664141323386 0.0939382064886232 0.979847256651883 3
0.826900711095553 0.0393439312667566 0.385337993657798 2
0.937893433071848 0.0752667608605845 0.492898682577419 2
