0.626346679919944 0.172351116552401 0.553991426328574 1
0.318588407219903 0.650569324588138 0.433846126126007 7
0.593912002974527 0.174208349772954 0.521474585987129 1
0.39191534362586 0.607100184417802 0.382147814761153 5
0.643628296917788 0.28277029536835 0.499653681361115 1
0.308378925685777 0.745092037670717 0.465714074703084 7
0.621419345490416 0.400414246339323 0.803426845831172 2
0.268890594028835 0.739954488874246 0.474497612144771 7
0.31023604824549 0.727137839043993 0.444127306677943 7
0.54978029351708 0.192832235899042 0.464585070495617 1
0.351901277881317 0.693521537013328 0.415384196967537 7
0.453403290389301 0.597821826922043 0.413954733642917 5
0.536248853204562 0.715728749408984 0.806727954158551 3
0.407427383652908 0.376009231541433 0.071675918019382 4
0.569100422914557 0.396988482061009 0.934055721803005 2
0.603139975740155 0.786485224813393 1.18686974175529 3
0.386331457588885 0.551337473124972 0.43550326314878 5
0.308102994630609 0.693759907513343 0.408622628127881 7
0.624043868566031 0.240430860117691 0.432691157913251 1
0.562375525631325 0.219408260977071 0.828304058893292 2
0.571507389569709 0.269732550461292 0.417881715243467 1
0.422898776897521 0.544968071726559 0.474875302196228 5
0.905454952500813 0.847656910353014 0.762481708157271 3
0.439892494639658 0.177345796212934 0.91989121637448 2
0.520811633424802 -0.068139741783691 0.243501769716735 8
0.485042213011755 0.018699978606987 0.188742623822875 8
0.38501152186213 0.496478506405813 0.348592940902633 5
0.330103397472308 0.534536257225411 -0.0222714597652271 4
0.280536599625935 0.690246260146388 0.467736842792917 7
0.773165689208355 0.772506145290512 0.887003467567097 3
0.447594876463344 0.198588717464928 0.420738506542336 1
0.516036570309012 0.155755572420422 0.452581762016393 1
0.688128987526861 0.836513493103286 1.0024980853438 3
0.289562299540713 0.747100646560887 0.414608003014632 7
0.5992629577871 0.21710332684195 0.73641667901505 2
0.411908318356112 0.550867446001789 0.397482309407177 5
0.691479864133938 0.432520159037089 0.305117553202459 6
0.476449051071026 0.584244425377933 0.435877628225271 5
0.610870671329714 0.239780202121309 0.423914396846956 1
0.531178271393817 0.251912281328066 0.512099450951409 1
0.478443405222915 0.572137515552109 0.440935280178126 5
0.450982523227757 0.591016383164393 0.422601566403147 5
0.253144727419259 0.296194871750224 0.0489668960682404 4
0.763454366319761 0.88010080986541 1.18441197650848 3
0.431542368399938 0.536993432338799 0.487397479979922 5
0.767303254692987 0.291745587406396 0.862587169100521 2
0.383548160251627 0.0553203481167753 0.211275469470071 8
0.371200983161185 0.734541387631211 0.46152746892388 7
0.558925970611154 0.179542557398947 0.415937046809485 1
0.652829112180823 0.174310147634707 0.415482415028151 1
0.475079191357496 0.463169045005637 0.12770223625553 4
0.279976343382547 0.448211053492337 0.0906879872343611 4
0.490654428693359 0.08744824145028 0.120284188614266 8
0.386983996970833 0.497315364264549 0.424498788486942 5
0.349943656309965 0.485364347676515 0.00672258497036546 4
0.468290825835621 0.384188569580657 0.0700231445731635 4
0.319175616545265 0.713925685622068 0.409232893483902 7
0.481555250295181 0.176001481791327 0.150504463258067 8
0.41762427811675 0.53690898120456 0.430011811015971 5
0.297973384432831 0.674906190770819 0.420982264457011 7
0.393149988618932 0.353736940737291 0.0760046860184586 4
0.328638752948078 0.705703906645003 0.463531570752385 7
0.61580518674038 0.207660916534218 0.796081362610615 2
0.467524773415101 0.508709508308178 0.0950199536252906 4
0.308740293143244 0.494461999498768 0.0731843507657362 4
0.397308468370206 0.537537517663831 0.419918774605115 5
0.521874165696395 0.0053440080604833 0.129809274933946 8
0.596268169891687 0.799172448106616 0.934100076875855 3
0.546065027552213 0.367407394880103 0.760651405151713 2
0.519340006169786 0.223619063697878 0.48993548241317 1
0.420337913152378 0.0513975580010088 0.150006436851363 8
0.544759667135131 0.346812031303791 0.730099995431716 2
0.314675566641535 0.710672372998696 0.433586581192751 7
0.43545287600748 0.067497798468129 0.230712372144286 8
0.368355112453052 0.470635939962534 0.108711252836142 4
0.397182614568222 0.568128751392203 0.439107748249632 5
0.508715490311794 0.13261044612849 0.222835135105644 8
0.719285290490348 0.214894215088987 0.200474126985814 6
0.449284365449999 0.57854489443176 0.444937223886358 5
0.587207477429622 0.318521606064483 0.884495048307157 2
0.337876229684124 0.69336831047524 0.441656414748735 7
0.524045602755843 0.455857293531241 0.0805336952084638 4
0.744198993129047 1.0344461730309 0.880347936428066 3
0.622189553279345 0.217852710905548 0.363216050875803 1
0.453847852546539 0.575392217765814 0.429445085829982 5
0.446876708756356 0.136989177793147 0.114732496018976 8
0.299322508983402 0.71505054938794 0.389016835375927 7
0.481853662135269 0.506909594034868 0.436439195909202 5
0.732053545091363 0.343132245160122 0.225697367637826 6
0.308625324624374 0.678471594682245 0.429553979033428 7
0.585010195334968 0.166389439876152 0.505787599785991 1
0.651792057567014 0.980234365990909 0.895432835416916 3
0.577355754782042 0.199922519487304 0.561401290420087 1
0.275708999714228 0.662784564970306 0.413458152337239 7
0.401300658837316 0.135952239829373 0.26159313357802 8
0.715493666646178 0.327019214937821 0.824444237189821 2
0.269654719103991 0.111995477587562 0.294125757247921 8
0.329739963134552 0.0693342601598574 0.210801349416398 8
0.506748004248301 0.155411692665939 0.503917161811 1
0.461869980944291 0.531428355056528 0.455350507489321 5
0.444615933699128 -0.0327528379305541 0.213938741716986 8
0.417668512851052 0.170292480129278 0.117969896027179 8
0.383762501831229 0.0884827881898233 0.264549922134643 8
0.720065184191911 0.870103432956405 0.953097434364019 3
0.255583070551073 0.723515390648715 0.454330806876938 7
0.431347176600197 0.540290302733911 0.37453558904143 5
0.426549841174194 0.573324135781826 0.410614096998891 5
0.463684788558989 0.0236272384421886 0.184415785086163 8
0.405365811396607 0.105298493782182 0.122582111870953 8
0.600279532418866 0.208277496507311 0.430309621916336 1
0.404283303014292 0.093602378589722 0.144189467176646 8
0.596149282716581 0.85233568105168 0.854705806142229 3
0.312801979151395 0.669240293420016 0.411101368225118 7
0.571941111024793 0.336153609221008 0.874063237006857 2
0.459181929717366 0.50627596044115 0.450303276589944 5
0.58706371629262 0.733637270459603 0.938895170849467 3
0.710031154889555 0.534853251087378 0.899361769381405 3
0.638296550890107 0.591730860248885 0.0242710483575621 4
0.343327152835767 -0.0144199199134814 0.14532150493077 8
0.466782883637009 0.115785812936904 0.435463043156644 1
0.779047693674894 0.291887244837933 -0.0363613396893909 6
0.615227967786431 0.164153818751596 0.352074982878434 1
0.38100007086423 0.67559276193322 0.390108350919709 7
0.450522881267737 0.39415908676473 0.0973540737109317 4
0.449863778283132 0.0667711813090479 0.184847638836887 8
0.783809349364815 0.326592092955075 0.803622362081578 2
0.512541693601212 0.554279866213385 0.42807632045325 5
0.446161446664428 0.562529459280483 0.452084598474996 5
0.531969263487225 0.443428007859571 0.0553834367134835 4
0.458778094614451 0.644127989094699 0.436470835288158 5
0.278126405236852 0.653652246277778 0.410052855145304 7
0.735882549221149 0.236826110693721 0.19342424835432 6
0.42727985592559 0.584413275288619 0.440411410834427 5
0.578308719629449 0.0750850352557936 0.184915086293896 8
0.847937926400584 0.423520869253594 0.0271336071487507 6
0.355288247988968 0.521815510512198 0.120822048215151 4
0.762358581060715 0.799920452808288 0.736521055846928 3
0.298741951777454 0.684181302566793 0.442631046611495 7
0.333444776341128 0.0208956881799908 0.0358944036135762 8
0.373257863768815 0.0189613541575941 0.222536150608592 8
0.36429468174937 0.125062552951351 0.217129056793988 8
0.586558477945304 0.223765319919351 0.430345157370101 1
0.399080725415694 0.09205545566228 0.129490626772726 8
0.360246280925091 0.662729644821806 0.434747030021088 7
0.420217529822618 0.463172562346547 -0.121509870399976 4
0.463491467982297 0.586198793618032 0.402255240263515 5
0.337335721702478 0.712597531958769 0.473788703925608 7
0.780685266438809 0.316953526356044 0.278929662782731 6
0.38037671054632 0.0696197517890221 0.109936450241419 8
0.578501509279659 0.114453865824299 0.445019888520901 1
0.44879419289829 0.0794102334683306 0.144354161475512 8
0.514514903059112 0.0292774522251731 0.168202754381854 8
0.648294933874586 0.25115959704477 0.422346337221807 1
0.360328000162021 0.344749082713587 -0.0207850719807842 4
0.532633105750922 0.0709295381519651 0.443901525458932 1
0.320990428686343 0.634379218999542 0.413842157847604 7
0.401029513992674 0.566338626021208 0.402201703151988 5
0.39714841615617 0.544088124498578 0.458375734350375 5
0.453275617716849 0.577310414030085 0.462390274353562 5
0.576281266711295 0.110100817742174 0.287719124140928 8
0.412756773411158 0.130571809045031 0.222920916075025 8
0.847926167390288 0.477237093798522 0.186154015881729 6
0.468605649783206 0.504775395158342 0.38139518629356 5
0.797545352150412 0.328464392432522 0.231333961259083 6
0.429938582769579 -0.0196707459532477 0.0882624977606144 8
0.444745985004401 0.526754046375399 0.162667106878675 4
0.50599306131368 0.18757597445936 0.412463004054557 1
0.33761429267832 0.724430159369338 0.445546730749434 7
0.457604337542178 -0.0171890313429959 0.134278712806898 8
0.336631901240985 0.68805398847535 0.411311944655319 7
0.337810369723257 0.560286171589224 0.405204885773008 5
0.363280985422766 0.0227484794870171 0.256224587928551 8
0.571321780704623 0.336512604724539 0.780553475629751 2
0.471354323917868 0.0118524778620683 0.173581070610782 8
0.66348173829639 0.962605758836079 0.918502885452349 3
0.604405809255544 0.763392505021177 0.972900328241697 3
0.770339569878106 0.746141595967459 0.910996098950684 3
0.589399882214159 0.154377124339354 0.427117688107957 1
0.423885931437126 0.55477835106552 0.42268772654292 5
0.236942568041099 0.705747922324368 0.364258931978502 7
0.36720196286834 -0.0256747387218029 0.191615056405981 8
0.390135276238668 0.54053675814474 0.376439117461946 5
0.386555695349905 0.591428193425286 0.446537212722665 5
0.505479621446756 0.547977798630373 0.427924907697238 5
0.53505073349302 0.362519268205856 0.0287439281859369 4
0.482931694975184 0.107213805969451 0.154342144717905 8
0.469004991619846 0.460155924478415 -0.087951363873184 4
0.428336001043484 0.534596902941687 0.479141356898812 5
0.456935579449788 0.550654136980789 0.443215995602728 5
0.471820250423824 0.0375734631952394 0.0707329798527991 8
0.565167277107778 0.344331945596657 0.801710118470563 2
0.438991264940831 0.0613454857998189 0.138765160680628 8
0.396004647648335 0.444584147237682 0.0261798920859066 4
0.314501020855822 0.644556291443273 0.386489938191139 7
0.382643725945307 0.0446499923002379 0.232953106513359 8
0.725316063150092 0.593052848153461 0.764820623284308 3
0.251207058722272 0.637652952991214 0.495385808773448 7
0.475491954585074 0.0397892648767207 0.110301662824339 8
0.288595035564795 0.710644161832119 0.464397633025685 7
0.319782469475293 0.700459208645859 0.412188985635166 7
0.425769427462576 0.56318089102798 0.403978603540943 5
0.812416373927623 0.667527282318475 0.981548092145801 3
0.453490030210411 0.477505800288214 0.0679372999421212 4
0.431490318781561 0.0742446878150367 0.178893823148523 8
0.385415485543952 0.571275658002431 0.43636437956253 5
0.407191378821428 0.519460234129384 0.449508257991962 5
0.552172744843247 0.787204960924687 1.06780607071384 3
0.56781864041995 0.191515812332089 0.436439684465609 1
0.372465823307332 0.571470947013214 0.375564750886268 5
0.42450953408714 0.494380333683241 0.0336635276713876 4
0.553017447578818 0.244990783345093 0.477395167282253 1
0.414367457972583 0.59377812067273 0.425712768978498 5
0.562556514364273 0.261336659962485 0.874905053296044 2
0.403285474489287 0.52115651077067 0.420686722245476 5
0.437215163206676 0.0996695264252131 0.187235399643243 8
0.476385572761723 0.573384949728456 0.402068690156215 5
0.731226046088647 0.257648602980727 0.115401861388168 6
0.494459907605458 0.599358286191863 0.430458564193993 5
0.306227983772473 0.691383523346658 0.40551542419681 7
0.426314074645103 0.522555252525822 0.407390792378542 5
0.667576492225314 0.998640992040225 0.807616920464631 3
0.419666099801214 0.376720061352404 0.115780609858758 4
0.442350432529924 0.376649345951085 0.752297662473118 2
0.473415249813614 0.553317442982176 0.403978270171892 5
0.63153714665004 0.265072401999955 0.464563946993447 1
0.455781976792067 0.543375710765643 0.446804041695654 5
0.844581237302544 0.760778364222975 0.837704360692554 3
0.769862474209706 0.298152083544336 0.208964592781383 6
0.460755028239115 0.515788675741911 0.445854584464126 5
0.433568435245238 0.492495998050266 0.428661132359612 5
0.475280202885576 0.176220327296155 0.377251673137125 1
0.409175659922616 0.488130755244511 0.42707759559916 5
0.590571607622427 0.290581704773283 0.852048695319407 2
0.51474313957097 0.25491541312521 0.471600789198386 1
0.267546647851684 0.453436459013338 -0.0340810183655995 4
0.474979387633471 0.0599953823901926 0.202022989848015 8
0.350349986602424 0.435543092425553 0.106630017707229 4
0.506448022347477 0.548300932576372 0.397167276821456 5
0.361240200216909 0.671829593825141 0.459977999078668 7
0.39854760254236 0.574014544742519 0.474456235401911 5
0.447914476880481 0.110880140963277 0.280284552254116 8
0.504229367823663 0.0519215650836403 0.152549182407358 8
0.514719356079079 0.141260071311412 0.29366663114575 1
0.404154804277073 0.540720221283093 0.492792834828579 5
0.298904649360788 0.450745794400333 0.154523798481062 4
0.60944623028252 0.249414999572566 0.413563816434388 1
0.43562110968075 0.40850870276275 0.08630563809224 4
0.48751143717406 0.202642507814493 0.484110031999608 1
0.420317112726229 0.0394198265144473 0.213222119736105 8
0.790940813425391 0.723960077501213 1.09086047473929 3
0.400931324307027 0.327779964355839 0.156014853598154 4
0.597446950437176 0.81289874525072 0.825650737692499 3
0.269963013587876 0.708893894649838 0.446352967896857 7
0.500456089264836 0.58250462609348 0.438248656974626 5
0.444882013309437 0.254641872109427 0.423532012817745 1
0.878406429348327 0.287349115440318 0.130014279766108 6
0.514257041591082 -0.00713496742119439 0.140502739873732 8
0.304389461956689 0.726558146667222 0.443039330891516 7
0.504573272811828 0.484212198181846 0.0695311301809661 4
0.819717359309381 0.347172357700364 0.275633443491441 6
0.536100693146792 0.00425688831288742 0.170339419092475 8
0.394424767940454 0.569932363325707 0.417650764622574 5
0.822166965963781 0.317534605061089 0.254796135231508 6
0.357521544595101 0.66469619513206 0.442527496204034 7
0.466804846914351 0.562703388413596 0.40951861586142 5
0.322603160490813 0.670298580835352 0.524494465067259 7
0.478251054011889 0.600076903518806 0.391366439775181 5
0.510401442472148 -0.0339085293932219 0.186111999642466 8
0.547233581813833 0.423218328288106 0.870939981211199 2
0.441829399460028 0.308499915169828 0.0509762627075587 4
0.624345841910066 0.257936666269083 0.90529557475204 2
0.431025269030948 0.550303794857531 0.440923175885762 5
0.550281787687263 0.190891745270706 0.369182432169427 1
0.365158692986145 0.585943217931177 0.411558355037378 5
0.448643642460465 0.145560102219865 0.191732589644596 8
0.255744968441195 0.690211631637941 0.375562170153439 7
0.550636279220122 0.403022017553874 0.901521183473151 2
0.572769211962175 0.31946751463821 0.765600351104528 2
0.428265329362139 0.397957973907947 -0.157032160074169 4
0.291821995238423 0.67876617769119 0.432703548835025 7
0.568100390907226 0.146198947029749 0.434602063130526 1
0.52377079668013 0.381917589243797 0.864306158790817 2
0.588941411957631 0.230090572530763 0.367388108657039 1
0.412586853937985 0.646015597719908 0.454686092706803 5
0.458553306865162 0.600211289957273 0.410543600710582 5
0.471993562640775 0.110506865396894 0.0716019301218774 8
0.711062917502563 0.455930287237655 0.239667821959475 6
0.476926962238612 0.534544602126411 0.408872838652 5
0.833377630595304 0.722406013367589 0.875142798477523 3
0.627062439142126 0.404393948980934 0.849157792223827 2
0.493252976180506 0.0994641856149058 0.142504336699132 8
0.593480299363041 0.217741785962192 0.378544403102743 1
0.529423386395922 0.358720724241244 -0.0428683647553856 4
0.259953183923233 0.682748483546048 0.421341645243551 7
0.44696933878055 0.512315067652724 0.449473965283103 5
0.471831352233044 0.578892236851518 0.419467879241699 5
0.290974579433613 0.740562496944215 0.42745564438127 7
0.544881273445326 -0.037785330073035 0.173919262658368 8
