0.94423997540633 0.312138431023513 0.80678117533053 7
0.986326946207109 0.575175257621443 1.01470324105352 7
0.879516523049553 0.480547782904219 0.991575687665836 7
0.938967126274247 0.937081285681771 0.991919792225206 1
0.957939435648046 0.0761866133144356 0.583697914503722 4
0.945815998264079 0.0540588246515858 0.62546980523426 4
0.873305773134086 0.951080663196076 0.953103665630798 1
1.01636283178407 0.40786094551415 0.688282906978581 7
0.364797543831841 0.372124405904749 0.387283099607409 2
0.899946885062744 0.448123797194342 0.724481193129817 7
0.696011680752964 0.0408129311748049 0.565802106146294 8
1.03710257566798 0.447046186356788 0.948374614855001 7
0.626729954062706 0.0981567794708267 0.554091593633603 8
0.918396089911438 0.479713321549267 0.956491117995899 7
0.836523842429394 0.324535214809114 0.909371993682987 7
0.237358215153295 0.995086794382001 0.858731382709748 3
0.662609260787518 0.711646734089879 0.593896497081893 6
0.924591164786097 0.467049551888115 0.911331845582614 7
0.213790975325446 0.872830126488444 1.15029727318549 3
0.876894215997391 0.0167697918653626 0.578203623101731 4
0.954118754719027 0.061378985735405 0.576487293392486 4
1.0554851965896 0.28012894987443 0.850660884248792 7
0.67174547120701 -0.00780920361875181 0.55420906574356 8
0.950876831860632 0.506210634739722 0.841631030632671 7
0.939427256411745 0.533293263895868 0.871768621329534 7
1.04537671048154 0.501526203206987 0.891189875111805 7
0.993679400606462 0.375995958772662 1.06962157675944 7
0.948176634183395 0.513644480285116 1.03026531610388 7
0.950464198613744 0.0923660982059158 0.547962733865046 4
1.01375618400197 0.0709955116668249 0.551984335325692 4
0.346758642493707 0.272674648611808 0.518366857469143 2
0.933008550147861 0.50375614483522 1.06356939893224 7
0.693521772563899 0.909967313893195 0.621166449572607 6
0.260519306165006 1.09322900379533 1.02392704066895 3
0.185264744910361 0.514418630868108 1.02466685024144 5
0.853018756746459 0.370804373918999 1.00600259401186 7
0.302333190817903 0.427623544542358 0.453498430651524 2
0.28144408199668 0.85147419069929 0.991060808731149 3
0.863073361486625 0.611746806163012 1.04414556174923 7
0.186351833117226 0.510929160538791 0.956338073651026 5
0.411230075610467 0.326982834031882 0.232142434272147 2
0.253810239335391 0.958851607567624 0.781677216743279 3
0.449420605109985 0.904751625445161 0.823490205554367 3
1.12263518607991 0.511421871997595 0.858941747817076 7
0.667299241802967 0.735969238931405 0.683538680669897 6
0.265024283177012 0.956802332429518 0.914154982861456 3
0.299070801889326 0.523871063233812 0.957678648364298 5
1.03876518057218 0.35753863537259 0.949852267968441 7
0.68557846666117 0.177183151385254 0.612720745206464 8
0.0222567536441828 0.347237677663163 0.836478528666873 5
0.961155090724836 0.422015003492358 1.04615828351585 7
0.876234145917343 0.958142756324369 0.855315140978919 1
0.917711532869335 0.887504155861583 0.83225737399363 1
0.916454803624547 0.0894382607134853 0.58509936551897 4
0.880663267175514 0.41868511893362 0.992479226676399 7
0.255696870269094 0.336205825393835 0.357272870117452 2
0.289804821326798 1.13161473476143 0.972767738805351 3
0.170018997602079 0.431769599797519 0.847319526820976 5
0.935426895313544 0.366766978169383 0.944538051762409 7
0.926131398541547 0.0938485810156004 0.558961379872359 4
0.344501675640801 0.972662643389925 0.899289879856721 3
0.297155420471896 1.01070816923671 0.909139266192729 3
0.227761641646132 0.397332281346596 1.01485867747631 5
0.927341168175886 0.422506695326772 0.896979368310851 7
0.7822790795708 0.450274316678158 0.689017685699546 7
0.915286678522371 0.034614713024996 0.603336920376982 4
0.689398730985258 -0.0329286079791687 0.539492330726351 8
0.961155490745005 0.0808394345080242 0.510514547905843 4
0.768180114337768 0.746792467525598 0.652581070389206 6
0.909540338013251 0.0488010260199079 0.478313699909371 4
0.892100411973281 0.387423181566649 0.829592956184805 7
0.910807931825843 0.944351127235979 1.06036522992739 1
0.952688997988192 0.0625674172608809 0.575637846305439 4
0.906661919839361 0.0758858310206281 0.497632762370842 4
0.273166396320653 1.02643230631475 0.883866297701985 3
0.309647854382714 0.343821399506554 0.385311048186314 2
0.357588182709461 0.186733586824826 0.363222492934746 2
0.706484141542121 0.818571024505436 0.606012096819134 6
0.162205374950059 0.356194731314488 0.90151324840221 5
0.967397561160704 0.970415748490132 0.980099569424659 1
0.660136686965591 0.0636423540779692 0.572534179991287 8
0.68128032748436 0.034016360881226 0.531897570289657 8
0.312230314778513 0.889047944423998 0.890465388526482 3
0.833817400757176 0.40263246298124 0.864162624314069 7
0.315391865140076 0.150111257848387 0.359406843395045 2
0.922943874447475 0.894821339905727 0.941541768739184 1
0.983437535723178 0.384802048530275 0.831511348814892 7
0.8388206328229 0.876250291115961 0.81626689510116 6
0.923932682860825 0.993188718939855 0.997078837828568 1
0.995748026539575 0.402096053050503 0.973833729524186 7
1.07966581587517 0.443912522263408 1.02931994757224 7
0.237260021095596 0.858836540596784 1.08493411262003 3
0.953684339968454 0.904693688701794 0.934245766878715 1
0.296099745898338 0.248160405379999 0.357819756248258 2
0.274696671935299 0.326390009771595 0.392955132634426 2
0.336701083577158 0.876561694942613 0.99945956737025 3
1.05313780470266 0.946662017769594 0.848093433924351 1
0.854035013393583 0.0173893440268685 0.621074448787919 4
1.00192271544192 0.0769525482514786 0.571612090647011 4
0.713470642209914 0.126359912604447 0.579762048937541 8
0.694386578942092 0.0609654929779894 0.540898191211759 8
0.929969937371192 0.349728050039517 1.02589163130931 7
0.241471702300908 1.01027152824502 0.933554889562249 3
0.9434883677223 0.0482994495988514 0.635646288090494 4
0.82390017834994 0.898720210887497 0.952179701936188 1
0.846815129335589 0.429048031893134 0.855529466818207 7
0.892201586273289 0.438483786493655 0.859159089103001 7
0.357395418094427 0.370900020305566 0.436404538131141 2
1.10352525410027 0.419973701760931 0.909049394584432 7
0.985717495024835 0.561546612424364 1.00938903276816 7
0.436200732959409 0.984806630618032 0.911398483183097 3
0.2567804568973 0.97220409983661 0.937558620611165 3
0.0989219542935582 0.446861579202442 0.940829199995398 5
0.322682443118946 0.947033292570138 1.02090998822065 3
0.324145514166969 0.80491748642903 1.03755905881144 3
0.658838706073747 0.974387228271809 0.707506949916495 6
0.760669797167491 0.83110299461179 0.579015794305638 6
0.924807196715074 0.445215803432012 1.04319547518283 7
0.998069509908762 0.820459009004694 0.857834532398219 1
0.812783441665804 0.789695960331813 0.664773745729405 6
0.41013608949945 1.0555639239896 0.93247944357249 3
0.25169022902267 0.972489992701458 0.952216214334556 3
0.458184879766874 0.870007687611359 0.94782959739136 3
0.64705968793302 0.0337844730372438 0.574247361745807 8
0.946768717168508 0.953018850649779 0.848935043983954 1
0.207635166813861 1.10111308357065 0.877053653295705 3
0.250158524817331 0.409379814660137 0.777641378604251 5
0.198567547936691 0.404020943112316 0.901090491038832 5
0.264768619128373 0.304160024559191 0.46254050278747 2
0.741896731293385 0.854876370743059 0.619265660502881 6
0.172401024913038 0.380747510101835 0.926588885924396 5
0.289306894412128 0.825644423276898 0.918756438347917 3
0.907988718004462 0.0869725059061326 0.597988019614973 4
0.171519965398875 1.09362200136531 1.06752143706529 3
0.89465707664759 0.878604750330219 0.800328851995727 1
0.263121985770676 0.455604622914263 0.926021640984418 5
0.0896008748166533 0.497966964687589 0.722930346779789 5
0.887518589476416 0.0198693017003908 0.499147332749095 4
0.681898515820415 0.0870200909841226 0.573035684725804 8
0.914525553565364 0.142844230275745 0.569934996712146 4
0.348478324228626 0.284323901033611 0.351015307947125 2
0.901989856438601 0.0495392985450533 0.511493413368177 4
0.420875482154382 0.899311196551969 0.860163390241201 3
0.715982834285124 0.905110329955246 0.777911610448197 6
0.997129274464536 0.468376074630635 0.943066592937608 7
0.472536856725106 0.959270670482477 0.903938074424902 3
0.919327380542436 0.528760146927161 1.03824082949613 7
0.999005907353207 0.378831091737529 0.804251095473569 7
0.0908705458589427 0.292299810107453 0.774778611818409 5
0.156476731397558 0.182764097951749 0.506243453930841 2
0.357256748120773 0.484371126214064 0.340646823488458 2
0.271348880303566 0.911723312220917 0.981491652034506 3
0.990778943580426 0.856296808298499 0.96558968920866 1
0.913572666928675 0.0929205150545372 0.560350114633055 4
0.854654133467979 0.443921359739709 0.825965330814206 7
0.95644123176595 0.431367291200852 0.966054905515438 7
0.327742993217559 0.381886584819572 0.511960455097695 2
0.319684659287155 0.862734560997889 0.917661343063245 3
0.194052163869434 0.396499095290896 0.844657007562788 5
0.351629512253959 1.00999638648241 1.03471626781767 3
0.994505803484104 0.364835980157759 0.954178029164425 7
0.865243873298995 0.479307211548689 1.01564095951019 7
0.756987944518402 0.852349025417247 0.660462005768206 6
0.455289868061338 0.962811364787134 0.843939241754303 3
0.898514506864968 0.434070053622833 0.967651662128725 7
0.879803901502592 0.397717819545752 0.955665544142074 7
0.36796339894182 0.400730577222523 0.436732692500797 2
0.884272835286133 0.620132719254749 0.90121803059414 7
0.411480523070905 0.841356910393756 1.05216908122872 3
0.963250589841999 0.111274486526269 0.599734205085545 4
0.191511876230245 0.845415320371965 0.980579619787328 3
1.00437875068278 0.426300990768349 0.856793009956796 7
0.709963424995289 0.924210667389964 0.72028175979691 6
0.382999274922477 0.827796534357634 0.892299976386591 3
0.936669978347898 0.366692022991806 1.01508828912777 7
0.377180011750966 0.852258634027455 0.926827034090925 3
0.928776007426286 0.943307100515818 0.987573378752835 1
0.293460499664589 0.921742785765596 0.910820947462018 3
0.184238408601775 0.568792201266412 1.07206373117744 5
0.328180727050823 0.345592367547938 0.18815647123531 2
0.961049834243671 0.0118506862984226 0.561485474141613 4
0.989061477633266 1.0020441113586 0.971513386954782 1
0.329362101018327 0.825523937886659 1.03012204824269 3
0.381729306111475 0.273081907868507 0.400669564330119 2
0.669162678555873 0.0848895540836405 0.550902289827089 8
0.284575947402072 0.340031236916979 0.473908130610194 2
0.890998580852288 0.0610887950590476 0.512543787557512 4
0.271605695732184 1.03693343063259 0.882587445350192 3
0.515655440437646 1.00199978649752 0.873833994483089 3
0.69535148758941 0.0599804366881722 0.563248961428921 8
0.866178792214409 0.89449739818074 1.01205997440582 1
0.317935048024802 1.07457362079886 1.06948859467097 3
0.642261474573217 0.00872953085871123 0.545667574925134 8
0.96906099826207 0.432207989889771 1.02257541389692 7
0.278149230489293 0.359927798782289 0.399075812723551 2
0.392493455594964 0.991932175601527 0.957063443366969 3
0.91680537564236 0.877939824967571 1.00196912900181 1
0.895124227256811 0.0832365557365615 0.553378065100399 4
0.990580016412244 0.480382486474193 1.00790817167486 7
0.708689842243899 0.836644475886763 0.642137409733354 6
0.264643833730552 0.338448601503566 0.464281293593437 2
0.929992598406672 0.0525265773499837 0.547510603577856 4
0.333769221421081 1.01065485583324 0.917082901286737 3
0.877656672002767 0.508106099708995 0.97089668925143 7
0.945677310593217 0.419525392629058 0.814456955196696 7
0.860179926000689 0.864515792581729 0.86452163713311 1
0.676079698147015 0.0947856390691685 0.610342779709756 8
0.26826361437925 0.327710669152236 0.632733005091901 5
0.700840051878418 0.934772898859362 0.714469774330734 6
0.943874051154176 0.345518382760598 0.965060644838874 7
0.331935739423051 0.334586877512907 0.444156501661748 2
1.03107378894658 0.455435943922509 0.918323376467493 7
0.332552440049472 0.843201748068371 1.01250065408155 3
0.208228369904006 0.84370753770754 1.06114294909735 3
0.366911505462122 0.337987439908668 0.438483343309942 2
0.672710847502624 0.801560524158302 0.72231463152295 6
0.244417891002097 0.997788231966927 0.942242777250451 3
0.323017234872201 0.38009871142932 0.421080546220376 2
0.380457569778894 0.845906959694128 0.91231991946833 3
0.109702584292861 0.963928487372439 1.13443838093837 3
0.499367519808549 0.909827800657955 0.77730458009966 3
0.920097867767608 -0.0204202900022732 0.561113912099842 4
0.334401016616921 1.0494277020455 0.80470526158659 3
0.147080929129095 0.828233021762138 0.814456274836687 3
1.10693718309043 0.33958129345666 0.81033420369193 7
0.713293651087589 0.113841396759752 0.517905089487194 8
0.722236447121456 0.0306915499658154 0.568488734743086 8
0.897868239681208 0.398074626670828 1.05738392329011 7
0.348879475464967 0.854097412347836 0.895183813308814 3
0.286764473134021 0.407651986023133 0.903205947126502 5
0.201245980908395 0.778789824352782 0.862957870180034 3
0.15682141494198 0.560137669672683 0.911689461333806 5
0.944000311723058 0.0815296375314748 0.542557613384489 4
1.00447685999022 0.490705605633184 0.958684672326171 7
0.923985625525787 0.382168657910215 0.918071091038032 7
0.940855848066808 0.125942824905154 0.648007242612021 4
0.905397575249835 0.938808946557243 0.971300606203348 1
0.287693085191563 0.896739196650885 0.878812627141275 3
0.744551695873969 0.809236189424973 0.603018448614904 6
0.26854859960611 0.450186600687031 0.903605730961189 5
0.987522308192224 0.317778423032211 1.13851789363813 7
0.642307020991335 0.0257160173586016 0.532511946233678 8
0.737328835885948 0.303430430075903 0.97111263903504 7
0.226528340428102 0.297552468042591 0.425294249661316 2
0.256611963506016 1.09913539388715 0.871273689340223 3
0.631211294834009 0.81492633854166 0.734912877563675 6
0.238272999076925 0.289432590581337 0.422241862450687 2
1.00366639684004 0.478394145557249 1.00489524338301 7
1.04169806953543 0.471117064118382 0.811367358854524 7
0.866347080570109 0.320060827164829 1.06227022525878 7
0.311310275634823 0.296489617226968 0.421823715239427 2
0.358413023549472 1.16490313200389 0.906212285550886 3
0.351302876842427 0.913692326500024 0.982328985573419 3
0.853740907259759 0.110592729874432 0.606859360790122 4
0.948400277924504 0.887102263066859 0.976926224360139 1
0.749165789076168 0.742238723161324 0.685188355457963 6
0.896398709564266 0.021178971064246 0.537350798161743 4
0.277147914555748 0.373361846037545 0.241167201007266 2
0.360524724130349 0.224216493948474 0.587920834253908 2
0.903586727406939 0.411004059991139 1.01455237321361 7
0.338506821842934 0.867792881583478 0.876788670260372 3
0.887563850131769 0.0789274092369546 0.60083686852058 4
0.237387566430012 0.878859295953253 1.00370895683827 3
0.646785185171317 0.0984370383450427 0.596175681330726 8
0.333157005397838 0.308643735221322 0.332247850501553 2
1.12269206034997 0.391573308314419 0.971627033139397 7
0.35352400874933 0.934301476222362 1.01246092854391 3
0.0270593129488564 0.346191625679921 0.875723476651068 5
