0.779354790221747 0.316292796878787 0.713794180625512 1
0.559253051419202 0.503522193160376 0.540768918597051 3
0.638252421046145 0.260574851093116 0.836903062864409 1
0.619888259676085 0.793667531869213 0.458414372633243 4
0.323005333837033 0.814603052979031 0.42902955971403 7
0.541435708946995 0.836973362130828 0.490117620519417 4
0.688476281338178 0.39968030408082 0.40249305008985 3
0.5979183736546 0.426691635725842 0.415926089504533 3
0.946844850056736 0.701879286128268 0.06973345179959 5
0.295391206987394 0.819315102975347 0.465515890503436 7
0.651927027530265 0.198459059191915 0.639710280923746 6
0.485253408985876 0.393678508589151 0.408454452223632 3
0.943560287318012 0.70570234723752 0.0514054149078724 5
0.62437598660037 0.284494164631587 0.82397600656312 1
0.33458802026975 0.77805800557447 0.445421038903159 7
0.454900183013543 0.387849547629623 0.517742132694755 3
0.482856283997274 0.877847293136583 0.479713230229989 4
0.615046246263568 0.423451001244977 0.437841589845983 3
0.727206556688094 0.338397153778815 0.922244719650687 1
0.323889077310302 0.794921868739764 0.422725799115412 7
0.541978093631722 0.474372983327447 0.476673766079975 3
0.703603061726199 0.338402074931544 0.726515695473157 1
0.868466728167104 0.0957251016845919 0.643678446727838 6
0.929087072225414 0.57362125984424 0.0257736334882727 8
0.910348164016025 0.660232476285164 0.0627521907919678 5
0.551482158597105 0.79946515759182 0.45730475275642 4
0.496298763677748 0.377512725413577 0.403870141114281 3
0.941040493349234 0.670737346276548 0.026801796450237 5
0.497501048078005 0.836196260381706 0.46682489885382 4
0.334496223799052 0.770132851706033 0.47661831720045 7
0.953581385523688 0.695731912797941 0.0559927896880589 5
0.953529682063733 0.717477087427686 0.0750872673493737 5
0.556211180637507 0.781525346457461 0.40233213638914 4
0.81285019391929 0.196838411492555 0.861323055200199 1
0.988296781894555 0.712297071928897 0.0723969397423673 5
0.3027996147964 0.815704997626978 0.462397330702816 7
0.419448224389592 0.382036758793802 0.464902012686527 3
0.49078583608841 0.599322729680127 0.409121442120241 3
0.585592632193812 0.775669960974137 0.380132126195204 4
0.697226161451687 0.235878681512317 0.88298146411201 1
0.506649895183037 0.886507960246551 0.488546475042342 4
0.587597845019346 0.569584966426525 0.480257095476327 3
0.483378730238025 0.868143925906548 0.41412049136319 4
0.523100246836089 0.4332386118699 0.412916414469893 3
0.653929997491935 0.348166848940807 0.366747561567555 3
0.335394843355733 0.763297754570835 0.472632517355861 7
0.638606672420285 0.287820055720402 0.788991769958398 1
0.568784856141897 0.314906118734403 0.446587986909576 3
0.705535139246905 0.339335191766961 0.839146289834551 1
0.952746540889322 0.68278330361016 0.0874679843073737 5
0.941537194629563 0.651152864275397 0.0705878035949612 5
0.91097523568637 0.550703842525695 0.0545823648420076 8
0.307337021259369 0.839666549591776 0.443686682014608 7
0.560644227143378 0.826469948618057 0.472637989043122 4
0.663971734744808 0.29296787521327 0.711986929913275 1
0.570306637926758 0.454900450089949 0.541467517245806 3
0.484976226540232 0.852801982847615 0.433237062538723 4
0.612606348104018 0.45640704734151 0.402770605745346 3
0.635975780126709 0.423878120190862 0.7440338229646 1
0.580138265633762 0.820949545722213 0.463005834493019 4
0.688601102937057 0.294203388274116 0.723469971804345 1
0.510614930397015 0.496325105613182 0.38584538846338 3
0.593876397213508 0.808168814115235 0.373365396896205 4
0.651992761123027 0.387145913213977 0.925647471054625 1
0.296595862780331 0.826694515299306 0.385691997200071 7
0.650063772171028 0.27145162789803 0.889059254819654 1
0.341619438019279 0.824060329356053 0.550843613464927 2
0.678444542372197 0.291383759189717 0.741161949758883 1
0.314452931909564 0.857594145542583 0.451107008545738 7
0.301585273712028 0.784103410639322 0.418833872904315 7
0.311714886165273 0.804840034041764 0.563364780524344 2
0.476690329333183 0.389227716091143 0.397097175945567 3
0.613183688712044 0.849491905033273 0.347100266324211 4
0.48417891356396 0.457193565061894 0.500290907859547 3
0.496110634443831 0.491928077331093 0.347792556092442 3
0.514813923351668 0.837967095033586 0.478708463129657 4
0.28949360570072 0.845479584919694 0.42277832479545 7
0.619737296376619 0.347451173607906 0.854337912619699 1
0.897754307471023 0.644406092786892 0.0631522063380321 5
0.326097926005993 0.820997221885318 0.417428400377889 7
0.482104188926039 0.416111084003239 0.503538985040366 3
0.956833107314453 0.696296735257424 0.110126182935521 5
0.590937252787053 0.851048704662775 0.446623709589007 4
0.336626049241196 0.883476351480176 0.420665463905549 7
0.45805557358017 0.791347458681381 0.441737442873459 4
0.670225565416924 0.204058492652372 0.809399543493603 1
0.957546056965024 0.710894838234373 0.0821342471042217 5
0.497236834337517 0.512970758866946 0.603944712375401 3
0.342606351452227 0.826271451417589 0.569099747325036 2
0.684326602616374 0.266110060802891 0.748315885813278 1
0.290627727744369 0.790633201356473 0.389302564320883 7
0.528403950062628 0.340682831299054 0.436646923630691 3
0.745525427675591 0.277845255204354 0.801384384327909 1
0.54365333177253 0.792689820091294 0.415816814313718 4
0.766066904362809 0.265293709618843 0.753224010057235 1
0.33586493085559 0.793983098947309 0.55521144696127 2
0.320828858587603 0.780134846357778 0.428862317813213 7
0.324954710070433 0.81613845608283 0.439634712445518 7
0.286208800458114 0.808646885825787 0.449687078745471 7
0.649008961421498 0.427524475791732 0.471574479259747 3
0.676700856731773 0.353271880503538 0.806552419909723 1
0.705553719525891 0.326056414367452 0.776793616311243 1
0.535358619000754 0.788301006794796 0.471395551714224 4
0.551709080366489 0.77328947822048 0.492437237834999 4
0.918353162048765 0.55166886857083 0.0717904120632135 8
0.801481244925921 0.131564744775139 0.63357742890983 6
0.315014863615739 0.809779882143112 0.441810772317036 7
0.941571777170343 0.673937661982845 0.0867093834294357 5
0.72479833814184 0.414767763231164 0.856184416030993 1
0.804659313938468 0.204963750363664 0.604558832549018 6
0.582195608863062 0.889151259903321 0.445609666209043 4
0.710684044321303 0.318776723088969 0.89680967279601 1
0.635032010329614 0.388426794205615 0.375870057322694 3
0.609778887832028 0.741329793097783 0.417194987906457 4
0.614320928259636 0.369606132389509 0.39792796386017 3
0.953686468947076 0.676500125489973 0.0444359060136602 5
0.490807437855296 0.42301201522064 0.495361312083197 3
0.759957449903229 0.271199223248674 0.889951880047769 1
0.309725920153861 0.815776290276957 0.426760745308634 7
0.613639421611541 0.194472212353464 0.734491109653799 1
0.513841210251427 0.470425125799092 0.471562307618705 3
0.920761282552205 0.690345300682901 0.105009721275076 5
0.283834141600745 0.818514612315998 0.443161690278236 7
0.942429692576774 0.684254094055181 0.0496146706496602 5
0.974550033858163 0.669029647048492 0.0576947549648059 5
0.291020825093012 0.851807865977865 0.411105267599524 7
0.587887060947054 0.828033476330842 0.35691811303736 4
0.279359149715091 0.810002142122985 0.410141208303537 7
0.768202475244204 0.382706725027883 0.862391031426243 1
0.675134517576352 0.497815583706449 0.395075507003114 3
0.559053187400718 0.457063045263188 0.446878295560106 3
0.673709631321819 0.351747979389915 0.853199768324034 1
0.323900184721642 0.841052951026181 0.57435372189916 2
0.640970135346369 0.297117522311337 0.794502991705402 1
0.313136997197842 0.827934516316862 0.567192153582127 2
0.719800156466982 0.295393985257092 0.867592047883544 1
0.932180088726924 0.583781770485054 -0.0304434580291103 8
0.53575702104655 0.47109251584175 0.517172965329005 3
0.284325030082739 0.82303373743269 0.461338674833294 7
0.517262165509236 0.381222309201328 0.432613372241339 3
0.707614298664418 0.325985739806062 0.461923047236386 6
0.566656941483377 0.443832101229559 0.390607747857909 3
0.604383664271901 0.854314061827199 0.507591310070665 4
0.31723808908558 0.837140788153124 0.439430958262898 7
0.543763305584547 0.782266522235143 0.485630211413028 4
0.483903082687508 0.485416632640822 0.400876828382371 3
0.731487407669451 0.642857260594736 0.356712985387451 3
0.950085490426104 0.572449772543497 0.0457838977057329 8
0.301923154336475 0.834322937261581 0.415982527789639 7
0.594011671907563 0.898603673735078 0.444331294590577 4
0.561055524236219 0.420550825568007 0.361846487292965 3
0.611007904797595 0.853191891519766 0.451202013760847 4
0.295593022082612 0.768028165206432 0.537155513247138 2
0.679254620987995 0.239821760167666 0.839446649138689 1
0.677929354626831 0.320412859846186 0.706095320867875 1
0.959118232115309 0.573734624577498 0.0799340555720926 8
0.920285119849228 0.6757669878176 0.0788333229949382 5
0.317020813602974 0.801297653483429 0.426793477354582 7
0.572281246345854 0.792695332743748 0.443402265458286 4
0.889773729002421 0.677428596479136 0.0747385917947764 5
0.552750041253421 0.831508093220668 0.451155854002267 4
0.565226716371031 0.558378329342078 0.244198281947042 3
0.731598083135456 0.315141779911559 0.74120803940223 1
0.346941979345106 0.804490530602585 0.588651770481493 2
0.349138567195346 0.821280056771016 0.438840932724464 7
0.307236551596117 0.793988409930122 0.450418488336058 7
0.947278724280907 0.562797838931287 0.0981972742906675 8
0.530697302629733 0.829486215098656 0.495542011092063 4
0.925813180728901 0.700390577000273 0.0842937025712792 5
0.650003386829098 0.329476767300054 0.788895539826261 1
0.608485964759225 0.769393862126683 0.492794555777573 4
0.645380328050385 0.448215031415923 0.429329540405798 3
0.960653301658333 0.710839763864693 0.0231915608620824 5
0.957807991723282 0.680050242453176 0.0394479591229285 5
0.31505778871507 0.812389967922397 0.423363663619478 7
0.311438788801842 0.77511473511505 0.428404367961265 7
0.568803288064851 0.819905064562424 0.44007965469447 4
0.318608976057543 0.840491110442913 0.442630952009866 7
0.553931099247068 0.76071390934136 0.457042821810899 4
0.623760538814317 0.300525779743548 0.857698690298717 1
0.554710335625708 0.788199875454918 0.496841479322641 4
0.569257162353611 0.394227707212281 0.553012022226945 3
0.606230787224928 0.418663677364223 0.345979860345063 3
0.554868827159683 0.799177600772208 0.503595337514846 4
0.322382096287502 0.803337762542976 0.565884951988263 2
0.604170239208105 0.782164080418854 0.37553407145284 4
0.305729861985799 0.813426494693939 0.432286116972422 7
0.301728111456088 0.802329879461477 0.529607560015233 2
0.951750794627819 0.693381697422846 0.0469180379619347 5
0.534883446539081 0.431272693077287 0.494402588283071 3
