0.0579077814782192 0.391904826930871 0.413790001167762 1
0.0691248720824146 0.427896189866995 0.447164346466632 1
0.682944281335158 0.957150385101649 0.271654566764716 6
0.0278791427843051 0.390706089269484 0.379766010272947 1
0.546546242842409 0.452779326016252 0.567063418702012 5
0.552557635727736 0.369340421733905 0.604962990505857 5
0.552096817316769 0.794529818051398 0.200422254088996 6
0.0708256909676127 0.594217269543186 0.364542933255839 4
0.825859703535791 0.106958031848721 0.330634953458508 3
0.651352316704911 0.841995678278323 0.252965045686218 6
0.58542652514631 0.855303293318541 0.617908360471102 2
0.757981778330643 0.00671164414314453 0.449434478768445 3
0.830222579612497 0.109818511951915 0.334945850084929 3
0.7671155444544 0.0746746294849113 0.364765548572685 3
0.41703454328275 0.913674669278066 0.312855650334707 6
0.625336805111708 0.036006935909448 0.480916705395633 3
0.524833721765882 0.256918216798987 0.608523539421259 5
0.663727620934747 0.00802152432521654 0.488061507916548 3
0.0451710070133202 0.428257254914108 0.393303220275122 1
0.0471180677726388 0.524143250992629 0.389576207910266 4
0.0618883415416592 0.589562713738374 0.430082640779676 4
0.631676141232082 0.444211214952619 0.485466146685783 5
0.0603080760220298 0.434648435373594 0.41063749692838 1
0.848268083068673 0.109368433277797 0.473602321765199 3
0.074419500781749 0.579338761285145 0.416459263478454 4
0.684279062296046 0.454699449321804 0.735085934067082 5
0.710016113967294 0.0464820503674523 0.513398836594671 3
0.554064820112421 0.42099347331451 0.519484477345167 5
0.804752675218747 0.106522261384307 0.353116263576118 3
0.111865237176411 0.388822197347783 0.420656238757712 1
0.526502797634615 0.865676908428338 0.571214998000044 2
0.493545351889259 1.0120589143332 0.560856607443769 2
0.537886499191144 0.873210800494517 0.160080798573232 6
0.0927560235457187 0.411854494277046 0.393969606010945 1
0.0744779369613209 0.563355926832257 0.424010410493527 4
0.663307371086413 0.068689160384747 0.414709180608368 3
0.680087068630714 0.4516572614762 0.490928240582464 5
0.703513077661829 0.00824579420660007 0.450055799869522 3
0.0881390008008646 0.433233937330428 0.431408816669436 1
0.744169933632001 0.062734766837802 0.422999788446712 3
0.102573908026279 0.534528184737218 0.362130796839828 4
0.543759868457714 0.411985964259378 0.602276116793604 5
0.167585199618986 0.396770461101052 0.400363906377387 1
0.107272342457514 0.611435293544157 0.420528239673671 4
0.0913192381113677 0.498721022668341 0.404122810090924 1
0.747473426584349 0.120436030923822 0.225711609171335 3
0.60529039956789 1.01651319470216 0.260829684613416 6
0.803796137190268 0.137409213403704 0.417645104196689 3
0.0862332004870849 0.44235263982999 0.435521539257853 1
0.818824908811384 0.121769378381964 0.497979243547067 3
0.71707339163907 0.445993876930909 0.599981474483713 5
0.0881750273684507 0.552708602997261 0.438108724445287 4
0.534980204704644 0.965965027217256 0.294180183153568 6
0.546594572491613 0.846914456131332 0.603266977519945 2
0.640281730407908 0.997525966707949 0.223890630532953 6
0.0442147987755223 0.428042305621605 0.441041505023197 1
0.642066013581126 0.0883777744525575 0.464444723040828 3
0.631401869915517 0.908905885184036 0.194760688330984 6
0.852274217194865 0.0909157050762321 0.373002975205827 3
0.114398343703504 0.398794077148727 0.423569325710504 1
0.523786310664037 0.364689704641611 0.661411976189913 5
0.0878112312180863 0.521389574588258 0.428113059812645 1
0.0987818642947152 0.412666064097536 0.409121445315472 1
0.750745292118872 0.0778457544506003 0.38589535570279 3
0.794145228525913 0.117754516023283 0.641446070771047 3
0.075283980583536 0.423790569760145 0.421083311915201 1
0.531576831082631 0.876493252402563 0.622942167108122 2
0.11748533889279 0.427906258679684 0.470270989636499 1
0.0835277059708529 0.437137123770013 0.441847193301308 1
0.587165073232711 0.895552096435504 0.136691947218513 6
0.566116842138438 0.992431007850233 0.513596230482982 2
0.0880524925042686 0.568185224589272 0.416070166144052 4
0.707313964806504 0.178738735113142 0.467682198868705 3
0.63170951940447 0.92817625853609 0.58866314857707 2
0.0596393756948692 0.611013850998618 0.385939795767416 4
0.0766507181879826 0.623367103304109 0.436326953542379 4
0.676213454358722 0.381509190528775 0.661536684281815 5
0.0596876909200362 0.40583418817219 0.43218838124392 1
0.57624885724001 0.413402974394107 0.684087903874274 5
0.0770823236007522 0.479288515676243 0.395080268734097 1
0.579261521000874 0.923675841068519 0.566020649395 2
0.058321213427476 0.426416582364175 0.366967131773586 1
0.620150202823511 -0.0301984964748377 0.420904466180172 3
0.716255300689981 0.160357539723608 0.47604439996931 3
0.705659349900083 0.215799692256346 0.497775317843791 3
0.621595291879766 0.360835836807285 0.636892326523046 5
0.049934604939903 0.596592080346137 0.383577815392462 4
0.718853302336173 0.106998506776469 0.368432463797597 3
0.628951380294383 0.274148724612056 0.373523354199365 3
0.0481769272886629 0.363657198752643 0.408542536334196 1
0.550769091540366 0.833660245065393 0.118656788950281 6
0.079855252059114 0.407716865436425 0.401894475072028 1
0.0588720332561684 0.39810000347651 0.454336024352719 1
0.605310789676809 0.393141003621575 0.716585669316816 5
0.0236000088749076 0.544881127453554 0.378017639115997 4
0.0623450053639995 0.416283422689149 0.482895799439301 1
0.689907379753967 0.0810694608063852 0.438559801181768 3
0.638634512200114 0.467560751940865 0.65009048239203 5
0.637510342859618 0.893613491377718 0.562210197338852 2
0.78138209363043 0.171279991758246 0.357256595266715 3
0.593355738986036 0.87570410562286 0.547212558351787 2
0.670687327439633 0.171995140063353 0.509415774069403 3
0.0761204224050013 0.618770179527712 0.431787423569232 4
0.534929824355641 0.924709655677994 0.307834778887339 6
0.671799401284395 0.953655552591199 0.526732009355366 2
0.935476227082783 0.13929982406075 0.413006926460625 3
0.503517648875438 0.419920476211692 0.687011072996135 5
0.108394074660072 0.593100648951472 0.44259799528751 4
0.763455822845252 0.118894289966378 0.334506813196784 3
0.705987137544972 0.0321063572801561 0.423464748833186 3
0.0463054992597153 0.422052705487384 0.415269364713476 1
0.5546262070069 0.372202285989471 0.648298213286917 5
0.122983041040423 0.463732301715314 0.381975482595038 1
0.678320404343276 0.173414476771944 0.50872961938189 3
0.714309789492001 0.0667092004720898 0.38598423399855 3
0.0586849585509219 0.425564916230244 0.450366611527464 1
0.0287722407801415 0.426071900950802 0.356905963670033 1
0.650509028245766 -0.0215505786727309 0.375412295130118 3
0.533051664527807 0.893268572829216 0.638298117284556 2
0.686710028413308 0.148174927957646 0.415776013448746 3
0.504053349833363 0.398562500279916 0.596497150943387 5
0.126134459635333 0.380086945024185 0.395036863915539 1
0.0660531618225546 0.610813037049589 0.411472159210673 4
0.108257951321304 0.415823015385922 0.370090394704337 1
0.0820945065659869 0.606046209987901 0.346088253382787 4
0.784151267178192 0.119417940556207 0.405903240903467 3
0.698795867695957 0.0981808825941515 0.425059361662718 3
0.157197704641305 0.362307433328643 0.410752650305035 1
0.133385811175452 0.549399426347414 0.381489294433395 4
0.0744146145984847 0.360083877225131 0.437206636145724 1
0.807960516548578 -0.00512332234091552 0.466100986080148 3
0.0754268952158242 0.394196254211449 0.371991404843612 1
0.138229305360147 0.414826598457776 0.436743149528957 1
0.528489763986853 0.96588347143954 0.674089450162986 2
0.655247070115122 0.932526937481878 0.655239209678716 2
0.725048295929224 0.204499112462926 0.355291238105132 3
0.61329382175203 0.421120642538251 0.57762745008731 5
0.564494709368535 0.447666985896987 0.522247661967135 5
0.450333747783764 0.917677959538189 0.326733103973371 6
0.12395627995828 0.475840882282949 0.420429207232437 1
0.115694673274904 0.419842878900111 0.446890047737243 1
0.790118496800726 0.199542593493691 0.527725188765238 3
0.65525034010815 0.339140906189981 0.665500242838211 5
0.0102998057643594 0.478247789863329 0.463941648606724 1
0.641138520834075 0.099527633925424 0.414621956767736 3
0.701067854527068 0.0475123924028676 0.305023379556836 3
0.606413888751363 0.0826044110052676 0.311460212599593 3
0.578521413478927 0.386698241178732 0.538343566272859 5
0.0198291835952732 0.447100614353527 0.447455793840599 1
0.473944492961351 0.47677269378545 0.607969304695595 5
0.571412812234064 0.893772599575093 0.591952378029748 2
0.58099020470173 0.323095956296783 0.58882526535308 5
0.518040401540958 0.946906135002565 0.628546440190669 2
0.488871448074912 0.404982861892996 0.571005887804195 5
0.126623456682639 0.375753999910363 0.475334396799184 1
0.0847426211470008 0.388235626730017 0.419859998618527 1
0.0297852108869013 0.39592657121912 0.412025275420989 1
0.0284974386765831 0.366779025329105 0.390429176081998 1
0.049482344418956 0.582543767895101 0.411306455221953 4
0.624974829585524 0.934252632098909 0.480538358049173 2
0.113706116698384 0.596360155416951 0.40935071910514 4
0.10023363065569 0.400948317866569 0.423851691782908 1
0.584671513429621 0.317613808449478 0.650848170107138 5
0.108320223170431 0.386983369452356 0.410960601681062 1
0.117358002207772 0.425126792113355 0.378382345008476 1
0.531588476457686 0.349734246279362 0.554928530468314 5
0.808784650686704 0.171044707473058 0.420309108035585 3
0.698912754792116 0.000610195674123903 0.505284848783627 3
0.580724037599896 0.242378412925808 0.570280764611656 5
0.590304074493686 0.967342551951501 0.369811580509018 6
0.0588112575532081 0.554805107110398 0.371600291601891 4
0.594061734058273 0.906465957245545 0.558826037246409 2
0.620453218375177 0.918746277061755 0.320603217479231 6
0.0686564454363552 0.42318464093359 0.43431512229567 1
0.049391241645532 0.396088001137273 0.447894132648385 1
0.770457337053878 0.0420979260654211 0.444718656041646 3
0.0664755469848169 0.408272073890994 0.376133928346667 1
0.128152807059085 0.538400851364721 0.39594384479028 4
0.580002745112026 0.93484027208615 0.413613344217636 2
0.0877371831979431 0.475751311665143 0.441027269458857 1
0.119902890817749 0.404031181355657 0.370212000489665 1
0.630009961139128 0.947745432970001 0.565919513473459 2
0.103297083405217 0.376042213541583 0.461676326341104 1
0.0723681793197879 0.433814437917509 0.477574567208194 1
0.762072805050267 0.0607928158313729 0.313232434353631 3
0.599521598005945 0.511500004489554 0.655135158189021 5
0.0795980857322395 0.565236353319617 0.412334073426301 4
0.718846074501726 0.0328186852376282 0.396035734051561 3
0.118126172183809 0.579110049455806 0.407085265348676 4
0.83030038502759 0.137723550410698 0.402064010262601 3
0.072423726417306 0.560517833830461 0.397046313924112 4
0.0725119928020407 0.45653774438605 0.376737540040003 1
0.732899305371138 0.140641292743868 0.28191318820692 3
0.829447040562776 0.0366951639530262 0.461559724051936 3
0.644236359759605 0.185541354931285 0.331504412996229 3
0.0219730459963669 0.57960013200283 0.369658082320481 4
0.660733396986624 0.457918536851996 0.755379114270424 5
0.632002881760378 0.49715530463951 0.638233102941624 5
0.0850846703840204 0.412531928626486 0.425830642035093 1
0.100032251906597 0.592237587255502 0.394575469478425 4
0.478462519159486 0.481608233843366 0.744022932680573 5
0.13191165532698 0.448420615115085 0.402120782935901 1
0.107952656414488 0.476896206012647 0.46002436793955 1
0.508270372076399 0.448325859099274 0.573970860960911 5
0.692344541950202 0.139624980639673 0.350849112996055 3
0.042506104908893 0.431905881158369 0.422199671397553 1
0.0652328917989533 0.610105144044523 0.417270015939186 4
0.671520652921876 0.448818885410335 0.58372490451509 5
0.0998646472844313 0.378962577530725 0.443721406323788 1
0.537764248222955 0.975739326613432 0.661988889861529 2
0.107355773359784 0.388715944551457 0.465660577507299 1
0.446049258165706 0.870598138660283 0.225358565163597 6
0.583177314113674 0.900060753706502 0.549097675101352 2
0.0525645556219432 0.560437588274659 0.449772654299338 4
0.111077723830415 0.581488161679293 0.490053490572496 4
0.840841786455897 -0.00384271717833953 0.474967123013966 3
0.0921462553084404 0.443516056680472 0.365438036784345 1
0.0850110044277376 0.504004595015176 0.393369154009162 1
0.473496821606829 0.88576895087867 0.54111591308066 2
0.103776841922823 0.438101225421596 0.423689535347576 1
0.0532689647919149 0.427331449714737 0.389291875624583 1
0.604714723432259 0.973791340276685 0.224125814400197 6
0.0344749032549679 0.376009736517425 0.385367505494441 1
0.0956418199610248 0.59326623597618 0.44112847988832 4
0.457751395798351 0.854673530165573 0.577983858972456 2
0.51444056953252 0.85755382703738 0.617586921374419 2
0.568145621444281 0.445394162472529 0.463970636858484 5
0.525354503054331 0.479817863702566 0.588427056787572 5
0.752984735530859 -0.038563856800408 0.576770196493807 3
0.711059179766315 0.111771818433274 0.305149376978195 3
0.807725102140107 0.0638761401375926 0.392763696379798 3
0.643090207075575 0.423284842161176 0.54812433727932 5
0.744836895849959 0.132094649354708 0.448988398785906 3
0.0481879274661163 0.46801228799297 0.419882573683497 1
0.0885323667624716 0.605590469300067 0.410499631302253 4
0.140689788156891 0.375174246258844 0.450586830606162 1
0.448122481442037 1.0102354165656 0.588150321438111 2
0.575199294543182 0.965473309959649 0.648611883848015 2
0.75877835974421 0.462721933864315 0.570007900514867 5
0.745252624454604 0.0738070489803349 0.317178094237777 3
0.0865973856496392 0.426695523882433 0.390061013817108 1
0.0500682181336487 0.450633319209709 0.426517049049494 1
0.102860151393012 0.427889646474412 0.428957843668537 1
0.630461693463613 0.921899477366696 0.537896132017263 2
0.710330713067265 0.0380619713634732 0.388573039697941 3
0.075094381658897 0.426751367310329 0.40092200977701 1
0.594491900383906 0.844092191683386 0.257150558127296 6
0.0945549090618246 0.580870943712915 0.460873622869892 4
0.601851956889504 0.330242221303439 0.488182626676901 5
0.547075096109854 0.920380577605962 0.565799526755451 2
0.562355936439088 0.802682464200108 0.214868987852512 6
0.128452447125299 0.456300705030901 0.413513843602688 1
0.111456768137743 0.415051524146755 0.380295788395711 1
0.669499220439699 0.0445346037317955 0.405933180103644 3
0.109359264154385 0.597839880971109 0.387974731135022 4
0.644334832874623 0.470631932428969 0.440413187656931 5
0.506325202500385 0.5567852373094 0.576256445847889 5
0.908169524054877 0.0665654605330933 0.460153314995627 3
0.842682202621004 0.167887662808122 0.378166417925893 3
0.606350279792353 0.382226339879241 0.559458226572379 5
0.518916842442428 0.448746324698411 0.624024868668068 5
0.705517258522481 0.156159339055903 0.364993507944415 3
0.110267187001308 0.370895326827358 0.431871644890326 1
0.103128670194808 0.444492273581231 0.420823190918291 1
0.0910701553926536 0.420546998177714 0.482285535038784 1
0.774108334295981 0.0907152962971729 0.446006572506135 3
0.0388968485739438 0.611360310479915 0.393849501158125 4
0.601911606551545 0.453344535725211 0.577216613923146 5
0.0754246247651263 0.586267520781726 0.421759250376809 4
0.0290497937716243 0.396926085478206 0.376563642698311 1
0.107051459267105 0.616123212267115 0.44142265288476 4
0.0540620905935533 0.407300049383731 0.403659381508655 1
0.0810265667098241 0.361560255213876 0.400425437450633 1
0.643496136955585 0.43427388557528 0.659717017673388 5
0.622176338421502 1.00708090613426 0.580990605494313 2
0.598670614616085 0.356319977888348 0.561640614343753 5
0.80224773211972 0.0650403062744215 0.424622791606508 3
0.0672547788807235 0.569119321443877 0.418792318849519 4
0.0724029447759876 0.403439718800686 0.419411382608338 1
0.725464465150275 -0.0805144850201261 0.433302062099408 3
0.630689600469192 0.0211619806564258 0.48201022607178 3
0.806202981996935 0.176338756204662 0.375905300821237 3
0.792083036861949 0.0831182746264949 0.439004504414268 3
0.644948227983057 0.0320712268932812 0.470674082623161 3
0.0708553561572052 0.42566070349604 0.464028416564426 1
