0.307362633017787 0.770224825440889 0.116524683118704 6
0.0842635247928894 0.92586413203052 0.107690102968017 3
0.619641926547995 0.11553658373793 0.246776943353429 4
0.489322368255032 0.753177249608466 0.367748577943409 2
0.0994239036002561 0.922281010982046 0.0383625278805309 3
0.523938246409176 0.900417515093648 0.5116422140073 2
0.252364714825681 0.72476500338927 0.0141719882423647 6
0.292841422839124 0.74994113179565 0.107538210025649 6
0.305944561381975 0.739797613131562 0.0459065484725857 6
0.0966146909528856 0.877523777542458 0.0913932985559877 3
0.595620637803261 0.0212371088806617 0.272259352012822 4
0.205454110785134 0.807188906546591 0.0873329044839078 6
0.0944922564020031 0.973259766199279 0.050561707236631 3
0.647232321099734 0.0251790411166985 0.272355509985052 4
0.319526258662097 0.789839371966081 0.0792352778007803 6
0.556742954842475 0.762928021999191 0.407012248089157 2
0.0252647438078851 0.897128495289876 0.117539513132037 3
0.627814721840924 0.0793004637778001 0.253698614289197 4
0.572755158389224 1.10532068647972 0.297023726793446 2
0.634289229801658 0.0831898955896807 0.266967031389931 4
0.568793368122996 0.143617490840855 0.209831542187211 4
0.0632675335987854 0.87449377514579 0.0348325526769995 3
0.099742035867197 0.889358746931373 0.068413956693267 3
0.632836737267769 0.929409500938193 0.423380520833056 2
0.586060244699896 0.0622570512411634 0.28658624776777 4
0.109514281101633 0.880455626313847 0.0546869034905655 3
0.274084104035824 0.780309368989228 0.0308242828232204 6
0.181916617269719 0.961774680916092 0.0630329302122275 3
0.253153908768936 0.704481986628591 0.0720436026081326 6
0.087208974609744 0.89260777813293 0.12307999370654 3
0.704719417708559 0.309289426672543 0.135097449843913 1
0.642929981547178 0.945226782149241 0.267366537320883 2
0.475476827335377 1.07872111336307 0.44913216683919 2
0.522982130588141 0.0907560863947927 0.197345775171606 4
0.387569174411803 0.807017935599854 0.361454075809587 2
0.554478274808181 0.940344735404387 0.373737525287014 2
0.0544472653874527 0.913991601668802 0.0727676966526456 3
0.595788504152565 -0.00714464734743503 0.247751795241294 4
0.553618887020011 0.118919474976668 0.358201342617068 4
0.452633545115028 1.04588822098235 0.573291920385679 2
0.195386621943549 0.701786623987518 0.10961062383719 6
0.0711494203566504 0.974904211690556 0.110596164893528 3
0.166242671719177 0.909445038485856 0.0573804343848217 3
0.242708610177382 0.765356374139858 0.0660562732980163 6
0.0465830562986149 0.899494123914336 0.110399760986659 3
0.208183193723501 0.727051857164669 0.0718674592670183 6
0.598960145946833 0.0385094434224936 0.255955471463853 4
0.0675224069679323 0.89049272122387 0.0774720114169187 3
0.021701259447831 0.97839140514382 0.0409432172146942 3
0.958955627635494 0.26826767843873 0.713219336205653 5
0.60666648085734 0.129461948700382 0.206669614608617 4
0.538163700788129 0.151880132242822 0.276173806543255 4
0.439494982842487 0.86937422351584 0.469526877863028 2
0.524408540239048 0.108849651303294 0.208541764549867 4
0.310508028374329 0.777648678653372 0.0517354472902653 6
0.130517083529021 1.00910107641384 0.10466362425893 3
0.0617090490128819 0.84926870455003 0.144407410581489 3
0.0560509649685158 0.903355502988167 0.105703808225873 3
0.125386093734421 0.791382326089696 0.110714165225576 6
0.535264572686386 0.0808252461572265 0.268315104908326 4
0.827368587088053 0.202192891288465 0.0450260514541293 1
0.267113487853166 0.714400210062257 0.0998024576412603 6
0.111273950049421 0.92257602485035 0.104070537255128 3
0.405894561302089 1.00914363951211 0.287993284671941 2
0.144212062755167 0.901548763280396 0.0115819580986754 3
0.591556804544729 0.0695425518410188 0.151136667499495 4
0.651476894801137 0.177608294371318 0.152129090167076 4
0.522714165461026 0.098921559952863 0.30382025665393 4
0.282914975960381 0.742779719342031 0.113900957900676 6
0.368744569685798 0.913605287393483 0.336609254573583 2
0.616925188610978 0.870885319951821 0.450695267251341 2
0.584425502893298 0.123376669708975 0.132336234787996 4
0.909991146578657 0.3168976011194 0.627030650798979 5
0.948748357806703 0.293669800736214 0.558441720114225 5
0.817991614310315 0.950859788587732 0.542332664753324 2
0.530351813858718 0.856403044595273 0.378414498608937 2
0.0705698447419787 0.905570557991021 0.105322206040084 3
0.55196912774928 0.0997578673408073 0.288934013118217 4
0.841279926438505 0.196306329271488 0.575735239357471 5
0.0565327034834027 0.845103369232862 0.0659236527827599 3
0.716284752278263 0.311629889791086 0.155905371025768 1
0.24396317339542 0.743512002614929 0.144840707574916 6
0.622028191107017 0.0372117545729676 0.250950467817072 4
0.0899055240440303 0.896191996535384 0.0943532654356489 3
0.260836951510571 0.812892194601075 0.0792912083162842 6
0.519511342094263 -0.0704296923088282 0.297294424088538 4
0.518237193637897 0.895984488897532 0.354331241358725 2
0.041046351159664 0.967159084894459 0.0820895447169353 3
0.0168255653601052 0.913680969192387 0.0394743780474501 3
0.0228157996111294 0.889330588236965 0.0977427085909132 3
0.114782538705495 0.919290379346622 0.0622407586160638 3
0.250430421726369 0.812729312528833 0.124089718977208 6
0.50772411667733 0.0131505257460893 0.175055503026476 4
0.0885123094069695 0.880565850446859 0.0808235390300909 3
0.685952558887375 0.872080684187893 0.377407242912404 2
0.215511388937622 0.776063668750897 0.110039289785634 6
0.0807052839360707 0.919608118028864 0.125315058807899 3
0.0438236959629715 0.876792318528757 0.0435440740556842 3
0.515879426390247 0.0631670737306502 0.350836865871103 4
0.560466110206848 0.0819752040801944 0.170246028219149 4
0.516810939627699 0.96639561564441 0.381269446599147 2
0.231242094238289 0.695948520388031 0.0946860071098248 6
0.14685227306318 0.964049740056274 -0.0250296685028004 3
0.601949972261122 0.122372002265382 0.327682945021188 4
0.684721854240583 0.942867411219284 0.516367234962951 2
0.592788398251498 0.0584335293972068 0.287480335276811 4
0.175172098919792 0.765410605515663 0.0553912121334105 6
0.629429617125436 0.101540677090223 0.209076231652572 4
0.822937421987819 0.323872699407104 0.614406718970529 5
0.268428518839406 0.740699602154358 0.109906372498197 6
0.123800100742677 0.9413959535724 0.00432641346319307 3
0.29650958404309 0.683540245051142 0.00901106226887591 6
0.665705970011968 0.894200227841596 0.451495762481933 2
0.659659278082353 0.902121138648914 0.40494303361274 2
0.0689073825674158 0.853068362423989 0.028334010897366 3
0.842970991341537 0.295696480985331 0.0666718778887398 1
0.689176673292529 0.991872240967415 0.515730060298669 2
0.510855268775009 0.106635154095393 0.332314821567467 4
0.215629777248512 0.794393873728137 0.0766897444923496 6
0.535868462786086 0.104055315383037 0.250877133707138 4
0.100313711265372 0.923786268806407 0.0359083792056977 3
0.629473406638051 0.988641443869229 0.39007973327237 2
0.638670648030125 0.0813343489190577 0.215617713397322 4
0.235690608119134 0.713743138384739 0.0671924906851058 6
0.741940082685096 0.1700724804757 0.0895787507570831 1
0.276111011339329 0.755209711430481 0.0812709176656431 6
0.104649705702314 0.957409653061799 0.0350621949812251 3
0.230400485388201 0.708980166458504 0.0414286442382785 6
0.103994513727372 0.926515474698642 0.0911727902972051 3
0.86718403996121 1.01811275536958 0.418138432324262 2
0.231639712943882 0.732787908736692 0.10537746902035 6
0.891064173481411 0.335755933275089 0.661921518273624 5
0.461690481806235 0.983892474582065 0.348933939155309 2
0.522271702254489 0.108000881657268 0.247915208370044 4
0.112112575907635 0.923737690582729 0.101077516750925 3
0.229558725807379 0.722900173005422 0.0672152753800455 6
0.58012127471303 0.00184811548064798 0.34962364208671 4
0.554284797024312 0.876511422183231 0.396667184898578 2
0.0784635580950702 0.96030375365668 0.100209107378395 3
0.876287418316327 0.299068089077096 0.56789387156013 5
0.11690997221459 0.913696432659319 0.157089215131214 3
0.241960105593283 0.748435698729535 0.0373828213675473 6
0.145336470823169 0.879343289459971 0.12276824226026 3
0.489709158186852 0.961859599974171 0.350500299378069 2
0.258621790525612 0.709003499465558 0.111218596513326 6
0.874693379608235 0.223205066581501 0.700207179721916 5
0.684537733177663 0.957362855327654 0.27746069283536 2
0.614984661090298 1.00442714345274 0.553715385323255 2
0.546856190029739 0.976292815780781 0.419198850293059 2
0.246525711852367 0.725882430594125 0.08875719985426 6
0.606698086303526 0.0360623508598365 0.236938929229471 4
0.630080365010274 0.133294064653095 0.297985545527391 4
0.585373824040991 0.817587668142121 0.444135693170341 2
0.550236522351882 0.946256702783608 0.545734350616177 2
0.628510498199483 0.899588763794686 0.344043550757104 2
0.592082327859091 0.167777335015219 0.262169400373707 4
0.160048855005095 0.734244183771729 0.00924747501121068 6
0.168155537122838 0.922142138654783 0.0620414988811878 3
0.590342955200237 0.842907612410012 0.417149481353082 2
0.776947850357191 0.303111858711066 0.0508083898932028 1
0.078740637252566 0.885310181031559 0.00168037380534292 3
0.220273086428207 0.683521168004267 0.00104115776113142 6
0.728853880783539 0.949042699679403 0.358517305478505 2
0.128073955585741 0.830658486080883 0.147621346580989 3
0.0670911511117435 0.89819524357223 0.0799942586737447 3
0.256482416855939 0.727832075291441 0.0690035169456329 6
0.249015946992786 0.728705892703114 0.0563383918974693 6
0.618753588965584 0.965943765947549 0.353409255900146 2
0.0273514006830568 0.935501002212302 0.0950677820244834 3
0.59663984158494 1.09553744441479 0.491516166501643 2
0.629839783727133 0.865211513715191 0.306894612958596 2
0.515066157766458 0.86909359349089 0.483660941161834 2
0.89988837574568 0.194987407369102 0.540207346804883 5
0.248109415828961 0.679522311480937 0.0590767104995509 6
0.937836413589292 0.221307377712397 0.600800845967103 5
0.787497832308544 0.291633253574186 0.560467713506203 5
0.263784657108437 0.786191228276961 0.0423058611509492 6
0.0574629347855218 0.985199195902387 0.071570095587932 3
0.834216887214128 0.824692392294271 0.439215037292843 2
0.331409147237223 0.765524002984445 0.0460255990133507 6
0.0442735142138949 0.944686690912097 0.0469000474299007 3
0.654876183602395 0.831171049683038 0.363328085694747 2
0.187505971975239 0.753368411966437 0.107587816078733 6
0.130953639053531 0.871843825822148 0.0712298152679256 3
0.259673178694101 0.780969334706582 0.100299069411705 6
0.549249268135929 0.0582249875483164 0.226251497660305 4
0.638620687195212 0.948601607407257 0.492220388537211 2
0.228992563976782 0.741427463872107 0.0995517684863323 6
0.124978095007793 0.954085814581988 0.0780892092357923 3
0.50877124384262 0.0904396238983116 0.254877994204734 4
0.0590681156369862 0.947539440765966 0.147872997662899 3
0.260648835050875 0.792653923177374 0.0894297849128354 6
0.641987599115766 0.908694563406498 0.488968182541466 2
0.635138420645614 0.828688192383081 0.469168742117626 2
0.525745064895087 1.01691095157337 0.435079924572007 2
0.759317444534124 0.909679552657526 0.396126206981484 2
0.265361397006093 0.776931342983532 0.0490805838919647 6
0.299026450832038 0.705659668902678 0.0920364247242232 6
0.59049579035527 0.952361108351007 0.429559449220389 2
0.825005247171912 0.396669184128238 0.407719617149491 5
0.241931775213422 0.710018978752797 0.0871668812019498 6
0.303850705309751 0.722749687042824 0.110042256734887 6
0.572019134542398 0.0598478421353515 0.216740507481571 4
0.0592050464209092 0.946506327774149 0.111036353722531 3
0.106462676800408 0.898785388249558 0.0309116915107669 3
0.761760219333244 0.291562545637721 0.179979166765657 1
0.622834210988309 -0.00757760608825898 0.253906750199745 4
0.259849961018311 0.742833359192678 0.106280808278274 6
0.593668819839736 0.120610797257233 0.293469816915807 4
0.604419016088963 0.0730297379519192 0.31928847251941 4
0.622233637406481 0.953313280993894 0.62145544131488 2
0.616765222153741 0.0129465801508447 0.346336369171833 4
0.59509183047616 0.0745942190335749 0.247177832877576 4
0.52866789374811 0.156602819867603 0.257389512465924 4
0.57770082928346 -0.0269091390775691 0.227937091750903 4
0.0869295559092898 0.946079492914681 0.0450223783320309 3
0.136817398175002 0.683956303224678 0.0776979984216051 6
0.12547868282053 0.913729201377154 0.0592489555281697 3
0.63206449110537 0.912406373838462 0.524176529599841 2
0.809298577441669 0.275636496583998 0.122051455204146 1
0.14000006137866 0.800252765227925 0.112013573523094 6
0.580382279589101 0.999399728936772 0.346315531456463 2
0.0517897803188117 0.885249763355006 0.0463607263976028 3
0.599675458203326 0.0952377687229868 0.190895747285022 4
0.886525635929021 0.228820115516799 0.541775637702577 5
0.287637554846448 0.778078496843924 0.069709308846737 6
0.554636637084839 0.895639073328813 0.473705342211275 2
0.544286253328119 0.0984147344913172 0.233989226671764 4
0.566779460443431 0.0199143158644191 0.219426320453288 4
0.0943749337223859 0.963095747515482 0.0960696194461915 3
0.0936421886897889 0.96874204010636 0.104238819513275 3
0.555583981600038 0.0729886710319895 0.200589093341027 4
0.093858613431717 0.934357977584741 0.0115005415422561 3
0.851094195232577 0.212532974121593 0.556225915422338 5
0.0681694389178453 0.961512063561462 0.0934040496319331 3
0.765705039329699 0.313744626738604 0.124978386889065 1
0.782435075564788 0.255302536199234 0.116905723590156 1
0.187598166911633 0.862243219309182 0.0242273786252105 6
