0.515125996967063 0.889757672677901 0.67810078795595 1
0.157576026527256 0.663282023213984 0.579437469091615 3
0.325026787531533 0.164040298197818 0.714268064851141 5
0.247717456249171 0.712025893318376 0.395597451866581 6
0.612061959668853 0.898828708488137 0.643919449107083 1
0.532438418166713 0.135319831047473 0.698766691771311 4
0.718985119723542 0.821883475970753 0.680792459891977 1
0.612941788280439 0.0767808050002601 0.828594027770982 4
0.432318229177208 0.991747148272298 0.755747973187859 1
0.613635057249972 0.101460262949032 0.75601017762907 4
0.528502078380537 0.0724265378764189 0.802215782084424 4
0.594809306884716 0.0383805334041513 0.825159567964043 4
0.688227924170344 0.22856770721226 0.928255960487789 2
0.691342915284194 0.313749975970693 0.873074955634188 2
0.636190476594862 0.923711882185341 0.84641418905396 1
0.457781355566938 0.280006014864349 0.80715799948263 5
0.57534446987721 0.106869463912264 0.761278174954219 4
0.731992623252602 0.27793420721084 0.890524919533171 2
0.595693836567259 0.10412720182769 0.817585454384093 4
0.592147446124166 0.109637745696722 0.844863863650165 4
0.733750574871755 0.788471663609567 0.702037868531569 1
0.571519405222869 0.0784838213012896 0.72618933549082 4
0.0925660533644505 0.65754838568071 0.639524623485626 3
0.439850295448401 0.355461435985174 0.797655486325872 5
0.479209169912649 0.293893002489427 0.807703801212073 5
0.458221967567256 0.266493474931107 0.784730590800364 5
0.566171522837051 0.109450783195192 0.7632443230383 4
0.721312215908584 0.778790835027043 0.774031580886467 1
0.350763314619234 0.65101896073007 0.353951637247092 6
0.430916237253779 0.311460618076137 0.677798038269902 5
0.704039340634191 0.119003115279673 0.723215231579016 4
0.522397026682488 0.133904585639779 0.792940036964781 4
0.105937185728167 0.52619922242393 0.569018529936714 3
0.235118017431681 0.765094438468197 0.30822165678062 6
0.476583999152623 1.17582589981251 0.709889322009339 1
0.722015680206217 0.763963683263944 0.753723434976696 1
0.59103196020639 0.107044607892765 0.829676317047484 4
0.196435004857156 0.78965152899745 0.470686789661418 6
0.113762352389563 0.543812971322487 0.622535563529106 3
0.63249825237508 0.0586404523365426 0.767647563662146 4
0.658167979793512 0.761021607485775 0.838077911296576 1
0.345230608007158 0.221371926676935 0.8325645069162 5
0.263144479576729 0.697964500136238 0.396359834419987 6
0.0290391136961149 0.627869158449431 0.586187578635946 3
0.380134771324215 0.276510941787323 0.73751577098781 5
0.0974743281833618 0.61235298251629 0.550366929821068 3
0.597786615105654 0.113942259285097 0.637873725271548 4
0.55155912504219 0.0597856968994422 0.705675119933026 4
0.549767662528293 0.0949031398137419 0.76040249109263 4
0.137882254765553 0.52848001538827 0.722904611108141 3
0.318287928961564 0.750528010752124 0.527327909262967 6
0.291975114524234 0.802716060017783 0.407500582459356 6
0.607424516340269 0.729447960012076 0.777466392331261 1
0.544004451813019 0.966839062624618 0.834700194963955 1
0.361400683846267 0.308694927307514 0.765177755278296 5
0.541224826395646 0.00567031406373299 0.749357118813995 4
0.538355610859103 0.0273426122930072 0.786533695461387 4
0.23380241950064 0.766035802832767 0.486228170355371 6
0.546550142336653 0.0126281134814628 0.778151888825459 4
0.548064785016668 0.973493107033242 0.802185898129996 1
0.25656340575494 0.800737009273989 0.39386817886501 6
0.636783011031327 0.0163717625675902 0.669173973787533 4
0.472681656661387 0.179995112313345 0.822678114914587 5
0.461514556619476 0.92860280247244 0.546514114222336 1
0.71456586447981 0.233093446575856 0.838807767271424 2
0.452748834988997 0.311187760737934 0.795377357409827 5
0.448229345305572 0.866345543411347 0.814958870268295 1
0.536868940168723 0.0671078390374118 0.796962625098773 4
0.647664751928805 0.128324959926549 0.748988770558451 4
0.690805837258413 0.865462661359417 0.716539322529641 1
0.460551710114198 0.217476451511652 0.726002305652495 5
0.514029929917749 0.902377346372109 0.525429492213974 1
0.676984600577647 0.270028316037903 0.860384919563338 2
0.580716067061298 0.988799127516791 0.685516922592045 1
0.575642646142909 0.0905565702038966 0.85865988637497 4
0.526658200932809 0.112105813661757 0.757923105849413 4
0.482029885572506 0.754033275122894 0.797594834753822 1
0.290100440954932 0.741544232200458 0.446857606836558 6
0.564955762875393 0.963815577726415 0.804611241450998 1
0.551670918696346 0.0146710590085816 0.714467964862762 4
0.169065432208014 0.857571900437183 0.36306368543251 6
0.0958277562257744 0.628886431894031 0.670828780405484 3
0.730211669058086 0.95977151563632 0.640133971300463 1
0.802702117673746 0.289332989472142 0.899029943377287 2
0.396325253352354 0.214818673241404 0.706830102004234 5
0.783773858298451 0.814756785763134 0.722364205763167 1
0.368912291316614 0.220276066437631 0.729609717547897 5
0.785960340971617 0.281462407639394 0.890043518685563 2
0.154211024077465 0.545381471999087 0.47625962274079 3
0.750243934638263 0.284870697762613 0.895245399691686 2
0.544125898051544 0.0621553389067739 0.770332137739608 4
0.464534712505496 0.0692421183876004 0.689217666103646 4
0.63185811145522 0.120713941474787 0.674773899529971 4
0.289190245149954 0.363796844047332 0.724399761247509 5
0.551029760690281 0.9308873565793 0.880772835921911 1
0.480406791284048 0.907402411738861 0.748630327658788 1
0.480588303128389 0.926349684308316 0.609101064757783 1
0.605917004593617 0.969125496103153 0.865800121240319 1
0.0927006804199114 0.628023858499196 0.52328267585247 3
0.089555386820516 0.518644578883047 0.548678618142481 3
0.365603473693194 0.170904177690966 0.701800409056331 5
0.489023306088509 0.179904664580561 0.71069407686286 4
0.484288221005313 0.127920917079748 0.713605163232339 4
0.702084193587776 0.0263150414736686 0.790517658431735 4
0.278339388922396 0.754864361735366 0.40701379842187 6
0.471671975457406 0.87400384063365 0.838421403444064 1
0.472660394910157 0.890359224944692 0.623998866948062 1
0.391587147591945 0.204971232874121 0.656067712850582 5
0.613558976727323 0.0419900349774252 0.760021354726866 4
0.126837685107964 0.601259198357432 0.611337118374734 3
0.332099087995259 0.71762619625352 0.361040619402002 6
0.761090946291713 0.426900973931035 0.816160052384879 2
0.615909765157907 0.953613582810942 0.703966169544209 1
0.697620090653538 0.290766718783873 0.947547044482996 2
0.442334105785932 0.271099476868308 0.787476127402951 5
0.583208706723675 0.770773178061612 0.674143570097145 1
0.611450813736028 0.866323219766095 0.903304297155506 1
0.227214560989224 0.762604507025424 0.444960054282544 6
0.548135622970019 0.879050285968324 0.979373807688693 1
0.750293639116018 0.221629318347133 0.973744327674652 2
0.558458405081082 0.0361724215498816 0.727044698833897 4
0.625598380149513 0.187682465493576 0.767207981036307 4
0.291102476185057 0.969196328248398 0.591600622503386 1
0.53521782830684 0.876749067151739 0.699732610828552 1
0.65536945646119 0.101391229277068 0.727089081916585 4
0.454812973577645 0.233413621023465 0.738348713320117 5
0.759210611147043 0.211784007454085 0.875423863884775 2
0.647505729256287 0.978482720392769 0.767351631790223 1
0.71647376194399 0.310186342845491 0.870213206665388 2
0.179239314559736 0.775218458851957 0.359580751361546 6
0.604201116127007 0.0755106687900288 0.724731009470938 4
0.645605585278615 1.17755027378027 0.744883634066784 1
0.45360847738069 0.931638182919247 0.606519488108131 1
0.306396421187398 0.790568188784414 0.418010243862368 6
0.83533342177491 0.260994952620405 0.987506580220154 2
0.0674896655016675 0.614731530259707 0.535283953913928 3
0.584898660345696 0.914501224647619 0.778141941936698 1
0.0638723695665194 0.622075984299756 0.589159165675329 3
0.743097855530836 0.272799203241048 0.902846966041615 2
0.397952055129696 0.80619708695496 0.765595224572152 1
0.46424924663479 0.256600189098933 0.797297349047116 5
0.568936337886368 0.150241550970038 0.842710915906242 4
0.686664838276743 0.891864426174465 0.696523550329247 1
0.625879347504892 0.182250375553101 0.79870557525279 4
0.770407984748076 0.28384238045635 0.997785758100635 2
0.345215592913444 0.238905986669197 0.745065917362085 5
0.415096101304054 0.297344328858959 0.847726988260273 5
0.656256239762415 0.0514704491676721 0.761835646520323 4
0.630529873386255 0.0731687584781023 0.776759775566667 4
0.574710525989174 1.04108259703144 0.745366693724039 1
0.314997042847054 0.303258013726261 0.851132984704773 5
0.263553452684622 0.772051261427809 0.489804754102508 6
0.607674183417108 0.0456240611983558 0.714478241548429 4
0.588120255865177 0.782174919446692 0.7940906584155 1
0.527356024789088 0.108033800419369 0.808512638621106 4
0.586024697839085 0.0717685633182827 0.762691648369615 4
0.408932706769946 0.901517804855894 0.572521319102735 1
0.683896148110185 1.0451392817607 0.690504231125097 1
0.471168690677598 0.233809925471222 0.801743921441516 5
0.331836191758419 0.786948644017038 0.306877733757256 6
0.557290754333105 0.957117618211801 0.695445839327516 1
0.205950886330113 0.795176172460435 0.487758150097332 6
0.0517613330317101 0.616455944250484 0.52549168416524 3
0.684137259516388 0.868660500441979 0.594782596575418 1
0.144702555533497 0.553634541569482 0.551973887834056 3
0.60076182210655 0.0829151459058657 0.736175336468547 4
0.511624267194699 0.0903032860323035 0.711304583592326 4
0.536748408728901 0.0197219463439564 0.732261999745975 4
0.0833807601016212 0.586199649217771 0.636205955137696 3
0.646187019900978 0.0541733057151686 0.811342599117241 4
0.424208238416315 0.243951300469562 0.696794212064074 5
0.751905193529942 0.316543210586127 1.00442607728044 2
0.571470736286358 0.0974796759882589 0.764580856090863 4
0.51112663772048 0.272553983534174 0.737109236403003 5
0.729155516390904 0.188779779865727 0.915783398146132 2
0.589284657300933 0.943643823776724 0.787609159169585 1
0.374438948874805 0.275759309508844 0.767016582548971 5
0.170222328537098 0.760145372712359 0.403656953741666 6
0.520882494838984 0.813738691023474 0.788922349001817 1
0.116748771677515 0.550065060287862 0.539045606617601 3
0.74314104340215 0.872007190395154 0.797155662777967 1
0.460890441913981 0.905510258843498 0.67909198054326 1
-0.00807918184273682 0.568908324975301 0.580745896382866 3
0.788723637980608 0.736492408622896 0.574662314318253 1
0.557901439623713 0.989997151391909 0.735611555076465 1
0.635254477924865 0.124747577767898 0.745508266163394 4
0.160859098339467 0.498143375728119 0.619071948929264 3
0.702897989349538 0.245329789083843 1.00977075492541 2
0.417912755450435 0.362074953117319 0.67453022427664 5
0.171258866224796 0.554037949522455 0.574625870507555 3
0.489606550432416 1.0306422724283 0.676975518255325 1
0.512816846044309 0.972015651326421 0.715032403547382 1
0.564851890276029 0.119850854474242 0.756258809212857 4
0.553648331777013 0.0469815646917818 0.804842047460323 4
0.774556543535932 0.203161292117742 0.88913530412803 2
0.522530348472433 0.170548308367254 0.73327135376024 5
0.555228046583125 -0.0105283159392409 0.862423751471277 4
0.450247240052536 0.258842600929953 0.698493325186845 5
0.667432681652789 0.116644465696725 0.7760122156304 4
0.696747159023782 0.892926551991731 0.722259985164681 1
0.752516400450493 0.848349957748783 0.836973047977186 1
0.769729645795694 0.804745979920067 0.624806791807292 1
0.550831437538724 0.933895859405825 0.792853917633349 1
0.361040846132306 0.767957398720582 0.453865421290303 6
0.501644784975019 0.895518311930354 0.808714448798287 1
0.596615075903632 0.931020214739898 0.748446014535973 1
0.209607584344339 0.677336397219288 0.401866554683053 6
0.593450220546176 0.057437508983715 0.759714437824331 4
0.763888864921436 0.189450395304308 1.02536438010768 2
0.60091924087936 0.952180042860473 0.868012336368546 1
0.488195987992977 0.233232396438366 0.693168469222696 5
0.154566276160404 0.633521974375449 0.543857951250838 3
0.657801309404217 0.801351355393581 0.888722407399667 1
0.385704455257853 0.146127746237497 0.794920210227317 5
0.63232678992323 0.10023419950502 0.758079610599916 4
0.57792880947506 0.112684355425854 0.74022177600796 4
0.585334675859049 0.0999205793233929 0.701624499730417 4
0.165214518374817 0.649842053475691 0.637689191749254 3
0.231794137682905 0.777636825255816 0.424586866998659 6
0.32891977704193 0.785001174960122 0.464541671125114 6
0.67159495088621 0.237543789556366 0.948386439492293 2
0.452633993228343 0.282235513382463 0.7727951814784 5
0.539085387929298 0.95841936581889 0.629779344006321 1
0.367295229426437 0.213996070369431 0.75516410150645 5
0.486017717411422 0.881995435278458 0.782640144339018 1
0.622726314661545 0.983038504647116 0.637501597025307 1
0.647501475069029 0.805702312183903 0.829285022359869 1
0.405004440953129 0.231298196145339 0.787398809560614 5
0.735542173179539 1.00208713334892 0.775074610750946 1
0.0123080861796777 0.621197898147005 0.497620721415977 3
0.531876250505326 0.0957529860678525 0.723076460123791 4
0.453856644861483 1.00174679049571 0.662901244410839 1
0.0516287489212499 0.628838097724575 0.597907520523817 3
0.693911662049041 0.196312178601625 0.930886145763267 2
0.00530110155334215 0.60736581882806 0.574484392261756 3
0.205906924615853 0.609051225779456 0.473417624959846 6
0.560406285344719 1.06893756547475 0.6468430762916 1
0.461895885200859 0.220013133669449 0.866506995632802 5
0.642579556043453 0.110276529743236 0.672955459215348 4
0.591023222731348 0.123823966932697 0.729419222437677 4
0.588456936527185 -0.0413702142232122 0.806902597089149 4
0.529008956116188 1.01287481486661 0.862782039731021 1
-0.0418281076031553 0.60337762175424 0.59728567565655 3
0.592353047910272 0.806266666458213 0.797188609099542 1
0.589537228276247 0.887764814246601 0.64153422915509 1
0.546477967796598 0.118063228415626 0.781231976061311 4
0.459886124563878 0.227488579354937 0.708918982337519 5
0.3314177060223 0.747509720958048 0.332302111735552 6
0.585851779278631 0.0947981751938708 0.74596111512115 4
0.703042520114813 1.07359501333155 0.640248065294096 1
0.614642859832389 0.071271073435553 0.752437925011049 4
0.620764462581635 0.0307717315027921 0.768596570263509 4
0.320763513079016 0.847422098461945 0.384191443114414 6
0.212407191264339 0.666008396121082 0.583944790097258 3
0.72980138185738 0.275220122776058 0.877185177633848 2
0.00604325391771639 0.493513474810653 0.633617532215202 3
0.499598684131032 0.800392893668346 0.725355162623039 1
0.363452756504304 0.23867220933806 0.697863421314264 5
0.400667063775669 1.04045710391023 0.699106615033602 1
0.588339834007533 0.190248554570971 0.728642915428749 4
0.63488327565623 0.989042336879547 0.626697527641826 1
0.0672643284003973 0.596449262181613 0.517111218025129 3
0.414824107498415 0.219372254317413 0.750890861231944 5
0.420530746154886 0.215547124226713 0.72479347005138 5
0.131734298599236 0.591121746371097 0.577949015471588 3
0.293323674661757 0.260319684305974 0.727064046551822 5
0.403113474331508 0.286506841556206 0.724634067032572 5
0.641235615118919 0.0763296940674732 0.705080615147926 4
0.589902435954423 0.660738779131877 0.852961582510393 1
0.596051254832431 0.0608405369363076 0.767990917028975 4
0.273807664658889 0.704940890110637 0.375047622952538 6
0.572410286686207 0.102930894423852 0.794539637539316 4
0.454886962298668 1.06180417223518 0.65396314956352 1
0.0854514996469018 0.695412811331119 0.589962019198402 3
0.56467725275555 0.894114574220263 0.86697415955103 1
0.615362483181846 0.0565157517749747 0.792000272008808 4
0.624835318204119 0.0649429228190403 0.851493234000574 4
0.879997964686329 0.820174382668174 0.685186280924368 1
0.591540640715232 0.0671259296892062 0.682258494154092 4
0.436618424388432 0.0459830929226218 0.798322186309628 4
