0.920185247699361 -0.181745277348512 0.0326670893249632 4
0.479085432621057 0.939326327937697 0.487096556324661 5
0.460658285563151 0.327437351944085 0.725247890634142 1
0.352421848750833 0.985916324319691 0.658064798077954 5
0.378490297531324 0.932058634822882 0.440205220525227 5
0.4744968298597 0.834553062544169 0.675806563091269 5
0.0617789345813048 0.495251741393279 -0.0978763866564904 2
0.366276373897223 0.886410889701912 0.78941328522341 5
0.333160553162136 1.00389449399004 0.466393807051525 5
0.528348574192042 0.320487437459634 0.755341678254672 1
-0.070716346372489 0.261007924614465 -0.0022828469498517 2
1.07025768796539 0.0607504698466448 -0.0344438848567829 4
-0.0137710715705835 0.293836745288685 0.00592813119078804 2
0.455540894520468 0.125091466691481 0.68640588649085 1
0.539328524722419 0.910797545022025 0.63190857467753 5
1.01596561587052 0.122520060141167 0.193164196476299 4
-0.0381910525279308 0.488993361128488 0.134486005269539 2
0.00865172693751888 0.152271999119197 0.784049125827982 6
-0.0243750904390562 0.222628415581243 0.849815672173626 6
0.533180332415315 0.71822885190336 0.188536966246878 3
1.11437836530556 -0.0606584189140267 0.344080804779115 4
0.0818440796591539 0.0526416143640594 0.790371432505264 6
0.359455872896169 0.774000444133919 0.286556330951144 3
1.07772571461172 -0.0456944515593096 -0.0237285091813015 4
0.480733995504958 0.735032416024458 0.655380488935975 5
0.547735548500043 0.711238120128814 0.244209923997813 3
0.251333346415815 0.305632357423181 0.664530889224583 1
0.448281669705932 0.984779973823297 0.562849793470219 5
0.42314329428995 0.763962328023887 0.271942158511529 3
0.408379620328594 0.116244648804774 0.8173501731274 1
0.0947760029926705 0.0821213991228438 0.795310960612536 6
0.380952099372611 0.910566537816393 0.564486189343612 5
0.358750249952279 0.130060271704703 0.847078110455842 1
0.427931659325705 0.177821346686823 0.759410255055279 1
0.407487331287671 0.815177257494592 0.539197972480583 5
0.407808602148863 0.1588336296952 0.751574583175101 1
0.574737643658514 0.29891458561877 0.642726542751352 1
0.366997129403453 0.338535854440817 0.75491407602531 1
0.564244124050527 0.244644609368644 0.662083469908884 1
0.366266628719595 0.28339764967403 0.732912701784221 1
0.588557667382679 0.727941385638769 0.428498680761326 3
0.484979193273844 0.918026149136839 0.5788104803792 5
0.323679812636367 0.902692488827342 0.668510239122706 5
0.415656175343618 0.200908031759688 0.743659338827961 1
0.420637599243739 0.138134746411477 0.852861749703165 1
0.263599827033062 0.6933518648173 0.262381098453014 3
0.450717254046887 0.748075297412589 0.245194182119106 3
0.381567057718585 0.847370391634703 0.138569674238756 3
0.395268306950982 0.340954622678879 0.672180014777638 1
0.448611086988164 0.30676622503099 0.838156811022197 1
0.562588665520752 0.909270610568868 0.149109929981313 3
0.445595193974215 0.923944969431655 0.531884542340754 5
0.00790216771085703 -0.0327301489815755 0.833385515637776 6
0.459220506354021 0.849674520459435 0.599459108756352 5
0.39962548780578 0.985722184821138 0.570947430240299 5
0.467118096708654 0.868949601408711 0.600053739146947 5
0.418201628614684 0.910808870934773 0.548127117542428 5
0.837732173884986 0.0102371851923173 0.0109632408767846 4
0.940683753025856 -0.074176619039619 0.107800167841812 4
0.45037281858926 0.795972423563999 0.38036030316683 3
0.44458193235334 0.107693592312818 0.727373750562915 1
0.181116983731644 0.545794893081035 -0.0518118513954774 2
0.00571793287432469 -0.0289649832139113 0.735735446868407 6
0.127845226168645 0.4296173978204 0.138041737352272 2
0.358055066108021 0.988292625264042 0.641004330599599 5
0.403062157150297 0.714601557872778 0.190365752794665 3
0.0307139930611436 -0.0131197703044077 0.694128188697667 6
-0.00503632490394273 0.0234580055749951 0.720609075328308 6
0.372724115236091 0.76008072325313 0.728334582765334 5
0.564351569807161 0.161531229407072 0.824979761682451 1
1.03634660788413 -0.00380771663723151 0.0386043074054562 4
0.540192227507945 0.774185051631576 0.398395299062454 3
0.444881623169267 0.911149891309482 0.444357215141777 5
0.313762181449158 0.952039956937536 0.655280715135975 5
0.414049274418817 0.319266225936108 0.803444792416431 1
0.992721668615391 0.300267379619829 0.27962561999961 4
0.291764435456757 0.230364611621107 1.00527395215874 6
0.60747343102439 0.341390807135447 0.78675374300677 1
0.529701827834629 1.03499034082591 0.544782606028824 5
0.991127565253592 0.182637222749481 0.174994214350843 4
0.764439422792599 0.240137976204827 0.0132077236232197 4
0.0489631754745728 0.365860480935189 -0.0339886378295856 2
0.871696301846718 -0.0104484158824029 0.181992989944677 4
0.188051593371488 0.458802104359226 0.245512147023868 2
0.829498465325792 0.426889504128129 0.172534527158463 4
0.74741438319797 -0.252349279072046 0.2770410978805 4
0.534290823017327 0.806253996379836 0.517400090439588 5
0.396219002486552 0.30320845062266 0.794649386653539 1
0.892526449684455 0.157663207848403 0.202343537133774 4
0.371014933575246 0.915978824186526 0.661950421532067 5
0.544682253404304 0.904939946284661 0.607788061138074 5
0.929775523450763 -0.0910529985155759 0.138912664534025 4
1.0428416027466 0.166480841895312 0.41705020288716 4
0.908575661024421 -0.112132778352339 0.322869050756681 4
0.413670076412182 0.681225337532792 0.399915764628337 3
0.331160921780963 0.19474753154761 0.69739711154787 1
0.299278112103125 0.757795972181517 0.622755894869893 5
0.508458398930239 0.911845672130991 0.636018119352329 5
0.0249026223615988 0.576952724272485 -0.039056453931467 2
0.36655467601621 0.286390647687896 0.910768292823106 1
0.798913348213585 0.177356217831067 0.427491720251951 4
0.0949485802797565 0.0104944619233406 0.675948098566848 6
0.438487795398889 0.887492916114847 0.66079043744295 5
0.358742755988556 1.01864537716902 0.595979214760982 5
0.534310159491141 0.255776941961389 0.993405109321368 1
0.389454227994743 0.287991949699501 0.784070494807732 1
0.436595468664668 1.02863143845197 0.592134953501279 5
0.196374113084244 0.352789013221912 -0.0758609308983085 2
-0.0357942175671968 0.526303638262987 0.0885722147468366 2
0.301080466721699 0.985132509843683 0.608500404175647 5
0.553541709196587 1.00445445762712 0.597233834952156 5
0.529277775761388 0.310783878893687 0.796667785141599 1
0.651114404892188 0.129698520262712 0.141422906311894 4
0.253737467004927 0.661599622819397 0.429429447176426 3
0.326877368399566 0.931402590103515 0.524477643687017 5
1.07925010838391 0.0398740299348724 0.266866852348258 4
0.437519999487835 0.981527413784264 0.511853550120323 5
-0.0432640116599482 0.437369982560815 0.154357098341648 2
0.36370642910663 0.912179207582786 0.391312103217322 3
0.401596939478829 0.979733877884608 0.752363607815014 5
1.03641674260779 -0.00731239036641995 0.146494921663929 4
0.463386543754241 0.92827633831251 0.650689390071585 5
-0.135287344443094 0.388040731851899 -0.065347105324706 2
0.466879367318879 0.142956076237786 0.839969536077852 1
0.170119381320219 0.219552185943654 0.0723513565513695 2
0.473427237262248 0.988189476847646 0.554972171251079 5
0.120114702664269 -0.0316812628569623 0.83645015983928 6
1.54598108448312e-06 0.0260283280975514 0.728220416926653 6
0.318458288227608 0.600287068502865 0.195332475783728 3
0.414981441164876 0.865541492398905 0.238464332328465 3
-0.0448813251513717 0.060210396044205 0.88029097889598 6
-0.00964954012841825 0.404077214407712 0.212038303451547 2
0.395911456195203 0.788965971173848 0.220573008428075 3
0.910637248507729 0.0205044940772772 0.212790207792715 4
0.795019988221914 -0.0784157498082553 -0.0694994642812558 4
0.521102988746368 0.87589190642041 0.702748676011691 5
0.420865421340354 0.163710558933328 0.772834393350039 1
0.374333706238539 0.798252527467074 0.603975049342015 5
0.495668974902029 0.325392386728083 0.894498482573385 1
0.957764070547357 0.05252715913121 0.655280161894078 4
0.373593175642737 0.730519546908314 0.36003973746231 3
0.322343664080275 0.116733077683468 0.786526069934532 1
0.425566083338369 0.832096501036651 0.314355371125119 3
0.652393968594801 0.260227274911588 0.8177748295137 1
0.471106888839246 0.214539643955439 0.671423507392611 1
0.506152242960557 0.912617367845317 0.535333501319245 5
1.11666181118993 -0.306761333012615 0.142318500727965 4
-0.0140865696059756 0.395490701562822 -0.0748750921134344 2
0.345118371873389 0.270961086606471 0.910150097497203 1
0.855129615356661 0.398619768602501 -0.00792904037890935 4
0.174035538365084 0.453094556278203 0.0611315630056189 2
0.402224264237588 0.935886093815377 0.60532810809186 5
0.404865914683189 0.636933640598743 0.116985920935598 3
-0.0708169968231319 0.100284037219933 0.771732217574039 6
0.443937826450825 0.994896695352999 0.521157921969026 5
0.000922518249473411 0.428068108154937 0.0564000252671462 2
0.0898563471094102 0.350131042001593 0.093125062010911 2
0.429028833141216 0.835828303815103 0.536783705323781 5
0.429910061718016 0.891560316078335 0.536313890974863 5
1.15290141275653 -0.0235411925493262 0.183092984330307 4
0.45656910137462 0.355082040047784 0.774981220222519 1
0.486848779916822 0.33665595663819 0.759603647598252 1
0.314658061323038 0.904738503047376 0.65070035735979 5
0.179950276478237 0.267810325355539 0.0437324883229739 2
0.515708384993427 0.208659359811186 0.803365318840818 1
0.81281718213852 0.134922944755579 0.558636341971539 4
0.395780668752131 0.823301399007395 0.561242567019705 5
0.607356976234907 0.966770145837479 0.518760034868404 5
0.359775957288346 0.855194138996173 0.563841249165603 5
1.26049103517321 -0.121834200319199 0.345257124067106 4
0.996855679659416 0.0398201210702419 0.189456022512244 4
0.311455577960476 0.241108070355193 0.769274957844133 1
0.417110838036527 0.86146993764654 0.646062716235741 5
0.943491696074131 0.135713257159013 0.354398978713354 4
0.870624825125131 0.15336574561007 0.189066112086235 4
0.0120406685845416 0.00793414440345044 0.713525152825196 6
0.0877421398550609 0.588662657080909 0.147311267359228 2
0.502235505379197 0.920721464603466 0.554846831328891 5
-0.0256134706968055 0.529300208864431 0.153521709299957 2
0.338291552863931 0.98604188914661 0.589044863981954 5
0.00660886277790967 0.136526905290023 0.774977966521362 6
0.361350654270306 0.1902361025396 0.78855469880754 1
-0.0782527326651343 0.44175638116039 0.209067357293313 2
0.452724266424244 0.187140552615043 0.722138556081961 1
0.549140581119458 0.947761744465428 0.532971721951029 5
1.12525120202858 0.0302735659140546 0.389852361494925 4
1.01105828014395 0.25713329694127 0.586109611466813 4
0.899850259258895 0.00432846366174509 0.277285830236704 4
0.386904269764437 0.738340775977946 0.28710213639043 3
0.0404624975403154 0.325247226356615 0.0301678178027831 2
0.130984369842051 0.0288237942921528 0.88425543957695 6
0.94925455630668 -0.156894311489974 0.502404200093889 4
