0.660897428152574 0.014045191423844 0.901234155140776 3
0.0483226463135173 0.803800437598826 0.446323511862486 2
0.205945106846739 0.842424057408762 0.805774878222865 6
0.093175522206829 0.85068089134197 0.875356001547802 6
0.535816122446327 0.0204592382297826 0.969806083529769 3
0.162862076924894 0.661660171494608 0.436678546769189 2
0.622940347640775 0.178172757284541 0.981368441492152 3
0.0351890398779278 1.00012621544578 0.690400184357661 6
0.115333927481762 0.833742192914449 0.695042203027608 6
0.428200769645623 0.0953333194208741 0.902667870067592 3
-0.0299792068041909 0.993674300954841 0.74544089434772 6
0.129219719517041 0.87270068599033 0.758006075967006 6
0.0668716074544563 0.756613844002594 0.491265218258413 2
0.088032667404309 1.08587750741465 0.817693193342807 6
-0.0133319036949947 0.914841105650841 0.730357749932947 6
0.0940526504334183 0.77628881017302 0.408727898605489 2
0.0916163959947577 0.747812441888564 0.452099386984759 2
0.667425275601752 0.241868031063605 0.686565141522953 4
0.118336119960956 0.765037689275835 0.448417026157584 2
0.0802294993907697 0.934831588421353 0.82235124618898 6
0.0199263710553551 0.86552646949747 0.782936824709926 6
0.0912274903790174 0.556384503811206 0.469408029619483 5
0.527929527498659 0.0128429091752559 0.871013300760963 3
0.480037747957498 -0.00962385554530593 0.939594267825822 3
0.656637743457191 0.0230078403645471 0.881661044297367 3
0.108175400653558 0.600142463460507 0.40824895048194 5
0.510470353346017 0.0455725048838832 0.942259064649556 3
0.125905130691381 0.935777482239195 0.00582263587896246 1
0.198005049861491 0.982542819480517 0.693038814504643 6
0.0964905327265055 0.576786342137144 0.417463875343608 5
0.0513963245939123 0.772654420610657 0.763809827200466 6
0.713301873092721 0.649337754885858 0.813642718865028 4
0.528177000236548 0.131656028305071 0.837751633090213 3
0.536781455976554 0.0988440382460641 0.912979161962014 3
0.107199728350023 0.945762191114745 0.878801983622548 6
0.0838689265347688 0.616645942323562 0.405612598144884 5
0.732277587005583 0.0134501775542714 1.10362080081627 3
0.0710633120561173 0.720592284350594 0.406801787031847 2
0.436740979461775 0.251303342536137 0.995520048536145 3
0.386987990755526 0.125594276085375 0.904426399561923 3
0.565273173898902 0.104784446105485 1.01052018234698 3
0.0775934372031825 1.07610207128328 0.0810997822660842 1
0.0165633048575778 0.599157964021817 0.427322127578634 5
0.16927808302466 0.899408633168675 0.684563980027227 6
0.0630074543655816 0.710600799762829 0.430334180715618 2
0.124586387933809 0.727880083332688 0.38984066370532 2
0.127607350972252 0.831548159210403 0.0376180461595148 1
0.0640803836233357 0.719070462985931 0.389421416521428 2
0.718458817515831 0.064015674019111 0.920250547177718 3
0.0887497809476471 0.74959614554077 0.386122367489022 2
0.102622759779653 0.57851027030555 0.420998154294607 5
0.0845509080649491 0.57730312543727 0.434892706579874 5
0.501254436138453 -0.0799494277621999 0.892444577283164 3
0.454975656934694 -0.0339128005333764 0.958044432002617 3
0.642317202292653 0.272651389180162 0.983269593384458 3
0.0854880042908111 0.792330884284298 0.35758837778905 2
0.414264241658784 0.0783039175478194 0.788092591166769 3
0.141263791394153 0.78828308766236 0.385439417006651 2
0.629674486523679 0.0218385545994639 0.701433992768702 3
0.123019588393097 0.604446065801359 0.443995246733406 5
0.121152251226646 0.882320641358848 0.892869744004482 6
0.0360398269526372 1.00115707436506 0.6802508122192 6
0.129271990173978 0.931791120685271 0.634963218922722 6
-0.0368409454663676 0.958779495435837 0.758153396356686 6
0.123744779008572 1.02777981555501 0.25392735778989 1
0.0740858756890957 0.902858416245343 0.819868513283265 6
0.434074528465655 0.079150175576561 0.927368496911287 3
0.0265962352133761 0.852645645690096 0.819606754139694 6
0.0668427514483527 0.704670776331006 0.389255580652634 2
0.0273022722918364 0.771482156521241 0.437706621256489 2
0.159308020994001 0.955749815324319 0.643204637514176 6
0.677853364323071 0.218659771177389 1.02348771064269 3
0.0768929708744784 0.606061752609111 0.456709785781825 5
0.0663579757711127 0.972145384245891 0.713347941377592 6
0.133749161045486 0.563657334297228 0.441797085548931 5
0.714083417730029 0.12364358992431 0.94907670480059 3
0.178680245627084 0.805274903812875 0.846310357397252 6
0.165078196826642 0.884571863661732 0.790532725312171 6
0.879158447568787 0.410140536638406 0.803649177460506 4
0.548123000878702 -0.00704926106124459 0.895207211417567 3
0.127856019328829 0.831527007554531 0.718173873560483 6
-0.0171610901850297 0.802446438798999 0.410952249797712 2
0.101568275839412 0.730641841423745 0.327185281019404 2
0.700529947089864 0.87739896558064 0.594653803921244 4
0.126183867488021 0.727832473611295 0.445852494324544 2
0.0432356063207281 0.838249470366426 0.368954255860461 2
0.0485806239325485 0.96304256869259 0.647517483890143 6
0.47365735125999 0.141407725696357 0.832321415834502 3
0.110702952454335 0.567091824669453 0.392628049760264 5
0.0759474814002447 0.577000154230141 0.457779525955578 5
0.0555052643649518 0.612135475862663 0.384731627405474 5
0.141076362779473 1.109160458943 0.679402224204328 6
0.11400879654162 0.599362413516467 0.44238068243519 5
-0.0751668995798737 0.930925453511371 0.734274478024266 6
0.0825910836528447 0.584629583121404 0.39665944909345 5
0.0948691584385892 0.554823337222513 0.42827503594727 5
0.0372237107651823 0.956272131477384 0.671457347932731 6
0.575047447971809 0.0625597274265928 0.878705877517316 3
0.09869693719122 0.732277845705563 0.396810796140059 2
0.649708082392009 -0.0136646894126963 0.957011834858421 3
0.0624880463399144 0.781213262586076 0.437491264314421 2
0.678416158629644 0.0285290388180414 0.798413947112849 3
0.519091406889874 0.103260137334241 0.860508902271512 3
0.116540013754417 0.8859556407118 0.705313526700379 6
0.692531577728788 0.191026185541448 0.819560874558247 3
0.108136398174428 0.960853607570353 0.144598017763397 1
0.0590959726163171 0.781608260099116 0.390237365077046 2
0.692863577895452 0.0962678928355441 0.917463168493926 3
0.107771341379287 0.708786129423948 0.431873580743348 2
0.104648594830518 0.535466296438671 0.439301218755852 5
0.0654693452048359 0.810253453036679 0.435025591834393 2
0.0985603098505178 0.54629405946438 0.449072194008473 5
0.0897718377466085 0.754854653394078 0.412022980653725 2
-0.00314646892853609 0.768049698849306 0.335794640748475 2
0.0848262489817526 0.754639037029854 0.43936298719268 2
0.68443453047734 0.0187199127207077 1.07617469584747 3
0.558714719972914 0.0198223966536073 1.01842898786768 3
0.209470153636682 0.930467415079089 0.660836753969007 6
0.692570791817824 0.0398874609303109 0.901153343512904 3
0.106886810146766 0.572807302496571 0.423219844132316 5
0.0978671139109381 0.722520230892738 0.482371398204371 2
0.154150121965051 0.610614763236688 0.402178911544567 5
0.740442807026484 0.225997541452698 0.788302365023731 3
0.635828780043803 0.0106345192690544 0.812155664470821 3
0.93020236658793 0.662898938355791 0.608568124657796 4
0.720197996167752 0.0890980661872962 0.964706925711392 3
0.0759626862060745 0.734905239785444 0.449391101753621 2
0.114819268642122 0.786323863556463 0.794200940022172 6
0.144226097539843 0.906025833020202 0.782274242996912 6
0.197421951000657 0.875624789110741 0.683311707581741 6
0.561583940439407 0.189253738538464 0.821952282929556 3
0.0868191816565353 0.899709359327091 0.716710366267357 6
0.209451694686193 0.858143052852016 0.741016988801757 6
0.0988270557950129 0.949752218040999 0.687442277227914 6
0.708036107985596 0.50427562541062 0.755002580098961 4
0.0680816935658523 0.876416882977549 0.697547983488545 6
0.0665016297252486 0.750770124776234 0.433146463250968 2
0.0922398449302485 0.569158382360503 0.422526660420813 5
-0.0395210950556579 0.826066716157197 0.570143992682074 6
0.00986432273770266 0.847624792380353 0.770106930164573 6
0.0921576905453505 0.625774366334033 0.408293532181026 5
0.158227343359796 1.00871743246286 0.0893818706547941 1
0.0798129097007964 0.566029950355772 0.370221428427886 5
0.06358718272185 0.760820754855397 0.420325804948908 2
0.104128949761844 0.882844352105076 0.142204864433733 1
0.035745897455195 0.565099760965566 0.43797628422304 5
0.0748212387196037 0.957846491513866 0.78886430815459 6
0.146947383194245 0.742879106184799 0.407429334679289 2
0.0711771413302539 0.53968928822933 0.416189187198502 5
0.0936734388067557 0.751323323715306 0.407797846120171 2
0.0624203109800046 0.913973457324241 0.804278783339529 6
-0.050698265078049 0.935364379403042 0.789446375262706 6
0.663133953267113 0.0265209382814252 0.977900865919299 3
0.0270195123466603 0.571527529477645 0.386067535070727 5
0.138479111452412 0.743646103932092 0.426330803762386 2
0.0876407674738015 0.830009194012881 0.147689496729707 1
0.106962598499089 0.754937995322849 0.462053577064051 2
0.847273796402462 0.65392939146771 0.77592018715884 4
0.0537482908958948 0.960635584136261 0.784414551016172 6
0.0275850743861934 0.992783414054106 0.0836107562840349 1
0.0455613454015075 0.935856540920191 0.700212011064721 6
0.118231587243592 0.57207779983256 0.419133267928993 5
0.642507896884536 0.128956384105044 0.747571957890555 3
0.148208601874442 0.869721509914999 0.106853524840866 1
0.796268763583472 0.0539056077844429 0.7678025813425 3
0.489173190083173 -0.0399877712371465 0.738487145287232 3
0.573204849191713 0.226476221368252 0.691567747393464 3
0.136626204491066 0.957533132691128 0.582029966520763 6
0.123778996876461 0.931618011478847 0.691435405543976 6
0.107654490206553 1.00714961808771 0.0678070531452914 1
0.110263300670799 0.761881744406551 0.453690248637636 2
0.0799854267714875 0.57939746894604 0.425510358948071 5
0.126555861687522 0.741487631811564 0.449122598927605 2
0.0716168343152613 0.848115064123858 0.744134065757255 6
0.59854333540892 -0.136119686055823 1.07093816331551 3
0.0687802540304976 0.907028492082683 0.655303490930476 6
0.0676842137818336 0.835272986402352 0.734642063051486 6
0.640838278439265 -0.0677625317820617 0.909088819355914 3
0.0762541424202215 0.910592131550635 0.710109887471696 6
0.040330716355797 0.716058600275466 0.417713686343496 2
0.544903758113643 0.0722390612377427 1.05120600860262 3
0.11538189460137 0.651293704751239 0.408822809812943 5
0.648315519601474 0.0277235399386175 1.0530248267009 3
0.0366308218782394 0.935173149435317 0.706530547452661 6
0.058829806600445 0.618168558371611 0.395521096253137 5
0.724361658843988 -0.0196357461565616 0.729984675590391 3
0.0839422652040561 0.611195433473682 0.407215383462753 5
0.0959501536496215 0.585020125655739 0.439777568103237 5
0.658124217386184 -0.0929381777712556 0.975718545372166 3
0.0847264591371314 0.787635744389608 0.447682275553066 2
0.146472272910371 0.902247223987425 0.890726944864048 6
0.085284457387754 0.560610944934654 0.392037768666005 5
0.0499411366478822 0.710620670392023 0.743630722077678 6
0.657317109100119 0.0789050434063932 0.861788569623494 3
0.0776827633026581 0.54627717356374 0.38529049495732 5
0.0499579550286818 0.724122298015393 0.356741275148429 2
0.435850895434534 -0.0157061492838587 0.955804401809789 3
0.112009445637732 0.537752193023617 0.373452215324824 5
0.0694588031418413 0.755324374468232 0.386467178421006 2
0.085647279870271 0.763820869259918 0.44825543426723 2
0.102337759689307 0.861668558560527 0.663443801938552 6
0.141437584937341 0.934971862529597 0.0923913542723779 1
0.533657074434239 0.189159836332372 0.817911451377758 3
0.0268570725840321 0.895572052584576 0.6683067133131 6
0.11547040919265 0.99844944128463 0.021943234170379 1
0.0881837276240938 0.801766945827651 0.825977598231478 6
0.600986559098848 -0.0736501302792283 0.895356106431917 3
-0.0311976791307564 0.843882997521708 0.65795870078681 6
0.0882390879535405 0.637995111145113 0.403613029547409 5
0.0708870590782191 0.599746539938652 0.384433150541036 5
0.674484027064777 0.105058940426179 0.85283345116276 3
0.689989076067674 0.180264388838289 0.920235313228006 3
0.6599038782479 -0.0857211434212205 1.02628008196158 3
0.0910305610226587 0.786648439669536 0.362210836352805 2
0.726422168323542 0.223111726011097 0.727249653177111 3
0.79926772542997 0.0797610766185626 0.835171628448885 3
0.0609830715619211 0.737469578189179 0.375517171420657 2
0.0524842785854062 0.852721819951834 0.763907473005047 6
0.119143474662286 0.765314033920443 0.444213106990639 2
0.0515126777915271 0.787352531510399 0.390856543360503 2
0.103286678658585 0.781989769567057 0.459211566571655 2
0.0484931063781976 0.542769080110119 0.426847094499611 5
0.0839482720812967 0.783549908034048 0.442040446556936 2
0.0966539182277953 0.613526221294145 0.393639440783065 5
0.108063492198619 0.594758730786737 0.429340212428513 5
0.602513119315857 0.027609055899933 1.05240711111429 3
0.04032241444375 0.76521658354727 0.405651448262663 2
0.563662834497907 -0.00452176468834324 1.01472390636081 3
0.531375431720865 -0.0396537504657641 0.796878419674173 3
0.52115088033203 0.0943110705980849 0.969140401048665 3
0.0580926367677384 0.983783098459901 0.670063342451976 6
0.116003947493332 0.880910555680445 0.707279262725871 6
0.097324939848144 0.748797898905887 0.433671429171953 2
0.0600116938649548 0.966153268003127 0.679553781941227 6
0.0889908317752647 0.531303712594679 0.396563095968261 5
0.0842339587837309 1.02438212646561 0.0837656860958522 1
0.574720047856505 0.0821082986059921 0.940380262024449 3
0.35278980788298 0.0369634912842814 0.946134427620565 3
0.563320413057381 0.020521958889662 1.0825550065324 3
0.118478361853159 0.891119288083988 0.784420751427188 6
0.547632926202007 0.130923752938286 0.95090017373607 3
0.0787279560529663 0.744903451071883 0.429884238428366 2
0.0105008192399341 0.905230013961907 0.823742625651546 6
0.790988416790338 0.451230709713263 0.767397599823368 4
0.136523381063618 0.83815781049197 0.336945229910365 2
0.591625776232414 0.0330033273138404 0.945534531779316 3
-0.00837214338467372 0.904606443885298 0.807577690131819 6
0.0185041017718707 0.867877942066249 0.796079957601431 6
0.0777102141179319 0.773927939136585 0.436890265137816 2
0.024811894066323 0.862729271027605 0.766852989856671 6
-0.0567885439761016 0.92389027422973 0.67581147423323 6
0.0720852582157955 0.886740488881502 0.817256888782389 6
0.531691896960892 0.00862013892804059 0.803110817498135 3
0.112508469174789 0.692764693761515 0.395858012626298 2
0.536500135564119 0.0427173561209038 0.87174690867367 3
0.711457880911743 0.688251451484604 0.701973516599322 4
0.076783391778725 0.766123223623982 0.421907537815101 2
0.0492830398161148 0.597795241148879 0.429822859188883 5
0.0963737862009062 0.596098000959061 0.412463378565172 5
0.0691155975591101 0.732511339346652 0.448294140871461 2
0.133551806026212 0.888664348102452 0.813404732931242 6
0.608173551833464 0.0461844097315675 0.977445604791472 3
0.427480182155777 0.20686465471069 0.791875260705921 3
0.475300364252646 0.0407257288116887 0.865685768060974 3
0.565815422905304 0.20894758564652 0.825322192514598 3
