0.270864585426852 0.906110673900887 0.820951968071016 4
0.368939115457873 0.801469449391462 0.924503213262294 4
0.322606691140699 0.907959477148734 0.291695032185661 2
0.413704397279916 0.874334839915776 0.442119596970861 2
0.386906220522029 0.837995048091687 0.381242148319819 2
0.19320317147498 0.583429910797889 0.877733480018186 1
0.408607337815727 0.886885271695072 0.326466433833421 2
0.39205968545201 0.823998370839119 0.417976232529958 2
0.347077808300356 0.968384474300639 0.883867973092564 4
0.653835697872308 0.849805540526323 0.354394854672255 3
0.313143042265325 0.923849417336144 1.01012993706781 4
0.690748211544706 0.944759677423399 0.402372028009568 3
0.311957902625769 0.744548986785427 0.965777003484687 4
0.30674867861727 0.831370935452652 0.885358951867965 4
0.410744631960884 0.79518671570738 0.912198399910931 4
0.675565279742063 0.900653411102319 0.319975700270558 3
0.433562131778891 0.816332271639259 0.925160204745569 4
0.116915888886002 0.56771888420951 0.839361295392994 1
0.333608921156918 0.89742097770926 0.873171828967648 4
0.335626083593241 0.854880701942578 0.313145577345328 2
0.0725329272481888 0.485964337914378 0.788766932854783 1
0.219878727510816 0.816498768580318 0.388040679954434 2
0.431554136031711 0.854562356330732 0.777640927209663 4
0.710146600832921 0.853782540518567 0.253281713934441 3
0.35957230898645 0.886975757729572 0.288881420904239 2
0.399198952603809 0.846977839326598 0.845098090585059 4
0.552570870241615 0.882324612598917 0.363544287326474 3
0.568234711549608 0.80925512430156 0.418262290281552 3
0.340411353479784 0.915992785939 0.320700509090809 2
0.21520773219407 0.712933631251105 0.93226470314265 1
0.481038369518796 0.850711322704936 0.802188332149853 4
0.395465404252368 0.970481105783472 0.368913950167669 2
0.378139465107178 0.885991107034123 0.82945431935659 4
0.372622563851106 0.906579988568874 0.305960560777089 2
0.333976311190653 0.828764951753727 0.85271444385527 4
0.315419774579799 0.822086579410188 0.828601413317583 4
0.365401144040983 0.965411396198532 0.880270922779825 4
0.355017197371598 0.777775932512882 0.414965420578599 2
0.429014700056072 0.762488553504195 0.8242574249398 4
0.305248570877032 0.952796554597584 0.759968256908917 4
0.325648275225576 0.938597958651468 0.28477102699845 2
0.669887951699063 0.783836302436825 0.374879381808249 3
0.311780660211934 0.926836800211366 0.926905756388457 4
0.584092810204636 0.87094900989335 0.835962197838261 4
0.471985332043138 0.855163612597006 0.939472349658266 4
0.360528851719089 0.851165820947863 0.333226253375613 2
0.281577825402576 0.967909986730847 0.952734024136981 4
0.396198752479141 0.835166709056265 1.01956629601809 4
0.0852292569822834 0.62164022472503 0.875391157838897 1
0.740978930165511 0.791777182198172 0.395338048686839 3
0.531853187797649 0.969692948557542 0.348463655033978 3
0.361017008121846 0.874958126196206 0.39543968930617 2
0.394838176983701 0.793026434897487 0.978899347576028 4
0.658642012863265 0.853114994966621 0.328956860509416 3
0.137330337354922 0.639108650219759 0.852058307235463 1
0.401477510268925 0.849156373568087 0.355066306308018 2
0.428302943042157 0.846333485292508 0.410351860807669 2
0.0575413415430612 0.499086120291001 0.870634271159968 1
0.688646129716877 0.897265207472988 0.391179703928993 3
0.422285376361252 0.947475264255917 0.903361099375361 4
0.401101431773409 0.951020324358641 0.845185967409884 4
0.373181175785485 0.81319875124262 1.0323963350301 4
0.316959178794935 0.991673316779824 0.409995580398606 2
0.454826028683641 0.93210470399174 0.8590135854781 4
0.652424338132674 0.837797560050619 0.378553416545566 3
0.437501980936429 0.8345028930804 0.404722931465676 2
0.350115905349761 0.858625006955268 0.878403417332315 4
0.417844906123187 0.791393985810679 0.900421012595327 4
0.418457082330965 0.96081910910004 0.820406464384787 4
0.433109950136901 1.00276159411934 0.783523761463989 4
0.185914629348462 0.742052874529996 0.893671692200948 1
0.303880111544966 0.907175517506186 0.320632917181558 2
0.148206882137529 0.840513644101256 0.846826963420609 4
0.356248627709764 0.785676344775828 0.843169526414101 4
0.54038701151191 0.848142033210322 0.339434755984346 3
0.312968591673316 0.983458611448921 1.05714205322376 4
-0.0373835927598824 0.711882087050503 0.931499111089417 1
0.3917710484032 0.814613724620194 0.501325155564273 2
0.59638265011767 0.782416643209867 0.384350223337974 3
0.0787238743280379 0.557421475963748 0.829444714422564 1
0.170930611653453 0.592304032192396 0.876043001941526 1
0.213422759825165 0.56508523383797 0.867891638119029 1
0.397338629418048 0.78609483656134 0.957607587191367 4
0.32205142694289 0.901797391651873 0.361334111456832 2
0.63550346540081 0.799459238473839 0.413069829773147 3
0.447892062117489 0.838168432619036 0.424678361737619 2
0.633618135902994 0.960948824212748 0.431576773319132 3
0.499536857735808 0.903545716116828 0.388621000768074 3
0.338560333598093 0.952541257314202 0.89851371118233 4
0.416677733116332 0.888152004516312 0.825581412581082 4
0.484920343604081 0.784991545582622 0.982791037215286 4
0.640972565892902 0.877346772078111 0.351241945767999 3
0.383026344009969 0.769502235967661 0.979121187703353 4
0.408877201068914 0.835042455958966 0.509823836869481 2
0.34128462204631 0.809910803083176 0.852303591988803 4
0.361083036074984 0.923254203071997 0.304600511721239 2
0.417415566718083 0.823254280135809 0.863614774899151 4
0.164440207943804 0.605235216198706 0.88636014313521 1
0.357970495251854 0.884306959738916 0.461139728768389 2
0.425971770849704 0.804462213884612 0.350169774163387 2
0.383366865216645 0.867067613121709 0.994427998310087 4
0.312699773885832 0.840080871181655 0.789079210566269 4
0.213004713609963 0.613180003327098 0.972532032429435 1
0.341846808389642 0.82540219512759 0.3431491733332 2
0.381602043374227 0.869643550458169 0.856025401937183 4
0.460393151785232 0.8278593248043 0.85752383592762 4
0.347080896852113 0.826294268677767 0.861568352823486 4
0.611223039777783 0.906480852109683 0.291785905923144 3
0.369839044467713 0.885074065948549 0.400626357554768 2
0.474404683414571 0.954732014862225 0.835539245961893 4
0.380155691244993 0.914277359129351 0.840365100712274 4
0.468963481002 0.875051816020443 0.883525474855414 4
0.365913311116257 0.876230600314413 0.875971278158547 4
0.261144627070528 0.866627347538873 0.910005751599714 4
0.342149305805238 0.852982373287207 0.89129172129953 4
0.598673526187618 0.799905253467416 0.381460062663025 3
0.381188493811058 0.909500060501082 0.429709903625595 2
0.393264657319543 0.910393889410989 0.393515764936854 2
0.365394196534841 0.863771103043377 1.07478407977389 4
0.0738269352551183 0.62733392740361 1.07298907317066 1
0.441435985809542 0.895019342805195 0.809536312698934 4
0.678451641636939 0.973319963267111 0.300613742433727 3
0.481816074198332 0.76235969378447 0.367964079312443 2
0.485925551927267 0.921124311283357 0.321904563939287 2
0.41072175266354 0.875594460598231 0.353417284353432 2
0.313790019336572 0.872813506281864 0.856674006000984 4
0.317652100077453 0.832799059643865 0.705151074766003 4
0.335741692934631 0.778174752629709 0.991092939730194 4
0.414369727000369 0.974507153956594 0.426401971812975 2
0.390183991546012 0.940715853515489 0.358339550381231 2
0.137837406596254 0.771313989336377 0.835973580360079 1
0.446406886176531 0.778593979122107 0.765590903581686 4
0.0290653326888099 0.583086860821299 0.96703376344448 1
0.532074589728346 0.928254238879026 0.338569441658242 3
0.320389472247094 0.924976575211886 0.826437159592173 4
0.684299430804507 0.87051951382752 0.328248370648488 3
0.574612350415441 0.925727161709733 0.34050355653684 3
0.393006357726335 0.933618204295634 0.467477110176293 2
0.372767312185232 0.894733034019848 0.356493391402713 2
0.279380941785979 0.899621142196603 0.319945590872061 2
0.486741637818617 0.806885666366914 0.389753734823843 2
0.197264900961933 0.698100331455115 0.807401395745461 1
0.596582761245306 0.877693918661504 0.338373673983194 3
0.304441717253048 1.00594047527413 0.9260532540463 4
0.322507802322028 0.830017021331234 0.418469518448761 2
0.380996150509668 0.841986777604717 0.919582797780043 4
0.200005745682699 0.535901199792954 0.73185188435854 1
0.376064158930538 0.829287421684394 0.900624911064348 4
0.436153290766156 0.811215645051441 1.05374062108138 4
0.691491297849521 0.82476480818681 0.398730300337829 3
0.396307270235539 0.824131586570815 0.392055199705082 2
0.228597718160934 0.62612612043579 0.86018262373298 1
0.141502325586536 0.60322315389798 0.81036580435688 1
0.426252397410512 0.860431321627964 0.438180480925019 2
0.601545768331279 0.971229220374283 0.415964159674393 3
0.312679850013396 0.887466406369142 0.283930534603774 2
0.354571976837427 0.89802493439823 0.32965674429435 2
0.360934779564566 0.876070290817958 0.94614463929741 4
0.59263878375311 0.838257771237288 0.353017297498767 3
0.245422045912615 0.965797184686655 0.888441149412465 4
0.388755024223437 0.836817482398595 0.295393063790552 2
-0.0110224167942265 0.547977777361088 0.82943544209242 1
0.352513095638754 0.801751619272094 0.392984092589866 2
0.0856890731184303 0.681520447643685 0.832490191285381 1
0.0368784799454592 0.672364082149749 0.782406053519077 1
0.432917098652867 0.908438839555793 0.487886979178463 2
0.343063088466682 0.880376390513909 0.935900654532046 4
0.15077969507677 0.593445861807752 0.84977438665293 1
0.426040550182773 0.946502815206062 0.873526881045674 4
0.369444333743653 0.912241328185744 0.341144149420843 2
0.67022934846446 0.927793187441512 0.369558308290784 3
0.32019504651214 0.78201052213075 0.904609767639483 4
0.288305271952286 0.59595498379552 0.980839088037021 1
0.408027777022735 0.871555539883634 0.878425415571175 4
0.587820030207482 0.907169533960457 0.357489046446034 3
0.434152670044905 0.882433210252979 0.411632344726714 2
0.562834904561149 0.882313118646035 0.437526272889991 3
0.355204178816466 0.906570121355334 0.859809446199431 4
0.402286008742555 0.84990201595768 0.35534473429943 2
0.291364217517246 0.916067687744621 1.04950050071092 4
0.0948917141219244 0.696202863682107 0.965988815348612 1
0.395160014304451 0.876479156533866 0.835578632997662 4
0.422492811371399 0.919618847637596 0.444897588149841 2
0.615515083022804 0.930623758200111 0.363501334654361 3
0.312751073785213 0.865782506307188 0.3974358668653 2
0.339724406562202 0.809449250155245 0.806210584668821 4
0.630732894542425 0.90175736498427 0.445187447477393 3
0.325526700113342 0.820050081368039 0.378815552257973 2
0.172641087927143 0.605534367150432 0.726451967565947 1
0.430760993680289 0.850918652751559 0.944167677904604 4
0.619955295349616 0.856244978500638 0.392993315848605 3
0.344739660698843 0.982480174351746 0.840413469394016 4
0.346440897565934 0.865242971054142 0.853338921168344 4
0.431707193179768 0.881990127394165 0.399421920885236 2
0.364166179368041 0.837777933352301 0.392175652211448 2
0.375377657941827 0.828885979253843 0.896344521559228 4
0.386449511312241 0.820277430826703 0.347753138889219 2
0.503527323407132 0.873770495943579 0.957361747295228 4
0.393634909242086 0.851795697033528 0.793841750282495 4
0.336769913759558 0.928106339171223 0.947642725761802 4
