0.628811603321457 0.916994032863 0.668417349486043 2
0.171521038382187 0.340834592325548 0.389782950454952 3
0.223291090373901 0.23730684164775 0.417118546539323 3
0.614664179976258 0.892208297504815 0.614503343570047 2
0.608073349278247 0.784301864142083 0.573877220216139 2
0.0632555208072123 0.415238876155958 0.361601992423245 3
0.0454454968471503 0.394990516158933 0.358670129347194 3
0.0972138375775635 0.113124917733428 0.653268606633774 4
0.120079404872617 0.338354950761906 0.410896144654112 3
0.723132395828783 0.810588070259769 0.650646060892694 2
0.161383582235869 0.0896101167474127 0.631720723313103 4
0.615218852505764 0.847530213056195 0.696141471764664 2
0.327384074061148 0.605822848400762 0.873733000405028 1
0.139025140706775 0.349131513717896 0.459413319181639 3
0.601967831817041 0.940430943712245 0.557066232482107 2
0.13921571619258 0.412690632786546 0.38113533991661 3
0.646282099067346 0.821751528522562 0.614600007955922 2
0.629197853564014 0.974744401769387 0.578431984280453 2
0.026656731740137 0.455487963284241 0.36818334253711 3
0.792529711800093 0.775704794828721 0.513542375884982 2
0.0853333392219904 0.414575920418637 0.409596711699974 3
0.189516844313153 0.441431294718444 0.41773114348641 3
0.185377923785393 0.326735608365947 0.387981456627686 3
0.579182156237662 1.02734610587165 0.643125852186578 2
0.584927486080827 0.951808767182713 0.678297936502058 2
0.109346785234435 0.097532593517736 0.639228315791992 4
0.136487378324519 0.38796184863814 0.424166667277859 3
0.328347163491232 0.727501020366961 0.945583436960382 1
0.64855594771845 0.930257801095318 0.64043463177355 2
0.0375905313436446 0.446495894956077 0.347460558514716 3
0.100291034046997 0.367077032063613 0.40174334632751 3
0.121342345386049 0.156724195229349 0.498891799369141 4
0.421200225451505 0.632005465133164 0.898220358848402 1
0.609204376228243 0.814261222238061 0.626916124686194 2
0.146403056146383 0.32346297345207 0.409357703449086 3
0.118665084723089 0.403735444422434 0.469191779640852 3
0.187004056592557 0.320594016931374 0.383220403532292 3
0.667455399653035 0.880745869718095 0.50669768330737 2
0.67692930214266 0.823289460478236 0.541584675273761 2
0.583242757546322 0.910515491523645 0.509867950682638 2
0.107497981674007 0.135283108621807 0.61095370198907 4
0.113066482804145 0.4141442907094 0.358627179235232 3
0.550216331162825 0.837516330984811 0.465956118144423 2
0.149570763460203 0.0924029153978658 0.663069741265092 4
0.582082462758137 0.810165539538687 0.632278644653172 2
0.0786721994798957 0.41630638910216 0.363962711871981 3
0.751192910662802 0.848157735312183 0.533539679971724 2
0.133886417693496 0.396409378078414 0.460229417331664 3
0.159884832837817 0.436461225746626 0.252448799392726 3
0.624066000531305 0.757901403489346 0.759805365036296 2
0.708141591487066 0.86071855641672 0.659480859704396 2
0.194997626506302 0.145739642530966 0.679576592162678 4
0.121716900190865 0.328242434595509 0.413209058965261 3
0.508812588971046 0.602130748534042 0.937949658481606 1
0.18311981205541 0.390544820656559 0.332893504704245 3
0.199915970662003 0.00160474185760792 0.609877646493989 4
0.503496213012216 0.85930199541282 0.662263131647795 2
0.731411509642875 0.788628295607387 0.538826496193585 2
0.138465046839354 0.409950043988147 0.362008415276061 3
0.187367099202908 0.332176949725861 0.373309785898144 3
0.728055275566181 0.953837205900463 0.553724085299963 2
0.632396395822804 0.844568931640957 0.623761583375153 2
0.643747602057281 0.854111186618659 0.774212798850298 2
0.431930721498295 0.567156961694827 0.936766268205788 1
0.219404174621645 0.371557800181258 0.345078250081226 3
0.218094875041994 0.387475176834908 0.215488103137871 3
0.363872072822848 0.709243886397417 0.81278231369943 1
0.145180298444655 0.345663510240832 0.346601606798242 3
0.0542858973418386 0.463277341686258 0.356124321821541 3
0.517838867879347 0.886135135362346 0.581974983194872 2
0.162494125671088 0.419671428998156 0.310810602405126 3
0.134381471157412 0.433501751063542 0.359731204778834 3
0.0772186017415184 0.184745306252482 0.627871716588248 4
0.162764948971226 0.229481359406102 0.562821861071965 4
0.644800172005902 0.96023680763114 0.602455236613334 2
0.592040187876975 1.02998426594498 0.743531242745223 2
0.0406461008299009 0.451052393986148 0.419231065158866 3
0.188666323355055 0.345286155072704 0.388485132698093 3
0.687480901787045 0.825840799117156 0.526311618363361 2
0.0297447036684177 0.10129414311154 0.712145489157797 4
0.664061561543359 0.853882321691286 0.709958285690112 2
0.61943243690915 0.780950615684656 0.699291983588022 2
0.629892901783212 0.901957438468748 0.591041228288459 2
0.10574367610781 0.0593764113524385 0.665380498751844 4
0.128650891612861 0.382629919032829 0.390964000482584 3
0.153508321008761 0.402939031950926 0.441902793750741 3
0.65591538667188 0.888637208707386 0.655024931836262 2
0.104668040772105 0.399176307943722 0.321103172197885 3
0.100869768839717 0.372925305192779 0.434022429479176 3
0.182327671064546 0.158916298282551 0.55982859155408 4
0.316821720943254 0.467279323880187 0.774654952904066 1
0.115010047237009 0.331420709977331 0.307717093645411 3
0.564593380566502 0.812603687831203 0.710205256317394 2
0.0835157062507448 0.10967550502534 0.565948064655105 4
0.563356906702105 0.858321163041765 0.658171907908646 2
0.000514218042174622 0.444165618837604 0.366176301290349 3
0.469733513201998 0.797538645178081 0.775697705842719 2
0.341459521003391 0.591781734017906 0.772059164978764 1
0.11317815083047 0.399166664738634 0.373110672456272 3
0.56203026209234 0.875639099015297 0.60337055317327 2
0.0744079083378097 0.0325360888125511 0.708179545010257 4
0.326520888692044 0.600193824185967 0.9947300429687 1
0.0809027174207981 0.387877127381777 0.32934097306485 3
0.632129708780593 0.852688000482569 0.64996265487579 2
0.111849352833748 0.375910627004728 0.392089807950889 3
0.178339551701097 0.100469827549201 0.639760057383736 4
0.551257329725847 0.805377572113331 0.669639146682471 2
0.115322979696053 0.432914872105815 0.448168982283057 3
0.15167444016334 0.0471549074401207 0.582182372722876 4
0.399183602535662 0.762826868145716 0.678502445802381 2
0.604809640720059 0.742829461946663 0.617251579227801 2
0.20624836994599 0.306978599623003 0.278539566075634 3
0.189110317720006 0.048147266587449 0.600269174470308 4
0.188976619087517 0.384623777331558 0.406684684578375 3
0.683179015812514 0.847028445506439 0.647945637915199 2
0.555207442877078 0.894322013061196 0.620366531598956 2
-0.00906451452967871 0.424273465751884 0.412651218351951 3
0.258523797810697 0.0530880559911125 0.664345792939931 4
0.601751746887431 0.830057020721752 0.678522181136353 2
0.161199712137541 0.199705007574436 0.715797290912033 4
0.664059352134464 0.83516346682709 0.675901686769195 2
0.690767406321606 0.843096061236363 0.582074675064468 2
0.611686120369287 0.871359605807499 0.800133910631039 2
0.654933255367192 0.844823647007724 0.588856951485348 2
0.594829607441773 0.817965844992455 0.684328745914909 2
0.0386621326387378 0.42687547111931 0.382489526314199 3
0.509317049737305 0.909527224453597 0.500287861441643 2
0.659959621592217 1.01201609525861 0.517376387801767 2
0.212336682215501 0.347494789538369 0.39936276473236 3
0.122635262486858 0.398578675101182 0.393068997609493 3
0.457870361987874 0.693937635538091 0.946036346244019 1
0.471390720288913 0.975302584347156 0.792713082204664 2
0.648846197499071 0.932373919118565 0.5203368977278 2
0.110764872789227 0.0731198871429735 0.601922958684854 4
0.17211726484385 0.133894492607757 0.725734038304888 4
0.554144715679008 0.890020253913197 0.635413845375919 2
0.574844315407646 0.938985700536589 0.619876601605459 2
0.0712170417484724 0.401505619354024 0.300939873271599 3
0.125099894196401 0.429957849691824 0.266051445596067 3
0.0916684044144355 0.34641346003855 0.276201533575113 3
0.744793720697155 0.954124108818889 0.609440856736194 2
0.199117501082488 0.467090131773926 0.367296796076281 3
0.108664151289364 0.388750370723676 0.405584808173749 3
0.583679333125218 0.926858031083384 0.645529604061596 2
0.174485537521203 0.446847794999152 0.469057039496267 3
0.652893593326867 0.861680410050752 0.678186358753614 2
0.626588563923713 0.901076675226284 0.698799222957689 2
0.57985653306009 0.975515279209299 0.59700394105044 2
0.0760427944050322 0.404696552788455 0.44061325104828 3
0.0858118528760256 0.400464641771292 0.34869453993405 3
0.149523054596892 0.0699166463953409 0.586194604764295 4
0.495887166421816 0.833144355910416 0.609649005059518 2
0.188224684512396 0.289031362588272 0.456994985580612 3
0.605208124315932 0.883961323474844 0.679481921357456 2
0.207702413880542 0.545929865147267 0.840223722922571 1
0.53563878084098 0.754203202644166 0.561087137506528 2
0.49887794265418 0.932476004033612 0.586323110279106 2
0.783056407934964 0.891994556420324 0.588412254582296 2
0.23821401109624 0.402237416522342 0.41473133391248 3
0.607025341569378 0.90992751333836 0.633664559072785 2
0.42641512499364 0.725589823285873 0.804024424457569 1
0.132135734642791 0.40417701719264 0.404581627469414 3
0.124150484863521 0.430634146223322 0.375153388689553 3
0.562457895116139 0.927675275168427 0.559135606860615 2
0.204949290037258 0.38212617572835 0.329034577067844 3
0.60721897867604 0.904034597947274 0.792277788540472 2
0.273347083232136 0.63387409775851 0.818431291493387 1
0.0746205532305168 0.415755361074032 0.317208038016588 3
0.0696147228732975 0.364715830652998 0.28688053302861 3
0.107440062515335 0.321100341732749 0.333263865791788 3
0.0643513135176046 0.0558004860384156 0.549372823498867 4
0.11062952232139 0.392257198160479 0.354695861172901 3
0.684264046055979 0.839768293525735 0.592865945302615 2
0.0528422000196491 0.250194940867548 0.476835567592863 3
0.125583399714179 0.132876143995416 0.615915650202636 4
0.587587732052904 0.787087466917323 0.689026944300042 2
0.105058910366685 0.376249068887419 0.425434229161482 3
0.216704997447284 0.37466468234722 0.343496212948151 3
0.795380368790933 0.866880495592112 0.53915836744194 2
0.35982515724086 0.471873768674024 0.879960958401253 1
0.570649196766274 0.931789108328127 0.586832428052943 2
0.125609314139795 0.366907020162504 0.398552378131781 3
0.593664456689849 0.904043255545267 0.61675159095993 2
0.631639474729589 0.713557415834614 0.536536185587939 2
0.149035672625166 0.393426883795703 0.292104851690903 3
0.693939114324525 0.880419747877577 0.582136146772929 2
0.59834305108949 0.809532252500681 0.661440207420573 2
0.2044801477272 0.140790422287338 0.631380684516219 4
0.570318285435438 0.890924094260146 0.559859423462818 2
0.570338043746124 0.780461396653087 0.687395942317365 2
0.0948149537232099 0.263692301314249 0.382518587269408 3
0.109640443239369 0.153312754579868 0.729406441073587 4
0.199569106849904 0.364285698139706 0.301217163588809 3
0.581451293951091 0.829100473021331 0.704653319247321 2
0.103374990909849 0.423159044290624 0.429969194252333 3
0.0337134456860616 0.408620233448521 0.413768806889267 3
0.208270925628837 0.39309819934448 0.341022295889919 3
0.357636518440357 0.764821333321793 0.879582354194097 1
-0.0343643275868656 0.354504641267548 0.347781573407041 3
0.0832682667225447 0.399037693143234 0.376863073615792 3
0.680925572676817 0.977139840669847 0.719229513446471 2
0.128757807408512 0.334768105772856 0.357658763529899 3
0.622426198713717 0.88599558870193 0.618981976553324 2
0.0905391291937809 0.397966267222367 0.39897985263998 3
0.0285394359584457 0.381544785907286 0.418214275206327 3
0.185355915162961 0.112524055002405 0.604887292449447 4
0.561998524063077 0.83210877559337 0.639896487750462 2
0.603813629346086 0.68928947391273 0.679195838003657 2
0.0830638407413076 0.479188541614047 0.276680970113737 3
0.719331270991289 0.796127272239852 0.590508558025146 2
0.0777816522885663 0.489060478535499 0.403764411884338 3
0.0307218052529234 0.399636724795896 0.455250896818722 3
0.262646219927798 0.302093473463229 0.36033568997612 3
0.717952397283613 0.958189732413186 0.446797870360761 2
0.0870277329390434 0.360591539557544 0.31844615264646 3
0.222769227467603 0.127133294871527 0.601042853838748 4
