0.420241298143691 0.392436795250412 0.201242227340527 3
0.36975750838587 0.150380734107583 0.53540781314069 1
0.407198337633148 0.489286222742214 0.0687205277476917 3
0.356144945678908 0.319103984716125 0.143802196939607 3
0.318315631223132 0.361072144144973 0.212707132778041 3
0.101745384868168 1.17155310898528 0.767459233633765 4
0.398590456727467 0.425659888111955 0.228762605303537 3
0.244677118005286 0.333059539821611 0.231351644122332 3
0.593131688321508 0.36861699069625 0.0912144079808356 3
0.355449498845257 0.357420200954329 0.202191866100856 3
0.412206373522076 0.393395235291591 0.108802185319267 3
0.124743560794533 1.27770480007109 1.04971456502113 4
-0.00446487624931685 0.969438392611563 0.925987753332457 4
0.708013829950034 0.405692148556916 0.384512826660386 2
0.268514750807556 0.356870066380797 0.21366801020578 3
0.582392303602852 0.356360730444405 0.397323532021272 2
0.303120834155237 0.333179140527516 0.10393604955075 3
0.300460250297086 0.342524636294368 0.175361442042943 3
0.631616110452646 0.448783615975523 0.430406520397159 2
0.392555467371439 0.441747726958167 0.173650330444687 3
0.494132788668673 0.328362834341633 0.201466257662607 3
0.147734106041154 0.798115248465857 0.787794679454437 4
0.0359452980782993 0.91526181179452 0.973502920817285 4
0.59573145334285 0.407901760105153 0.30264978657889 2
0.363114179717532 0.2905857118763 0.034502375915013 3
0.168033061895592 0.838678432771303 1.32209205269285 4
0.344441038995366 0.447277647229517 0.160995404180397 3
0.231131421126329 0.934557179853895 1.02721486041335 4
0.664358542477411 0.349089124227905 0.396228802494061 2
0.306685514031242 0.446888726064786 0.104067882732 3
0.483882036773534 0.195116166544751 0.396283170468182 1
0.115296638873126 0.998460645738278 1.2319324830992 4
0.268696552724738 0.392902881637267 0.155929878497059 3
0.0712484281462068 0.845406128461346 0.730337513179818 4
0.419187199315973 0.223243515844674 0.2740083306355 1
0.0887990888167595 0.641124931520381 0.973360731607344 4
0.1532657140743 0.73054968564431 0.942973800604404 4
0.419743694043083 0.363993523311287 0.218962811249524 3
0.580086741076154 0.425549795317669 0.284787449822825 2
0.686524635328212 0.252460088980695 0.473275754286108 2
0.443810851962969 0.317302636833758 -0.0087719903830025 3
-0.0700008772275887 0.811455372291649 0.748238497352167 4
0.315141838979185 0.098486667653658 0.408201245136843 1
0.0324053864975455 1.27526237928888 0.983734510655684 4
0.48140894401655 0.269430312116821 0.179443246459274 3
0.175319899371216 1.00751772113063 1.0184528660738 4
0.370692274728872 0.00940604551094142 0.337713735026412 1
0.402154171997621 0.196369808557501 0.361984666104975 1
0.179482056937273 0.729951424717047 0.804372573889548 4
0.405213321596848 0.367745280959417 0.202522833986492 3
0.414315643275267 0.385169641169417 0.0863070463735936 3
-0.00419363347434604 0.797393061972748 0.899720389006771 4
0.496672108734179 0.48057168457848 0.282044859064277 3
0.147559756932203 0.967463407179576 0.785129387212574 4
0.381468001061901 0.366470808970769 0.0648240112732225 3
0.300552394342367 0.946095425861822 0.921065935682358 4
0.0727607684625629 0.953994711533226 1.00498030081472 4
0.25751564042302 0.477376204662435 0.0685542354823541 3
0.718269974725438 0.397395036610546 0.423052904135095 2
0.38453366537893 0.256105762387806 0.187547201742657 3
0.348044341017842 0.414060826702348 0.160459064689605 3
0.0483535341137193 0.840875266844626 0.651446487337148 4
0.1312841789588 0.609309613641262 0.822649842273326 4
0.278113361801743 0.17606437886025 0.346502038740743 1
0.29688276957063 0.41168029818876 0.137889068113409 3
-0.0176587964500636 0.581193143987275 0.853412422260412 4
0.400784661584016 0.32531157334221 0.152159169794533 3
-0.0204761457486484 0.873355947645414 1.07715909943205 4
0.228113447389018 1.10438035892521 0.634119486055422 4
0.529378402200951 0.367118225760916 0.397423528560532 2
0.678823972191283 0.4290662856345 0.421012696821999 2
0.139594798530283 0.871141697173115 0.63464042226135 4
0.466611786806161 0.338026417274809 0.0799176275954066 3
0.273668942433911 0.333673173732296 0.0617139603007261 3
0.390315078875415 0.350974114182344 0.0991358690500651 3
0.326244938953026 0.11504753369155 0.366709837413517 1
0.635945189606041 0.300525519252635 0.385675986047686 2
0.455593684003728 1.08983083730889 0.388227589736494 4
0.42807996343118 0.219137585221919 0.201024636952062 3
0.309102492365067 0.0768954329843984 0.283986465254317 1
0.329627150921191 0.376770241351185 0.192393971376617 3
0.0638747724824307 0.951829207526088 1.02553382363174 4
0.0899097376845973 0.97486387609383 0.943633787513087 4
0.128703694202661 1.02674307215123 0.769011507439986 4
0.22897082737466 0.23612528141196 0.168574443591713 3
0.309537975711407 0.413481145672517 0.136167363195966 3
0.0172178411660818 0.898387948136692 0.929974619183238 4
0.699836518588762 0.290295090816723 0.385474741723254 2
0.265766169813655 0.839575169735434 0.770883037436263 4
0.123557262972514 0.53697252590897 0.775030230469812 4
0.164218599354002 0.739195663394269 0.925144863985265 4
0.658122418424557 0.420900617184712 0.442922395393369 2
-0.0095152218994411 1.12439075749969 0.95056564228697 4
0.303264376139144 0.42383953625687 0.0778054983352218 3
-0.235294715357977 0.929950355385337 0.781977103659302 4
0.427715820422449 0.360764812451822 0.107895760850679 3
0.295237350374889 1.23078649384491 0.968691794178865 4
0.627623142113071 0.391656267582437 0.404543614177617 2
0.59881656212039 0.374578340665284 0.36570383310751 2
0.0432934741658944 0.689984649204571 0.867460531500979 4
0.491022874967147 0.522034680637633 0.127215757989871 3
0.160479006175407 1.06901951395741 0.806973453047226 4
0.31393740651174 0.36827785065731 0.174668005609231 3
0.18465256696703 1.02626194259647 0.890182486540982 4
0.00252178759824344 0.569685099092038 0.91183556636826 4
0.604084725674422 0.348790130707457 0.418471432071035 2
-0.170382517663774 0.971154705505808 0.763855062420634 4
0.567487760204694 0.295524683281424 0.222087325036123 2
0.209939799530194 1.04397447782929 0.792494319691461 4
0.294659899196677 0.513927339423824 0.812540542330675 4
0.168275996397099 0.881309771789533 0.649128422412153 4
-0.325549673759167 0.566103223413178 1.06452132705476 4
0.690580748540826 0.368956316350906 0.456639075709743 2
0.248165972922012 0.233107623955262 0.407444927979486 1
0.25436990128716 0.776385971465611 0.791415100365587 4
-0.203746816934899 1.14365264613195 0.41166370183972 4
0.336804220987286 0.416751697801564 0.0881260107054212 3
0.111820223078765 0.785182829203191 0.785862795958901 4
0.68591003614502 0.341982924067911 0.266956664957895 2
0.0953290830346957 1.05892788894119 1.00844337170401 4
0.239287127842685 1.18103930448424 0.911140644166289 4
0.717518370164373 0.393023217413287 0.34426833538277 2
0.381428839792201 1.08955335381388 1.23381824892503 4
0.286847134432469 0.374114548342904 0.00465989358137411 3
0.516953261907332 0.395543640813874 0.250650651516775 2
0.540910501377106 0.49095961711373 0.106636441772678 3
0.116729532326622 1.01117132609982 0.974953284208948 4
0.233467462458176 0.44864898276458 0.164063736477383 3
0.323332446305163 0.318636138041868 0.166544251558071 3
0.431156349200504 0.169609564192607 0.42539880159087 1
-0.0027559222969761 0.742867478384939 0.977493614387341 4
0.402588446497751 0.395043579295606 -0.0555526561749762 3
0.38852417659761 0.980772501162697 1.01818197451903 4
0.735737784716797 0.45084959869843 0.305312378911444 2
0.250485287931079 1.10144677980526 1.04554483050232 4
0.408920368087438 0.422088472929325 0.184385658248422 3
0.38366663757656 0.123099868380323 0.347845022977298 1
0.595241482968456 0.301337617479031 0.307089653429595 2
0.18599310869387 1.09734953116179 0.756141543743131 4
0.0321986309850503 0.700563093387276 0.593331610309332 4
0.316187365179655 0.421562302879791 0.123297376244536 3
0.291988374714567 0.254345525278546 0.154214970572658 3
0.0511164315879135 0.617083000676505 1.01082837862917 4
0.43223287378042 0.422101664827158 0.108335704129397 3
0.482378556158284 0.511730797862953 0.121101133141649 3
0.328068312888068 0.43573523742766 0.167133563478758 3
0.415325197268867 0.049876316791482 0.313812579261546 1
0.13046011433684 1.04762926849412 1.07384524590138 4
0.694976627451098 0.45348224751966 0.405910774205067 2
0.338503446122549 0.339218499125321 0.135108423406537 3
0.343656269033699 0.341272839745535 0.237387560652661 3
0.16209706167607 0.751271188650692 0.897284164235856 4
0.049260543605437 0.881031452554425 0.66314923102021 4
0.286008088854742 0.334271500502295 0.151131249549744 3
-0.394529247110365 1.06932116088148 0.834905472487345 4
0.377756096271507 0.348381616689583 0.118547668729329 3
0.467706360443969 0.471046145013505 0.134873502142195 3
0.536231482583429 0.401057615542177 0.42535597890724 2
0.364227351823168 0.44519101902246 0.197925830115022 3
0.275482823672753 0.465795813498803 0.151487971252103 3
0.395915936156272 0.880999354616365 0.724776890400144 4
0.0848982588579505 0.860842932131579 0.598008283514915 4
0.407865611733761 0.152054153579799 0.28459726826046 1
0.451324095365562 0.25119372511842 0.456116923096671 1
0.180181601763463 1.01801046253107 0.737994545608092 4
0.226153201578831 0.91594546066729 0.828157746217636 4
0.151113823432673 0.945132828627995 0.64192776367311 4
0.234218431644699 0.950220306830695 0.814411270287864 4
0.646171065279585 0.422207785862376 0.384974837461701 2
0.389833945178366 0.403789369818491 0.118835906769099 3
0.376768017646317 0.334463437884555 0.125520485641195 3
0.318566413168397 0.364494854423634 0.179163995897125 3
0.457830108614084 0.367911264472134 0.34388103742932 2
0.628681019895857 0.299666546008149 0.473383424175247 2
0.0626054727054033 1.1410050103908 0.720915960219473 4
0.331549605632663 0.143531120622845 0.315657426284977 1
0.00362677661366828 0.993752194431391 1.00551777965801 4
0.295833532343821 1.09113775233814 0.782423076783256 4
0.100658100192508 1.03789877993349 0.783061443553234 4
0.372739726005389 0.404650778757901 0.0200264552762884 3
0.351938503927413 0.417501818381805 0.119375224486798 3
-0.00449967066963536 1.17635053169863 1.15921710965778 4
0.697523431109742 0.486397482576439 0.374548311318823 2
0.189026264733216 0.265011795218995 -0.0413863000242934 3
0.392880944289568 0.425537615049391 0.0539065375446297 3
0.690396579227335 0.510910024456253 0.21891692257897 2
0.546318880502588 0.236190988098898 0.12974664516027 3
0.474122048770092 0.402254064112821 0.0663385148915135 3
0.308508102989566 0.376395763776497 0.215753749883901 3
0.385084254898885 0.247876459400576 0.118682394502456 3
0.481081132587927 0.385072607824151 0.0806328963896896 3
0.361535930046286 0.2221608643821 0.150631681106456 3
0.29836679468804 0.428382987170445 0.0540714538554756 3
0.420941811587921 0.451779249299534 0.0321900015538417 3
0.261505199868992 0.449224262862263 0.124508881560551 3
0.494836477654355 0.522080780720878 0.712823237068308 4
0.382179527214421 0.374387440289364 0.130555013682377 3
-0.277466052222559 1.04924653382803 0.80407047560421 4
0.675310647003379 0.447483848434957 0.322198348240508 2
0.347128208160428 0.377886140911566 0.156699101293231 3
-0.162781438356079 0.833499936008714 0.913422922912389 4
0.325542080876748 0.33038347687601 0.14881877493405 3
0.230041957552787 0.417116541749889 0.103134755400523 3
0.302297165065911 0.469945164145722 0.050748632282441 3
0.0432745629065159 0.894845429244308 0.433166267649333 4
0.281207486104645 0.435705205962773 0.236434116060785 3
