0.626130535305353 0.656495067688398 0.861690458618903 3
0.67803018908876 0.538503611838566 0.912399002901656 3
0.850022734172731 0.601022721923445 0.0923682879348516 1
0.927777500440502 0.608450126615754 0.204000842684114 1
0.937322949586627 0.609759218897751 0.149934767268184 1
0.833957597954353 0.646085362382185 0.118862315751256 1
0.379858029392665 0.178798639053358 0.543006993362959 2
0.59649207916019 0.553162429233957 0.652766627681023 4
0.654044106318447 0.712460787019396 0.839999520449389 3
0.648715023230486 0.619186380275754 0.895488972063751 3
0.722006521187024 0.400865196372181 0.0576954885382287 1
0.409435581376407 0.159477924611669 0.355326609186283 2
0.993611831622284 0.514113729393261 0.26638184472506 1
0.538299942254618 0.669426679147916 0.844213619030927 3
0.573487409913194 0.599341659142934 0.939359735920827 3
0.630252843121048 0.68999238480481 0.843210308306281 3
0.95212177416571 0.536493589339064 0.0533121268792951 1
0.995170599240878 0.638470466672566 0.106078942965781 1
1.15280315588888 0.7136441167679 0.163076453656253 1
0.720246651881187 0.614242152158801 0.831465396976326 3
0.769508977957163 0.761833698921017 0.0100511281157559 1
0.719545149511249 0.550200728242879 0.0661164610990446 1
0.295395768164561 0.13513788723757 0.396216618326295 2
0.641471787305899 0.631592491126356 0.610467980876967 4
0.673648377785426 0.563523352580433 0.82039709153459 3
0.538608138345557 0.582355486946726 0.585333162700121 4
0.908389078972873 0.502876552085323 0.366355712548933 1
0.392861676977936 0.129187455455452 0.285284990081338 2
0.884571181309826 0.660721988326535 0.115712390002458 1
0.583814423419014 0.520299017655606 0.875619401117103 3
0.344618593022127 0.280724924152748 0.418251706834721 2
0.70151956012546 0.584394608152196 0.222904291291588 1
0.553872209269745 0.596312706748311 0.582599907465698 4
0.410624537085874 0.114291174733201 0.43004179978153 2
0.91056923851283 0.745705843468714 0.0444834178287612 1
0.921953067918933 0.706186890906689 0.165876237477429 1
0.430560479849174 0.22361052182736 0.291021839630061 2
0.58937025457358 0.688730139564509 0.920684470664997 3
1.04213251995817 0.534289264349195 0.0218223581434092 1
0.296746678189161 0.222825039954718 0.170522208034433 2
0.640464495171274 0.649294117919352 0.595558919129937 4
0.678683092513019 0.641230659888696 0.556972972014412 4
0.440935509559858 0.127193177684111 0.35563168843356 2
0.518644459646672 0.171915466264322 0.452369350109396 2
0.605928220598165 0.539366518399263 0.595623346434998 4
0.713550837930418 0.652326478576225 0.244385014439154 1
0.721611784728349 0.659525791740562 0.857038574806425 3
0.877918815722881 0.663876018220039 0.180584088876079 1
0.895922556580001 0.699198925411846 0.143018420536093 1
0.613880143473598 0.616166972837594 0.885720447022398 3
0.622166867392838 0.555462129319677 0.617190013010854 4
0.806818442198511 0.678915276887708 0.132472637744384 1
0.753811857415214 0.542477225048144 0.905919131935113 3
0.785096345915694 0.643182172896284 0.139824582082675 1
0.592255667958327 0.694141186219568 0.670817704659405 4
0.397714353496888 0.184026519420286 0.365014360719936 2
0.368565583957216 0.14777499850195 0.328781707877844 2
0.977106542251341 0.700627826554915 0.121824343527678 1
0.487871738354558 0.250225964779401 0.354936252863946 2
0.637126606550199 0.618248040945071 0.875256017456678 3
0.681607585688856 0.621364557694158 0.893097791603506 3
0.750038392093869 0.589624152830796 0.634704165299222 4
0.834355756698585 0.495964933117331 0.0934319733170279 1
0.319627177937498 0.106710409008973 0.352571849912927 2
0.783775483386202 0.604952587759542 0.196619644826883 1
0.627428224932621 0.651422670955713 0.811251087071247 3
0.802377852628633 0.618415989806596 0.15425702042031 1
0.443989702058597 0.132176017384432 0.239202193107767 2
1.0129130934504 0.682801446908955 0.166346650333924 1
0.62904703658521 0.658113894243777 0.821838721615518 3
0.574167216871934 0.643420697959432 0.578371505626237 4
0.911076195028713 0.687860987126082 -0.00885964434683462 1
1.00807443070535 0.455444206273779 0.170621437559146 1
0.649072220568097 0.650045516093713 0.894040352165636 3
0.325858553276303 0.0817586847426987 0.350991359663831 2
0.775818431610611 0.575468800457975 0.166578803061556 1
0.611128045469171 0.658960826753157 0.614248059517488 4
0.713344927426451 0.0810537643203142 0.353894217589489 2
0.623282396484795 0.665890931350391 0.897820188793583 3
0.4389179918836 -0.117134122885379 0.570849510513602 2
0.884727112783095 0.631925405190721 0.129780751589819 1
0.555000980665313 0.614551928974517 0.56160177256112 4
0.873874471960475 0.634241940676322 0.163753819910606 1
0.770699828472139 0.62551805768352 0.0632703544034909 1
0.556919003140658 0.623483804534131 0.631920185429833 4
0.623944064885372 0.596635057034278 0.952937831284803 3
0.631640844720412 0.689346912198829 0.696185748012712 4
0.37168584040941 0.249291649641677 0.272040075729507 2
0.899193106718476 0.516884812291171 0.113120597046654 1
0.695263230025529 0.553394526757829 0.850946774766404 3
0.810928195239696 0.726800507201227 0.13869090858842 1
0.472105619404825 0.170856656169926 0.354354666181275 2
0.436728506487009 0.205829287677099 0.463817592286867 2
0.42944942260771 0.269051926356011 0.160962080818775 2
0.638951410660805 0.00909332747535579 0.456132071053212 2
0.91576542569818 0.561167574667907 0.0599481217743613 1
0.541276879366254 0.667160961044211 0.603919062556212 4
0.428041915266845 0.129039787503061 0.430992701367019 2
0.657675890131985 0.641180357805085 0.76736230871734 3
0.216123189956114 0.140729198636953 0.373886663284824 2
0.592292526158982 0.651003852322616 0.838247036199178 3
0.89358584906411 0.573747445200712 0.147155417532466 1
0.650938836287318 0.600689168012339 0.666465699368002 4
0.8061332142578 0.67491441376134 0.0754734855373272 1
0.605787536882299 0.655181183395269 0.884657486783566 3
0.906479815440485 0.620824037651006 -0.0237493832189134 1
0.722249073614372 0.600199515819592 0.64330719298865 4
0.802230736296015 0.62006703415383 0.122343148092754 1
0.592767436031342 0.632022550363633 0.858242826686819 3
0.64078937752304 0.580648524415905 0.590138620895493 4
0.664785564724591 0.600472923645205 0.599210957825497 4
0.69550820464627 0.581017247818864 0.140176547580352 1
0.655520582185737 0.660847274026638 0.938354901795567 3
0.498955235966729 -0.0166057542494894 0.328017214865009 2
0.567944027103452 0.634458628967742 0.635377775756594 4
0.906891546092576 0.582390531943283 0.328242681666047 1
0.63742013989265 0.650498235701652 0.7006946395969 4
0.696223079275609 0.702973887914149 0.0294547980518229 1
0.579254409414377 0.677922449111978 0.641585417951335 4
0.599775079379775 0.566740819023557 0.841112896885607 3
0.742816187969992 0.60957385437532 0.00877997393714533 1
0.826207373968556 0.54413182038258 0.148938549019402 1
0.603881903749068 0.605954370971214 0.882045664375124 3
0.40281627857914 0.199663821773959 0.389677677645253 2
0.172664901820761 0.206177279951275 0.344198934944704 2
0.934614789029689 0.584079392678152 0.177354765673384 1
0.657229703775523 0.635658590385185 0.623192909884104 4
0.809471301414868 0.496234683260229 0.168914614608033 1
0.48733990893877 0.144721456905821 0.477042960771966 2
0.696764382594252 0.618316182720316 0.896393411421922 3
0.926816163103355 0.664789157041757 0.215099137065656 1
0.419552021362014 0.240669611073935 0.412864420453808 2
0.676210516450095 0.673200062939054 0.909404367814996 3
0.662482452047318 0.661075852047296 0.90379288678829 3
0.406821041204908 0.129601188076425 0.381488697559814 2
0.138731687785869 0.126383270279054 0.538116183069964 2
0.261795450138318 0.264570714406665 0.516122188795712 2
0.355445406303338 0.180816489057675 0.335722867303744 2
0.576576278195248 0.582871077327615 0.619659486849694 4
0.618786393098148 0.674448755666582 0.614098052184907 4
0.839510046243472 0.628618588190589 0.0923546125636737 1
0.784447283858976 0.601721064915896 0.12267081932742 1
1.00606502019701 0.66111361406769 0.159278717189751 1
0.387023460520024 0.0902727490686093 0.530732502688516 2
0.687095586851085 0.621475869693644 0.904587524524655 3
0.624969227337185 0.579998019424395 0.827496031857053 3
0.616733171241081 0.622742880810985 0.647719803485016 4
0.915879935324793 0.670722275504156 0.167454796877003 1
0.642455452725321 0.651226191092982 0.881647947618083 3
0.59851669678431 0.619857182747227 0.910326578125387 3
0.622338377329715 0.633231635585492 0.634665411438947 4
0.670818351285861 0.592338861118186 0.646399250178017 4
0.633087382481267 0.641098333646598 0.628360780198078 4
0.614401922622871 0.61466622001443 0.938710908275611 3
0.646826118015438 0.6225647949554 0.87255311788114 3
0.296688200897111 0.202316056772086 0.454930675010432 2
0.321228025671257 0.0189014971837582 0.392842263106362 2
0.688274761159104 0.678274878707881 0.858097733288179 3
0.609247976066812 0.671752265491753 0.974339804940941 3
0.424397039213374 0.196322424086653 0.373531337505418 2
1.08769672229057 0.542596591687136 0.149234671814812 1
0.632898597675674 0.675609404317358 0.941336810061329 3
0.678440384835965 0.573520331645538 0.630756463013149 4
0.831344715683012 0.641683393507346 0.0434130405240344 1
0.928017777388778 0.746351917002324 -0.000240330000669559 1
0.636400530529131 0.548556508051152 0.862169371796085 3
0.520322679181427 0.636410405186571 0.617347396795926 4
0.707352791619492 0.797061864599701 0.181454236801731 1
0.644379551786448 0.67498327547677 0.881686994760104 3
0.604653043275329 0.566704762667671 0.870141470195506 3
0.219779300445727 0.337186306242466 0.383865088123168 2
0.547617760348428 0.621079241083438 0.85143079602235 3
0.59644531171919 0.632118762164062 0.94592438800028 3
0.969956124420201 0.670635550873507 0.20508631028056 1
0.408100105060663 0.142071940409524 0.272098634337643 2
0.679291841490371 0.641282108157318 0.735896397634361 3
0.595794948058058 0.595232835646963 0.751889628401042 4
0.659880458801171 0.641946407147476 0.889414291375187 3
0.569246558986703 0.648372352386811 0.618148677927596 4
0.254213032442264 0.292992334940777 0.326926621029824 2
0.236024637471081 0.288641041068187 0.387540482730737 2
0.510364530312893 0.0604512010836997 0.29345893720149 2
0.296070586292407 -0.0419759198782743 0.423495173491257 2
0.634247308225092 0.612182104867959 0.926249033837434 3
1.06488642859129 0.579576163958478 0.113698811094912 1
0.406774982078358 0.104652552098376 0.314394336463542 2
0.617877046212318 0.615906008047502 0.796764245029606 3
0.333809568466818 0.0968808512156394 0.251525808499973 2
0.818080559422936 0.873620614265929 0.0639318477320464 1
0.811101429036216 0.465619110591789 0.187455560930266 1
1.0221574980957 0.716951518617164 0.141684840751627 1
0.685701030794738 0.634574050653737 0.670711831053351 4
0.794173337708495 0.713213190586482 0.122453621382352 1
0.826709272108437 0.640171545683552 0.134723387731766 1
0.772442666319587 0.64518822228075 -0.0565789941348392 1
0.880594633720155 0.680011705510007 0.0849889057058019 1
0.269993362890551 -0.0221670258779029 0.590270508769891 2
0.515065314573467 0.590972607960132 0.607543933120421 4
1.03028823802767 0.617295220126011 0.45866838172379 1
0.629192340796411 0.663366931766042 0.592034436295083 4
0.72339977273288 0.639309816961809 0.140722465810684 1
0.621915520611264 0.663405436308338 0.852052110331159 3
0.915999347099171 0.647831840798238 -0.0174190744881118 1
0.514743414215149 0.0456848331240087 0.467967536447157 2
0.627649918979802 0.660175449842337 0.867432817829878 3
0.552820526554474 0.605420470813133 0.595906777562349 4
0.508051750513771 0.0311191673824846 0.344233869461098 2
0.404526084022394 0.270477978717075 0.371963941087083 2
0.691623912531938 0.657105199267571 0.656869593036569 4
0.84194309162565 0.553161684878271 0.0230585515712987 1
