0.208203421492624 0.106418611293745 0.627731382866578 3
0.850074069137755 0.881748334157695 0.838311618419213 2
0.887567592114724 0.822393006746624 0.594019808092619 4
0.943052951699309 0.834134302437979 0.798844221779298 2
0.301763283458845 0.0557319523313878 0.862022629584639 1
0.234199713642706 0.144393232480237 0.754002602943566 1
0.188638231925317 0.11032368544544 0.629019019448277 3
0.166288826799472 0.0570569526762906 0.652819691387798 3
0.0979132973837236 0.129812650948052 0.631073586876147 3
0.811178356777883 0.877011104960724 0.896501712547595 2
0.85534003058981 0.901533955074446 0.570807716598403 4
0.08343839898681 0.0601143694101892 0.617988887906418 3
0.77863256961598 0.88714674151727 0.618336869952563 4
0.781176301484276 0.995867341505449 0.881570659984777 2
0.441369972588971 0.169598560604387 0.755675031128662 1
0.406266618780948 0.222291015065635 0.878649418992889 1
0.87744318955274 0.888334814960836 0.590790944756687 4
0.819434330769039 0.905740091382858 0.911577336194579 2
0.816173203944511 0.812289619332325 0.809579321852957 2
0.830298738241189 0.950962047173941 0.912686452540009 2
0.913197944002527 0.914888382072105 0.682372993659594 4
0.164244915658052 0.0446772801084181 0.549666975302429 3
0.865045656697241 0.910625031855491 0.912801128177719 2
0.0727827696636333 0.0947890993196631 0.716528721501683 3
0.886582042854713 0.869196923345391 0.935959780237075 2
0.278089714375793 0.0406350346849457 0.709160275020036 1
0.0295498306809426 0.0817565785240649 0.692919809648653 3
0.826234280323366 0.832762240298597 0.587822217072446 4
-0.00767669285351644 0.156644784093211 0.551823808156031 3
0.855721142782029 0.86282206615994 0.599068193510115 4
0.949871863212146 0.800287694136369 0.61445018718942 4
0.818389343273049 0.91091590066147 0.879857234758163 2
0.901557810662355 0.876410755988619 0.834298667756584 2
0.849210174175467 0.837547504920196 0.879416763496702 2
0.863914111186308 0.888572391533862 0.591336791750688 4
0.925205235653286 0.830841483771075 0.511549822521019 4
0.28923684630121 0.0996066717712881 0.879728543881018 1
0.799608880592214 0.889062074584766 0.584690926024286 4
0.822429128747408 0.900075544218484 0.62538046369616 4
0.893431847481592 0.880603376382766 0.629779468734115 4
0.34375610155494 0.172992618230322 0.865678277370101 1
0.928400030421473 0.906024394981062 0.898708135236349 2
0.140649108405423 0.0679354187922547 0.677044183819505 3
0.920406768950458 0.856672408604185 0.669963372099197 4
0.858650082233694 0.891991859679662 0.792701062776074 2
0.86401773781975 0.849277438546244 0.925255153515966 2
0.833410981379411 0.883959847154212 0.58326567261198 4
0.89229078462687 0.897295449457364 0.89774927139913 2
0.320524605854646 0.0556681640976988 0.821913552239365 1
0.020561354193519 0.120814875765618 0.583298294030899 3
0.884595980411707 0.891642475104793 0.596552404573513 4
0.335034218584682 -0.00243645497856154 0.759325127983011 1
0.131746044097097 0.050505502268431 0.631624948917742 3
0.868313284036285 0.902930078394212 0.821034208682989 2
0.890074880880825 0.934142949640568 0.87543416856757 2
0.094817128366704 0.0848450254404534 0.606701850923324 3
0.853644027305952 0.882318777997785 0.592017002161448 4
0.879775592534562 0.933593248026295 0.892907014758888 2
0.426898719939418 0.137552183920413 0.881496347019578 1
0.21050416886788 0.109273815415261 0.697592528054193 3
0.913131657618867 0.835331683333153 0.619089893379166 4
0.892890838735793 0.83158770872152 0.578697005079909 4
0.220073223514891 0.230296928832732 0.689996814585323 3
0.832206571762959 0.968989774380167 0.860071189502307 2
0.976721474344348 0.823450280948639 0.63257901208584 4
0.926582333344964 0.872892012043475 0.662016176238389 4
0.898032947839874 0.942767677969153 0.666130650001134 4
0.103700651971971 0.206685240289698 0.639668928688218 3
0.839280510847412 0.908279092251825 0.95328891104231 2
0.136936666250498 0.18775146678876 0.539498804102544 3
0.425179521607123 0.115737296125312 0.857412701319155 1
0.883867555241673 0.881163302305038 0.843153198463848 2
0.859358905112941 0.906065168667596 0.62452010747383 4
0.120381480359483 0.0979120922080878 0.668480167615705 3
-0.0427722601921223 0.111817753878196 0.631011598395258 3
0.423712707096363 0.133148452056643 0.910661348963241 1
0.335852394085537 0.0918674272629792 0.868359726384771 1
0.91456817284533 0.866905078273355 0.599588826384162 4
0.830229595608038 0.867471689800365 0.636011760208495 4
0.937861294903843 0.952023239935682 0.963420489134456 2
0.836671501625521 0.863125659552872 0.891642249404573 2
0.269618196526562 0.231012688485938 0.854045732322375 1
0.961740068579401 0.897821978633436 0.623735313972062 4
0.847694295169915 0.885234382156293 0.893796688324827 2
0.783464482607284 0.877150107444076 0.647565994187135 4
0.165237052093522 0.0272840156658767 0.58589366292861 3
0.890342370243624 0.828405475608802 0.602732006985648 4
0.0499886914473204 0.0852147979011839 0.49282412537532 3
0.124913962204341 0.147884120654919 0.629717971581773 3
0.854286495166106 0.800906210518443 0.905698402268793 2
0.882697049055136 0.916584954050621 0.893414797025868 2
0.88878111523626 0.893505932810871 0.657403684346664 4
0.938613728972902 0.856247766544879 0.578990606533598 4
0.487484909114186 0.0266917263442797 0.862919834809065 1
0.42599451307283 0.145933807287024 0.842977919489483 1
0.243041335423035 0.195725996120812 0.576799521138974 3
0.907408909893726 0.879662697468972 0.819827223761616 2
0.905321861240574 0.902276409303961 0.559924535268148 4
0.894735088465507 0.87439520687128 0.591924126763302 4
0.147195385135945 0.12716669512521 0.631738122845864 3
0.171420120479543 0.121045890814752 0.625035234446495 3
0.91733493763233 0.845699368328926 0.929539383604634 2
0.871972905553217 0.888277117705127 0.9041977450698 2
0.161406391187408 0.165313000222568 0.513929566790662 3
0.853702316584465 0.821913501770021 0.597628418369129 4
0.426789257713403 0.0827115082709675 0.810956297473507 1
0.048304379690142 0.0741587465483206 0.590786187043168 3
0.0497553420952781 0.102689904754136 0.653812292370687 3
0.863829923920761 0.912859672898906 0.641704586503959 4
0.344865224856361 0.115904493402526 0.973002715472116 1
0.486289397821207 0.138004848236071 0.822347257988897 1
0.874375871759853 0.821011685451452 0.960895045317825 2
0.90252825929992 0.841355687392609 0.6061474454899 4
0.934281763292412 0.941251098058293 0.605650362933031 4
-0.0266322562972512 0.0930167777920522 0.568758520420082 3
0.840071976523042 0.822289302526034 0.868946633452754 2
0.916601253750003 0.832120287244173 0.930000048086839 2
0.380690725735671 0.0236126026841028 0.855342949657995 1
0.846853434608571 0.84590101955899 0.632808232059002 4
0.353024851713322 0.131841864448473 0.856034067848368 1
0.161358915573319 0.00165074115303113 0.541772877428383 3
0.842888893098408 0.922988578905173 0.883668309197841 2
0.828173496697341 0.85131061389723 0.920011201989269 2
0.083781614343749 0.172267900405038 0.639156348464104 3
0.331217195461898 0.184742853320576 0.839511541028032 1
0.823789646563103 0.907417664585261 0.626631907163693 4
0.881887720641922 0.922464918061289 0.841871979840354 2
0.938302508196981 0.939869669854436 0.618856405310352 4
0.192113339219386 0.154398418361752 0.609342552934447 3
0.0473348213175472 0.131069825845827 0.534791151768284 3
0.128820849957137 0.133904307832038 0.589432519771758 3
0.848943214982979 0.897468634980687 0.932667074278311 2
0.902412396822903 0.927739986500957 0.792040899649276 2
0.0343852332688604 0.0343540814626356 0.646325047402283 3
0.849217786485605 0.90065953776137 0.692328473768177 4
0.884948200989489 0.880779599455064 0.830229364976784 2
0.8832841840454 0.864559301857298 0.950687817193315 2
0.865578978784342 0.896682292372724 0.590466845686719 4
0.904631398491766 0.856356950614841 0.644044843318386 4
0.016122002687081 0.188498634354431 0.747167876253092 3
0.146056436736502 0.171352088168365 0.574540580094734 3
0.450066748273885 0.086914041479057 0.828665331077925 1
0.795533974603276 0.81574131439105 0.656958046035868 4
0.427436927359838 0.118739654535596 0.818874596475839 1
0.899273465112334 0.824654104538014 0.5738021335192 4
0.881454875816818 0.895308446019117 0.83126070731556 2
0.117897947912771 0.10919303915959 0.592126429689107 3
0.872237343131454 0.859232976559062 0.517896836462909 4
0.87764991769522 0.936872804394145 0.555740818306302 4
0.879252940924535 0.88382883211745 0.549986341864204 4
0.48058203816003 0.162055113278326 0.780655346451606 1
0.822666989079064 0.853092430048369 0.628303382658202 4
0.840133618254252 0.843708783277168 0.858031281253913 2
0.990945509437191 0.946624137593032 0.63226611125789 4
0.498178987662779 0.0828178772512535 0.892064123007233 1
0.18731738681451 0.0589784043488167 0.667977524859702 3
0.8276281318372 0.888069863673726 0.873004388930655 2
0.260991460654539 0.155989426657787 0.599771473897228 3
0.867192876677475 0.931778175745357 0.626230100443026 4
0.292606964396589 0.107418087198004 0.792855155955338 1
0.896588835756169 0.916601728370247 0.828140281508334 2
0.878901276364981 0.884288260836062 0.804449398478093 2
0.892391571083577 0.847774918915255 0.610481951365191 4
0.859609307316326 0.847781949938724 0.664811478133703 4
0.91562648132225 0.941759253170225 0.616003056946288 4
0.86922353784628 0.875025124550452 0.815412851171672 2
0.896441557941195 0.842151323197158 0.842075199036051 2
0.855567275246117 0.90107870756843 0.599830570835207 4
0.804024489498055 0.855038140046195 0.83824889808958 2
0.89102917597211 0.890172093742684 0.603577642040854 4
0.00665728351502423 0.157533549610679 0.679550602044437 3
0.353208370906103 0.114329453148333 0.977868009413956 1
0.97451856649295 0.909737099873125 0.584522716657968 4
0.503079520948162 0.0187814189575715 0.854393214408738 1
0.825048877510945 0.928751637601355 0.897547650975084 2
0.0765208172296809 0.130053931914755 0.670721311521727 3
0.933305877101607 0.866319429709037 0.878274730428373 2
0.876806746937467 0.836276979371435 0.989303680609884 2
0.157420363073125 0.101634878181271 0.581124915114538 3
0.408984503318124 0.0957474653762413 0.77675254561195 1
0.458423743707536 0.296757795960341 0.838261713906327 1
0.888005966441194 0.900580546860504 0.92111687896018 2
0.866836190788001 0.939757871937565 0.834984715931926 2
0.20312569321294 0.0142639017268783 0.64310834954545 3
1.01064886554179 0.857677682011705 0.567957057823682 4
0.871065266071704 0.910775203290517 0.629742790892291 4
0.348296531376447 0.0755126500833147 0.886315985235056 1
0.866238732150186 0.858179139079088 0.596458585133135 4
0.443470027841211 0.0299899285366043 0.88966125880948 1
0.881069483836218 0.894266927153004 0.775349454608744 2
0.830004876257643 0.89796575593093 0.911229073167672 2
0.890264669289523 0.922329492675898 0.564019900047815 4
0.0220409563817454 0.166621900973068 0.530608732315678 3
0.901285272202307 0.858884003122731 0.620583855986465 4
0.0274791558858516 0.0749440486189649 0.588145109298817 3
0.823129180891511 0.846705412984776 0.608237178795546 4
0.891579470479902 0.802656509250702 0.844849503692401 2
0.145788768953263 0.0696155963566232 0.614302457724504 3
0.776053088828975 0.8471772592438 0.603365419148225 4
0.322391737695623 0.0658485682214953 0.90747250974049 1
0.828161280315657 0.888304862870152 0.638641646067554 4
0.254991910582321 0.0599124596154306 0.942038283123151 1
0.100088555936897 0.0707675924709174 0.687439109597833 3
0.431668500837577 0.0562260800765611 0.877945374620805 1
0.00456049983616483 0.104740953944488 0.598297449318825 3
0.886057588055425 0.823426041698008 0.846080630147412 2
0.882372572385886 0.850958559116895 0.873218404901236 2
0.814058893490608 0.807128782490722 0.61580288612263 4
0.900213356759801 0.85850123669179 0.563372395985761 4
0.903749478439482 0.913944330180122 0.587362398125203 4
0.0554624455760992 0.0482933773793119 0.551882067082672 3
0.952067465883187 0.866984436039207 0.680126673931358 4
0.951512506052669 0.851455914512138 0.655407635118875 4
0.339513782361424 0.153588836115697 0.912261465926267 1
0.428095249965041 0.176608315853798 0.941655900065828 1
